0 0.5067708333333333 0.48703703703703705 0.5119791666666667 0.49722222222222223 0.5125 0.5138888888888888 0.4791666666666667 0.5546296296296296 0.47239583333333335 0.55 0.4708333333333333 0.5342592592592592 0.49895833333333334 0.48518518518518516 0.5036458333333333 0.4842592592592593 0.50625 0.48703703703703705
0 0.5348958333333333 0.3333333333333333 0.5588541666666667 0.35555555555555557 0.56875 0.35555555555555557 0.5770833333333333 0.36574074074074076 0.5755208333333334 0.387037037037037 0.5671875 0.3972222222222222 0.5598958333333334 0.3925925925925926 0.5541666666666667 0.3824074074074074 0.5255208333333333 0.3509259259259259 0.5265625 0.33796296296296297 0.5296875 0.3333333333333333 0.534375 0.3333333333333333
0 0.5994791666666667 0.7800925925925926 0.021875 0.0824074074074074
0 0.4265625 0 0.44427083333333334 0 0.47708333333333336 0.05740740740740741 0.5 0.10092592592592593 0.4979166666666667 0.11018518518518519 0.4947916666666667 0.11203703703703703 0.49114583333333334 0.10925925925925926 0.4270833333333333 0.000925925925925926
0 0.5927083333333333 0.5472222222222223 0.5963541666666666 0.5537037037037037 0.615625 0.5555555555555556 0.6171875 0.5657407407407408 0.6145833333333334 0.5712962962962963 0.5953125 0.5712962962962963 0.590625 0.5777777777777777 0.5838541666666667 0.5712962962962963 0.5822916666666667 0.5592592592592592 0.5859375 0.5472222222222223 0.5921875 0.5472222222222223
0 0.3828125 0.1388888888888889 0.3859375 0.14351851851851852 0.38645833333333335 0.1537037037037037 0.3770833333333333 0.3351851851851852 0.3770833333333333 0.3490740740740741 0.3802083333333333 0.36203703703703705 0.37604166666666666 0.3712962962962963 0.3645833333333333 0.3685185185185185 0.3625 0.36018518518518516 0.36666666666666664 0.3490740740740741 0.36770833333333336 0.3388888888888889 0.37552083333333336 0.14166666666666666 0.378125 0.13796296296296295 0.38229166666666664 0.1388888888888889
0 0.4973958333333333 0.21574074074074073 0.5005208333333333 0.21944444444444444 0.5 0.23333333333333334 0.5020833333333333 0.2490740740740741 0.49947916666666664 0.2564814814814815 0.49375 0.2518518518518518 0.4869791666666667 0.22777777777777777 0.48854166666666665 0.22037037037037038 0.496875 0.21574074074074073
0 0.5921875 0.2324074074074074 0.6005208333333333 0.24166666666666667 0.6020833333333333 0.25277777777777777 0.6057291666666667 0.2601851851851852 0.6479166666666667 0.325 0.6557291666666667 0.3435185185185185 0.6552083333333333 0.35 0.6515625 0.35555555555555557 0.6375 0.3435185185185185 0.628125 0.32592592592592595 0.5953125 0.27685185185185185 0.5828125 0.26851851851851855 0.5796875 0.26296296296296295 0.5791666666666667 0.25555555555555554 0.5822916666666667 0.23981481481481481 0.5880208333333333 0.2324074074074074 0.5916666666666667 0.2324074074074074
2 0.5651041666666666 0.4203703703703704 0.5697916666666667 0.42777777777777776 0.5692708333333333 0.4425925925925926 0.5645833333333333 0.44722222222222224 0.5609375 0.44166666666666665 0.5598958333333334 0.42962962962962964 0.5609375 0.42407407407407405 0.5645833333333333 0.4212962962962963
2 0.3307291666666667 0.5851851851851851 0.33958333333333335 0.5972222222222222 0.3421875 0.6092592592592593 0.3421875 0.6212962962962963 0.3380208333333333 0.6398148148148148 0.32864583333333336 0.6518518518518519 0.32083333333333336 0.6518518518518519 0.3145833333333333 0.6453703703703704 0.3104166666666667 0.6314814814814815 0.3098958333333333 0.6148148148148148 0.31302083333333336 0.6 0.3182291666666667 0.5888888888888889 0.325 0.5842592592592593 0.3302083333333333 0.5851851851851851
2 0.6296875 0.6907407407407408 0.6333333333333333 0.700925925925926 0.6333333333333333 0.7129629629629629 0.63125 0.725 0.6270833333333333 0.7314814814814815 0.6213541666666667 0.725925925925926 0.6197916666666666 0.7046296296296296 0.6213541666666667 0.6953703703703704 0.6244791666666667 0.6898148148148148 0.6291666666666667 0.6907407407407408
2 0.434375 0.26944444444444443 0.44166666666666665 0.2814814814814815 0.44427083333333334 0.29814814814814816 0.44114583333333335 0.3194444444444444 0.434375 0.3277777777777778 0.4276041666666667 0.325 0.4239583333333333 0.3194444444444444 0.4203125 0.30648148148148147 0.4192708333333333 0.2935185185185185 0.4203125 0.2814814814814815 0.425 0.27037037037037037 0.43385416666666665 0.26944444444444443
2 0.35833333333333334 0.8851851851851852 0.3645833333333333 0.8972222222222223 0.3651041666666667 0.9120370370370371 0.36041666666666666 0.9296296296296296 0.35260416666666666 0.9398148148148148 0.3463541666666667 0.937037037037037 0.34375 0.9324074074074075 0.3411458333333333 0.9194444444444444 0.3416666666666667 0.9092592592592592 0.3494791666666667 0.887962962962963 0.3578125 0.8851851851851852
2 0.6072916666666667 0.649074074074074 0.6119791666666666 0.6481481481481481 0.6140625 0.6546296296296297 0.6125 0.6703703703703704 0.6083333333333333 0.6722222222222223 0.6057291666666667 0.6648148148148149 0.6072916666666667 0.65
2 0.5369791666666667 0.600925925925926 0.5416666666666666 0.6092592592592593 0.5421875 0.625 0.5390625 0.637962962962963 0.5338541666666666 0.6435185185185185 0.5296875 0.6416666666666667 0.5265625 0.6351851851851852 0.5255208333333333 0.6175925925925926 0.5302083333333333 0.6018518518518519 0.5364583333333334 0.600925925925926
2 0.6203125 0.4361111111111111 0.6255208333333333 0.44537037037037036 0.6260416666666667 0.462037037037037 0.6239583333333333 0.4740740740740741 0.6197916666666666 0.4787037037037037 0.6135416666666667 0.4638888888888889 0.6151041666666667 0.44074074074074077 0.6197916666666666 0.4361111111111111
2 0.49375 0.375 0.49947916666666664 0.3824074074074074 0.5020833333333333 0.39444444444444443 0.5010416666666667 0.4148148148148148 0.4947916666666667 0.42685185185185187 0.4869791666666667 0.42314814814814816 0.4822916666666667 0.3990740740740741 0.48489583333333336 0.37962962962962965 0.4890625 0.375 0.49322916666666666 0.375
2 0.40989583333333335 0.6351851851851852 0.41354166666666664 0.6407407407407407 0.41302083333333334 0.6509259259259259 0.41041666666666665 0.6555555555555556 0.40677083333333336 0.6546296296296297 0.40520833333333334 0.6481481481481481 0.40572916666666664 0.6388888888888888 0.409375 0.6351851851851852
2 0.48333333333333334 0.825 0.48541666666666666 0.8435185185185186 0.48072916666666665 0.8555555555555555 0.4765625 0.8555555555555555 0.4744791666666667 0.8518518518518519 0.4734375 0.837037037037037 0.478125 0.825 0.4828125 0.825
2 0.4109375 0.8796296296296297 0.41458333333333336 0.8814814814814815 0.41875 0.8898148148148148 0.4203125 0.9111111111111111 0.41458333333333336 0.9342592592592592 0.40677083333333336 0.9444444444444444 0.40208333333333335 0.9444444444444444 0.39739583333333334 0.9398148148148148 0.39427083333333335 0.9296296296296296 0.3932291666666667 0.9175925925925926 0.3984375 0.8925925925925926 0.4046875 0.8824074074074074 0.41041666666666665 0.8796296296296297
2 0.403125 0.5064814814814815 0.4109375 0.5111111111111111 0.4166666666666667 0.5277777777777778 0.4166666666666667 0.5435185185185185 0.41458333333333336 0.5537037037037037 0.41041666666666665 0.562962962962963 0.4046875 0.5675925925925925 0.3984375 0.5657407407407408 0.3932291666666667 0.5564814814814815 0.390625 0.5435185185185185 0.39114583333333336 0.5268518518518519 0.39479166666666665 0.512962962962963 0.39739583333333334 0.5083333333333333 0.40260416666666665 0.5064814814814815
2 0.5885416666666666 0.1425925925925926 0.5911458333333334 0.15 0.590625 0.15833333333333333 0.5885416666666666 0.16203703703703703 0.5864583333333333 0.16203703703703703 0.5838541666666667 0.1537037037037037 0.584375 0.14351851851851852 0.5880208333333333 0.1425925925925926
2 0.5328125 0.6814814814814815 0.5369791666666667 0.6916666666666667 0.5369791666666667 0.7046296296296296 0.5338541666666666 0.7175925925925926 0.5291666666666667 0.7222222222222222 0.525 0.7185185185185186 0.5223958333333333 0.6990740740740741 0.5255208333333333 0.6842592592592592 0.5291666666666667 0.6805555555555556 0.5322916666666667 0.6814814814814815
1 0.6583333333333333 1.0430555555555556 0.08541666666666667 0.08611111111111111
1 0.621875 0.9481481481481482 0.6385416666666667 0.9574074074074074 0.6765625 0.9712962962962963 0.6927083333333334 0.9907407407407407 0.7026041666666667 0.9935185185185185 0.7067708333333333 0.9990740740740741 0.6197916666666666 0.9981481481481481 0.6171875 0.9935185185185185 0.6171875 0.9583333333333334 0.6182291666666667 0.9490740740740741 0.6213541666666667 0.9481481481481482