0 0.5703125 0.18796296296296297 0.5755208333333334 0.1935185185185185 0.5833333333333334 0.21666666666666667 0.5916666666666667 0.2222222222222222 0.6192708333333333 0.25462962962962965 0.6203125 0.26851851851851855 0.6166666666666667 0.2777777777777778 0.6130208333333333 0.28055555555555556 0.6046875 0.2777777777777778 0.571875 0.23981481481481481 0.5625 0.24351851851851852 0.5546875 0.2324074074074074 0.5526041666666667 0.2222222222222222 0.5578125 0.19907407407407407 0.5697916666666667 0.18796296296296297
0 0.5130208333333334 0.7861111111111111 0.5447916666666667 0.8361111111111111 0.5447916666666667 0.8462962962962963 0.5427083333333333 0.8537037037037037 0.5338541666666666 0.8638888888888889 0.5291666666666667 0.8629629629629629 0.5244791666666667 0.8564814814814815 0.5223958333333333 0.8453703703703703 0.5015625 0.8046296296296296 0.503125 0.7888888888888889 0.5083333333333333 0.7851851851851852 0.5125 0.7861111111111111
0 0.5130208333333334 0.18333333333333332 0.5197916666666667 0.19166666666666668 0.5203125 0.20092592592592592 0.5067708333333333 0.24074074074074073 0.5015625 0.2657407407407407 0.4973958333333333 0.2722222222222222 0.49166666666666664 0.2712962962962963 0.48541666666666666 0.26481481481481484 0.4817708333333333 0.25925925925925924 0.48072916666666665 0.24814814814814815 0.4817708333333333 0.24351851851851852 0.49114583333333334 0.23333333333333334 0.5057291666666667 0.18796296296296297 0.509375 0.1824074074074074 0.5125 0.18333333333333332
0 0.4036458333333333 0.09259259259259259 0.41302083333333334 0.09722222222222222 0.4140625 0.10648148148148148 0.3807291666666667 0.3 0.3802083333333333 0.30925925925925923 0.3828125 0.3175925925925926 0.38177083333333334 0.32685185185185184 0.3796875 0.3296296296296296 0.371875 0.3296296296296296 0.365625 0.32592592592592595 0.3619791666666667 0.32222222222222224 0.36041666666666666 0.3138888888888889 0.36770833333333336 0.3 0.39947916666666666 0.10277777777777777 0.4015625 0.09351851851851851 0.403125 0.09351851851851851
0 0.5588541666666667 0.35 0.5619791666666667 0.35462962962962963 0.5625 0.3648148148148148 0.5609375 0.37222222222222223 0.5583333333333333 0.375 0.5526041666666667 0.37407407407407406 0.5416666666666666 0.3638888888888889 0.5421875 0.3527777777777778 0.5583333333333333 0.35
0 0.4114583333333333 0.5648148148148148 0.41770833333333335 0.5648148148148148 0.41770833333333335 0.5731481481481482 0.40625 0.687037037037037 0.40625 0.7185185185185186 0.4036458333333333 0.7222222222222222 0.39427083333333335 0.7185185185185186 0.39791666666666664 0.7018518518518518 0.4114583333333333 0.5657407407407408
0 0.3703125 0.65 0.37447916666666664 0.6537037037037037 0.375 0.6592592592592592 0.3765625 0.7324074074074074 0.38125 0.8046296296296296 0.378125 0.8083333333333333 0.3729166666666667 0.8083333333333333 0.3703125 0.8 0.37083333333333335 0.7648148148148148 0.36770833333333336 0.675 0.36770833333333336 0.6555555555555556 0.3697916666666667 0.6509259259259259
0 0.43125 0.43333333333333335 0.46197916666666666 0.4546296296296296 0.4635416666666667 0.4648148148148148 0.459375 0.4703703703703704 0.42239583333333336 0.4564814814814815 0.4203125 0.45185185185185184 0.42083333333333334 0.4388888888888889 0.4265625 0.4324074074074074 0.43072916666666666 0.43333333333333335
0 0.5994791666666667 0.7157407407407408 0.6057291666666667 0.7240740740740741 0.6161458333333333 0.7509259259259259 0.6291666666666667 0.7712962962962963 0.628125 0.7805555555555556 0.6239583333333333 0.787962962962963 0.6145833333333334 0.7953703703703704 0.6104166666666667 0.7935185185185185 0.6067708333333334 0.7861111111111111 0.6052083333333333 0.7805555555555556 0.60625 0.7722222222222223 0.5911458333333334 0.7305555555555555 0.5927083333333333 0.7203703703703703 0.5989583333333334 0.7157407407407408
1 0.3416666666666667 1.0425925925925925 0.08541666666666667 0.08703703703703704
1 0.37916666666666665 0.9462962962962963 0.38229166666666664 0.95 0.3828125 0.9925925925925926 0.37604166666666666 0.9990740740740741 0.29322916666666665 0.9981481481481481 0.29739583333333336 0.9925925925925926 0.30625 0.9907407407407407 0.3229166666666667 0.9694444444444444 0.3619791666666667 0.9564814814814815 0.37864583333333335 0.9462962962962963
2 0.5875 0.5796296296296296 0.5932291666666667 0.5888888888888889 0.5958333333333333 0.6129629629629629 0.5921875 0.6314814814814815 0.5864583333333333 0.6370370370370371 0.5817708333333333 0.6361111111111111 0.575 0.6277777777777778 0.5713541666666667 0.6138888888888889 0.5708333333333333 0.600925925925926 0.5765625 0.5814814814814815 0.58125 0.5777777777777777 0.5869791666666667 0.5796296296296296
2 0.4901041666666667 0.30277777777777776 0.49270833333333336 0.31666666666666665 0.49114583333333334 0.325 0.4875 0.33055555555555555 0.4822916666666667 0.325 0.48125 0.3111111111111111 0.48541666666666666 0.30185185185185187 0.4895833333333333 0.30277777777777776
2 0.6515625 0.022222222222222223 0.6541666666666667 0.025 0.6552083333333333 0.03425925925925926 0.653125 0.046296296296296294 0.6489583333333333 0.05277777777777778 0.64375 0.05092592592592592 0.6416666666666667 0.03796296296296296 0.6458333333333334 0.025925925925925925 0.6510416666666666 0.022222222222222223
2 0.5583333333333333 0.5564814814814815 0.5630208333333333 0.5657407407407408 0.5645833333333333 0.5824074074074074 0.5625 0.5944444444444444 0.5567708333333333 0.600925925925926 0.5489583333333333 0.5953703703703703 0.5453125 0.5768518518518518 0.55 0.5583333333333333 0.5578125 0.5564814814814815
2 0.59375 0.053703703703703705 0.6010416666666667 0.06296296296296296 0.6020833333333333 0.07685185185185185 0.5984375 0.10092592592592593 0.5895833333333333 0.11574074074074074 0.5833333333333334 0.11481481481481481 0.5786458333333333 0.10740740740740741 0.5765625 0.09722222222222222 0.5765625 0.08425925925925926 0.5822916666666667 0.062037037037037036 0.5880208333333333 0.05462962962962963 0.5932291666666667 0.053703703703703705
2 0.3765625 0.5555555555555556 0.3802083333333333 0.562962962962963 0.3802083333333333 0.5712962962962963 0.3765625 0.5777777777777777 0.3723958333333333 0.5722222222222222 0.3723958333333333 0.5611111111111111 0.37604166666666666 0.5555555555555556
2 0.4588541666666667 0.825 0.46145833333333336 0.8296296296296296 0.46145833333333336 0.8379629629629629 0.4583333333333333 0.8425925925925926 0.4557291666666667 0.837037037037037 0.4557291666666667 0.8277777777777777 0.4583333333333333 0.825
2 0.5578125 0.7703703703703704 0.5635416666666667 0.7805555555555556 0.5671875 0.7972222222222223 0.5661458333333333 0.8157407407407408 0.5598958333333334 0.8277777777777777 0.5515625 0.825925925925926 0.5458333333333333 0.8148148148148148 0.5432291666666667 0.8 0.54375 0.7851851851851852 0.5463541666666667 0.775 0.5520833333333334 0.7694444444444445 0.5572916666666666 0.7703703703703704
2 0.471875 0.5277777777777778 0.47552083333333334 0.5333333333333333 0.478125 0.5518518518518518 0.47604166666666664 0.5694444444444444 0.4708333333333333 0.5768518518518518 0.4661458333333333 0.5768518518518518 0.4625 0.5694444444444444 0.46041666666666664 0.5592592592592592 0.46041666666666664 0.5462962962962963 0.4661458333333333 0.5287037037037037 0.4713541666666667 0.5277777777777778
2 0.540625 0.6666666666666666 0.546875 0.6759259259259259 0.5494791666666666 0.6925925925925925 0.5473958333333333 0.7064814814814815 0.5421875 0.7138888888888889 0.5348958333333333 0.7064814814814815 0.5307291666666667 0.687962962962963 0.5317708333333333 0.675 0.5359375 0.6675925925925926 0.5401041666666667 0.6666666666666666
2 0.4552083333333333 0.6592592592592592 0.459375 0.662962962962963 0.4635416666666667 0.6805555555555556 0.4630208333333333 0.6972222222222222 0.45625 0.7083333333333334 0.4515625 0.7064814814814815 0.4484375 0.700925925925926 0.44583333333333336 0.6851851851851852 0.4484375 0.662962962962963 0.4546875 0.6592592592592592
2 0.4942708333333333 0.7592592592592593 0.49947916666666664 0.7675925925925926 0.503125 0.7851851851851852 0.5015625 0.8009259259259259 0.49583333333333335 0.8111111111111111 0.49114583333333334 0.8101851851851852 0.4875 0.8055555555555556 0.4822916666666667 0.7842592592592592 0.4822916666666667 0.775 0.4859375 0.7620370370370371 0.4895833333333333 0.7583333333333333 0.49375 0.7592592592592593
2 0.47708333333333336 0.26851851851851855 0.48125 0.27870370370370373 0.4817708333333333 0.29259259259259257 0.478125 0.3101851851851852 0.47291666666666665 0.31666666666666665 0.46822916666666664 0.31666666666666665 0.465625 0.31296296296296294 0.4630208333333333 0.3 0.4630208333333333 0.287962962962963 0.46927083333333336 0.26851851851851855 0.4765625 0.26851851851851855
2 0.5390625 0.40185185185185185 0.5427083333333333 0.40370370370370373 0.5458333333333333 0.4101851851851852 0.5473958333333333 0.42962962962962964 0.5442708333333334 0.44351851851851853 0.5385416666666667 0.44907407407407407 0.5322916666666667 0.44722222222222224 0.5270833333333333 0.42962962962962964 0.5291666666666667 0.4101851851851852 0.5328125 0.40370370370370373 0.5385416666666667 0.40185185185185185
2 0.5895833333333333 0.11666666666666667 0.5932291666666667 0.12222222222222222 0.5942708333333333 0.13333333333333333 0.590625 0.15092592592592594 0.5869791666666667 0.15462962962962962 0.5833333333333334 0.1537037037037037 0.5807291666666666 0.14907407407407408 0.5796875 0.13425925925925927 0.5833333333333334 0.12037037037037036 0.5890625 0.11666666666666667