0 0.7 0.21851851851851853 0.7072916666666667 0.23148148148148148 0.7130208333333333 0.2351851851851852 0.715625 0.24259259259259258 0.7151041666666667 0.2574074074074074 0.7067708333333333 0.2657407407407407 0.7020833333333333 0.2638888888888889 0.6994791666666667 0.25833333333333336 0.6979166666666666 0.24259259259259258 0.6927083333333334 0.22777777777777777 0.6942708333333333 0.22037037037037038 0.6994791666666667 0.21851851851851853
0 0.6807291666666667 0.16296296296296298 0.6822916666666666 0.16666666666666666 0.6828125 0.18518518518518517 0.6786458333333333 0.1925925925925926 0.6734375 0.18796296296296297 0.6505208333333333 0.18981481481481483 0.6484375 0.1787037037037037 0.6510416666666666 0.17222222222222222 0.6729166666666667 0.1712962962962963 0.6776041666666667 0.16296296296296298 0.6802083333333333 0.16296296296296298
0 0.7557291666666667 0.4212962962962963 0.7614583333333333 0.425 0.7651041666666667 0.4351851851851852 0.7635416666666667 0.44537037037037036 0.7604166666666666 0.45 0.7151041666666667 0.48333333333333334 0.6994791666666667 0.4898148148148148 0.6791666666666667 0.5083333333333333 0.6541666666666667 0.524074074074074 0.6385416666666667 0.537962962962963 0.6333333333333333 0.5518518518518518 0.6239583333333333 0.5601851851851852 0.6197916666666666 0.5583333333333333 0.6151041666666667 0.55 0.6104166666666667 0.5333333333333333 0.6104166666666667 0.5185185185185185 0.6151041666666667 0.5111111111111111 0.6208333333333333 0.5064814814814815 0.628125 0.5101851851851852 0.6338541666666667 0.5092592592592593 0.7552083333333334 0.4212962962962963
0 0.51875 0.23981481481481481 0.5197916666666667 0.24444444444444444 0.5171875 0.2537037037037037 0.5020833333333333 0.27870370370370373 0.4979166666666667 0.2777777777777778 0.4953125 0.27314814814814814 0.4953125 0.25833333333333336 0.5130208333333334 0.2388888888888889 0.5182291666666666 0.23981481481481481
0 0.4041666666666667 0.5296296296296297 0.4317708333333333 0.55 0.44114583333333335 0.55 0.4473958333333333 0.5574074074074075 0.4484375 0.5666666666666667 0.44583333333333336 0.5861111111111111 0.4395833333333333 0.5962962962962963 0.4354166666666667 0.5962962962962963 0.43072916666666666 0.5916666666666667 0.4239583333333333 0.5787037037037037 0.4005208333333333 0.5638888888888889 0.3932291666666667 0.5555555555555556 0.39114583333333336 0.5425925925925926 0.39375 0.5333333333333333 0.39739583333333334 0.5287037037037037 0.4036458333333333 0.5296296296296297
0 0.5859375 0.2574074074074074 0.5916666666666667 0.2601851851851852 0.59375 0.26481481481481484 0.5958333333333333 0.27314814814814814 0.5958333333333333 0.28425925925925927 0.5890625 0.29814814814814816 0.5848958333333333 0.3425925925925926 0.5822916666666667 0.35 0.5776041666666667 0.3537037037037037 0.5723958333333333 0.35185185185185186 0.5697916666666667 0.34444444444444444 0.5708333333333333 0.32592592592592595 0.5760416666666667 0.2935185185185185 0.571875 0.2833333333333333 0.5713541666666667 0.2740740740740741 0.5770833333333333 0.2601851851851852 0.5854166666666667 0.2574074074074074
0 0.30416666666666664 0.4425925925925926 0.30885416666666665 0.44907407407407407 0.30885416666666665 0.4638888888888889 0.2994791666666667 0.5722222222222222 0.3020833333333333 0.6 0.30104166666666665 0.6055555555555555 0.296875 0.6101851851851852 0.2864583333333333 0.6074074074074074 0.284375 0.5972222222222222 0.2890625 0.5787037037037037 0.290625 0.5638888888888889 0.2989583333333333 0.4537037037037037 0.30052083333333335 0.4444444444444444 0.30364583333333334 0.4425925925925926
0 0.375 0.11944444444444445 0.3796875 0.125 0.3796875 0.13240740740740742 0.371875 0.14074074074074075 0.3385416666666667 0.20277777777777778 0.33125 0.2111111111111111 0.328125 0.2064814814814815 0.328125 0.2 0.3307291666666667 0.1925925925925926 0.35625 0.1537037037037037 0.3692708333333333 0.12962962962962962 0.371875 0.11944444444444445 0.37447916666666664 0.11944444444444445
0 0.3692708333333333 0.28703703703703703 0.37552083333333336 0.2953703703703704 0.384375 0.3351851851851852 0.38385416666666666 0.34629629629629627 0.37864583333333335 0.3537037037037037 0.37083333333333335 0.35555555555555557 0.3645833333333333 0.3453703703703704 0.3651041666666667 0.32314814814814813 0.3619791666666667 0.3 0.36302083333333335 0.29259259259259257 0.36875 0.287962962962963
0 0.56875 0.4046296296296296 0.5739583333333333 0.41388888888888886 0.6197916666666666 0.41759259259259257 0.6229166666666667 0.4212962962962963 0.6234375 0.4305555555555556 0.6197916666666666 0.4398148148148148 0.5807291666666666 0.4361111111111111 0.5723958333333333 0.43796296296296294 0.5677083333333334 0.4425925925925926 0.5635416666666667 0.44166666666666665 0.5619791666666667 0.42592592592592593 0.5640625 0.40555555555555556 0.5682291666666667 0.4046296296296296
0 0.44583333333333336 0.17962962962962964 0.4479166666666667 0.1824074074074074 0.4479166666666667 0.18981481481481483 0.4390625 0.20462962962962963 0.43385416666666665 0.20092592592592592 0.4322916666666667 0.18888888888888888 0.4453125 0.17962962962962964
0 0.5135416666666667 0.17222222222222222 0.515625 0.17777777777777778 0.5145833333333333 0.18703703703703703 0.503125 0.1962962962962963 0.49895833333333334 0.1935185185185185 0.49895833333333334 0.18703703703703703 0.5088541666666667 0.17222222222222222 0.5130208333333334 0.17222222222222222
0 0.6723958333333333 0.412962962962963 0.6760416666666667 0.4203703703703704 0.6885416666666667 0.42962962962962964 0.6890625 0.4361111111111111 0.6864583333333333 0.44074074074074077 0.665625 0.43425925925925923 0.6661458333333333 0.4212962962962963 0.6682291666666667 0.4148148148148148 0.671875 0.412962962962963
2 0.51875 0.3675925925925926 0.5223958333333333 0.37222222222222223 0.5223958333333333 0.37592592592592594 0.5197916666666667 0.3787037037037037 0.515625 0.3787037037037037 0.5135416666666667 0.375 0.5140625 0.36944444444444446 0.5182291666666666 0.3675925925925926
2 0.6453125 0.21944444444444444 0.6520833333333333 0.22314814814814815 0.6567708333333333 0.23425925925925925 0.6546875 0.24259259259259258 0.6479166666666667 0.24722222222222223 0.6364583333333333 0.24444444444444444 0.6302083333333334 0.23333333333333334 0.6333333333333333 0.22314814814814815 0.6380208333333334 0.21944444444444444 0.6447916666666667 0.21944444444444444
2 0.390625 0.44537037037037036 0.3932291666666667 0.44907407407407407 0.39375 0.4564814814814815 0.38697916666666665 0.4638888888888889 0.38125 0.45925925925925926 0.38125 0.45185185185185184 0.3854166666666667 0.44537037037037036 0.39010416666666664 0.44537037037037036
2 0.484375 0.4222222222222222 0.4895833333333333 0.42777777777777776 0.48802083333333335 0.4398148148148148 0.47760416666666666 0.4361111111111111 0.4786458333333333 0.425 0.48385416666666664 0.4222222222222222
2 0.6895833333333333 0.34444444444444444 0.69375 0.35185185185185186 0.69375 0.35648148148148145 0.6890625 0.3638888888888889 0.6822916666666666 0.36203703703703705 0.6770833333333334 0.3537037037037037 0.6776041666666667 0.34814814814814815 0.68125 0.3435185185185185 0.6890625 0.34444444444444444
2 0.42604166666666665 0.31203703703703706 0.4322916666666667 0.3175925925925926 0.4348958333333333 0.3314814814814815 0.42864583333333334 0.34074074074074073 0.42291666666666666 0.3435185185185185 0.41302083333333334 0.3398148148148148 0.40989583333333335 0.32685185185185184 0.41458333333333336 0.3148148148148148 0.42552083333333335 0.31203703703703706
2 0.41770833333333335 0.47685185185185186 0.42135416666666664 0.4787037037037037 0.4270833333333333 0.487962962962963 0.42864583333333334 0.5046296296296297 0.42239583333333336 0.5157407407407407 0.41458333333333336 0.5203703703703704 0.40677083333333336 0.5203703703703704 0.4015625 0.5166666666666667 0.39739583333333334 0.5092592592592593 0.3963541666666667 0.4981481481481482 0.39895833333333336 0.4888888888888889 0.4041666666666667 0.48148148148148145 0.4171875 0.47685185185185186
2 0.4427083333333333 0.4009259259259259 0.4505208333333333 0.40555555555555556 0.4557291666666667 0.4185185185185185 0.4546875 0.42777777777777776 0.45 0.4361111111111111 0.44375 0.4398148148148148 0.4317708333333333 0.43796296296296294 0.425 0.42777777777777776 0.425 0.41759259259259257 0.4270833333333333 0.4111111111111111 0.43385416666666665 0.40370370370370373 0.4421875 0.4009259259259259
2 0.50625 0.2861111111111111 0.5119791666666667 0.28888888888888886 0.5161458333333333 0.2962962962962963 0.515625 0.3055555555555556 0.5088541666666667 0.31203703703703706 0.49947916666666664 0.3101851851851852 0.4942708333333333 0.30277777777777776 0.4947916666666667 0.2953703703703704 0.4984375 0.28888888888888886 0.5057291666666667 0.2861111111111111
2 0.6161458333333333 0.21203703703703702 0.6213541666666667 0.21944444444444444 0.6166666666666667 0.22777777777777777 0.609375 0.22592592592592592 0.60625 0.21944444444444444 0.6098958333333333 0.21203703703703702 0.615625 0.21203703703703702
2 0.44375 0.24166666666666667 0.453125 0.24722222222222223 0.4557291666666667 0.25833333333333336 0.45364583333333336 0.26481481481481484 0.4427083333333333 0.2712962962962963 0.4317708333333333 0.2657407407407407 0.42916666666666664 0.25462962962962965 0.4322916666666667 0.24814814814814815 0.4432291666666667 0.24166666666666667
2 0.6088541666666667 0.2972222222222222 0.6114583333333333 0.3 0.6098958333333333 0.3074074074074074 0.603125 0.30462962962962964 0.6036458333333333 0.29907407407407405 0.6083333333333333 0.2972222222222222
2 0.46875 0.5833333333333334 0.4713541666666667 0.5879629629629629 0.471875 0.5972222222222222 0.4671875 0.6037037037037037 0.459375 0.600925925925926 0.4578125 0.5916666666666667 0.4630208333333333 0.5824074074074074 0.46822916666666664 0.5833333333333334
2 0.5098958333333333 0.4222222222222222 0.5166666666666667 0.42962962962962964 0.5192708333333333 0.4444444444444444 0.5151041666666667 0.4546296296296296 0.50625 0.4601851851851852 0.5005208333333333 0.4601851851851852 0.49322916666666666 0.4546296296296296 0.4895833333333333 0.44537037037037036 0.4890625 0.43703703703703706 0.490625 0.4305555555555556 0.4947916666666667 0.425 0.5010416666666667 0.4212962962962963 0.509375 0.4222222222222222
2 0.5088541666666667 0.5296296296296297 0.5145833333333333 0.5398148148148149 0.515625 0.5509259259259259 0.5119791666666667 0.5601851851851852 0.503125 0.5648148148148148 0.49270833333333336 0.5601851851851852 0.48854166666666665 0.55 0.48854166666666665 0.5435185185185185 0.49270833333333336 0.5342592592592592 0.4973958333333333 0.5296296296296297 0.5083333333333333 0.5296296296296297
2 0.5770833333333333 0.22407407407407406 0.584375 0.23055555555555557 0.5869791666666667 0.24074074074074073 0.584375 0.24814814814814815 0.5765625 0.25277777777777777 0.5640625 0.24814814814814815 0.5604166666666667 0.24074074074074073 0.5619791666666667 0.23055555555555557 0.5645833333333333 0.22685185185185186 0.5765625 0.22407407407407406
2 0.6114583333333333 0.2675925925925926 0.6197916666666666 0.2722222222222222 0.6239583333333333 0.2824074074074074 0.6229166666666667 0.29074074074074074 0.6145833333333334 0.29814814814814816 0.6057291666666667 0.2972222222222222 0.5989583333333334 0.29259259259259257 0.596875 0.2861111111111111 0.596875 0.2777777777777778 0.5989583333333334 0.27314814814814814 0.6109375 0.2675925925925926
2 0.6635416666666667 0.32685185185185184 0.6666666666666666 0.3314814814814815 0.6666666666666666 0.3398148148148148 0.6619791666666667 0.34444444444444444 0.653125 0.3416666666666667 0.6505208333333333 0.3333333333333333 0.6536458333333334 0.32592592592592595 0.6630208333333333 0.32685185185185184
1 0.9744791666666667 0.47685185185185186 0.9869791666666666 0.4898148148148148 0.996875 0.5074074074074074 0.9963541666666667 0.5157407407407407 0.9916666666666667 0.5203703703703704 0.9885416666666667 0.5296296296296297 0.9994791666666667 0.5453703703703704 0.9994791666666667 0.5796296296296296 0.9869791666666666 0.5962962962962963 0.9739583333333334 0.6407407407407407 0.9682291666666667 0.6546296296296297 0.9630208333333333 0.6611111111111111 0.9541666666666667 0.6592592592592592 0.9286458333333333 0.6407407407407407 0.9145833333333333 0.6240740740740741 0.9078125 0.6129629629629629 0.90625 0.6055555555555555 0.9104166666666667 0.5879629629629629 0.9229166666666667 0.5638888888888889 0.9276041666666667 0.537962962962963 0.9333333333333333 0.5287037037037037 0.9375 0.5138888888888888 0.9447916666666667 0.5074074074074074 0.9671875 0.5101851851851852 0.9734375 0.4981481481481482 0.9729166666666667 0.49166666666666664 0.9682291666666667 0.48055555555555557 0.9703125 0.47685185185185186 0.9739583333333334 0.47685185185185186
1 0.9895833333333334 0.5287037037037037 0.9942708333333333 0.5194444444444445 0.9994791666666667 0.5185185185185185 0.9994791666666667 0.5425925925925926 0.9942708333333333 0.5388888888888889 0.9901041666666667 0.5296296296296297
1 0.9786458333333333 0.4222222222222222 0.9994791666666667 0.42962962962962964 0.9994791666666667 0.43703703703703706 0.9942708333333333 0.44351851851851853 0.9786458333333333 0.4527777777777778 0.978125 0.45925925925925926 0.9760416666666667 0.462037037037037 0.9796875 0.4666666666666667 0.9786458333333333 0.47314814814814815 0.9703125 0.475 0.9671875 0.48055555555555557 0.9713541666666666 0.49444444444444446 0.9708333333333333 0.5009259259259259 0.9677083333333333 0.5055555555555555 0.9453125 0.5055555555555555 0.9390625 0.5101851851851852 0.925 0.5388888888888889 0.9229166666666667 0.5592592592592592 0.9197916666666667 0.5648148148148148 0.9145833333333333 0.562037037037037 0.9072916666666667 0.5462962962962963 0.9083333333333333 0.5259259259259259 0.9145833333333333 0.5018518518518519 0.9265625 0.48055555555555557 0.940625 0.47129629629629627 0.9453125 0.4601851851851852 0.953125 0.4546296296296296 0.9630208333333333 0.42592592592592593 0.978125 0.4222222222222222
1 0.23385416666666667 0.08611111111111111 0.041666666666666664 0.16666666666666666
1 0.1890625 0.012962962962962963 0.19427083333333334 0.017592592592592594 0.196875 0.028703703703703703 0.20677083333333332 0.04537037037037037 0.21770833333333334 0.10740740740740741 0.22447916666666667 0.1675925925925926 0.21041666666666667 0.17037037037037037 0.19947916666666668 0.17037037037037037 0.19583333333333333 0.16666666666666666 0.1796875 0.06296296296296296 0.17604166666666668 0.05 0.18020833333333333 0.037037037037037035 0.1796875 0.018518518518518517 0.18854166666666666 0.012962962962962963