0 0.46822916666666664 0.5333333333333333 0.4713541666666667 0.5407407407407407 0.48125 0.5925925925925926 0.4869791666666667 0.6074074074074074 0.48541666666666666 0.6175925925925926 0.4739583333333333 0.6268518518518519 0.46770833333333334 0.6259259259259259 0.4635416666666667 0.6157407407407407 0.46510416666666665 0.600925925925926 0.4557291666666667 0.55 0.4557291666666667 0.5407407407407407 0.4583333333333333 0.5361111111111111 0.4640625 0.5314814814814814 0.46770833333333334 0.5333333333333333
0 0.4125 0.4925925925925926 0.4234375 0.5083333333333333 0.4234375 0.5157407407407407 0.4171875 0.5231481481481481 0.4109375 0.5175925925925926 0.40729166666666666 0.5027777777777778 0.40729166666666666 0.49444444444444446 0.4088541666666667 0.49166666666666664 0.4119791666666667 0.4925925925925926
0 0.478125 0.03981481481481482 0.48385416666666664 0.04814814814814815 0.48541666666666666 0.06481481481481481 0.475 0.07314814814814814 0.42239583333333336 0.15833333333333333 0.41875 0.16296296296296298 0.41510416666666666 0.16018518518518518 0.41458333333333336 0.1537037037037037 0.4171875 0.14537037037037037 0.46875 0.06296296296296296 0.47760416666666666 0.040740740740740744
0 0.5380208333333333 0.6222222222222222 0.540625 0.6324074074074074 0.5390625 0.6370370370370371 0.540625 0.6509259259259259 0.5489583333333333 0.6925925925925925 0.5479166666666667 0.6972222222222222 0.5447916666666667 0.6990740740740741 0.5421875 0.6990740740740741 0.5401041666666667 0.6935185185185185 0.5296875 0.6453703703703704 0.5234375 0.6398148148148148 0.525 0.6296296296296297 0.5328125 0.6222222222222222 0.5375 0.6222222222222222
0 0.3385416666666667 0.44537037037037036 0.34322916666666664 0.44722222222222224 0.34322916666666664 0.4527777777777778 0.34010416666666665 0.46111111111111114 0.3375 0.48518518518518516 0.33177083333333335 0.4925925925925926 0.328125 0.48703703703703705 0.3296875 0.45 0.32760416666666664 0.43796296296296294 0.33125 0.4324074074074074 0.3338541666666667 0.44166666666666665 0.3380208333333333 0.44537037037037036
0 0.32109375 0.475 0.018229166666666668 0.06111111111111111
0 0.4171875 0.6703703703703704 0.4197916666666667 0.6787037037037037 0.4328125 0.7 0.45208333333333334 0.725 0.48072916666666665 0.7694444444444445 0.4791666666666667 0.7814814814814814 0.4713541666666667 0.775 0.41875 0.6953703703703704 0.41302083333333334 0.687962962962963 0.409375 0.687037037037037 0.4078125 0.6833333333333333 0.4088541666666667 0.674074074074074 0.4114583333333333 0.6694444444444444 0.4166666666666667 0.6703703703703704
0 0.40208333333333335 0.14629629629629629 0.4041666666666667 0.15 0.4041666666666667 0.15555555555555556 0.39739583333333334 0.18333333333333332 0.39479166666666665 0.1824074074074074 0.3932291666666667 0.17685185185185184 0.39375 0.14814814814814814 0.39479166666666665 0.14444444444444443 0.4015625 0.14629629629629629
0 0.31197916666666664 0.7425925925925926 0.3177083333333333 0.7361111111111112 0.32708333333333334 0.6731481481481482 0.3302083333333333 0.6712962962962963 0.33541666666666664 0.674074074074074 0.33541666666666664 0.6842592592592592 0.32864583333333336 0.7314814814814815 0.3302083333333333 0.7490740740740741 0.32916666666666666 0.7555555555555555 0.31614583333333335 0.7555555555555555 0.31197916666666664 0.7490740740740741 0.31197916666666664 0.7435185185185185
0 0.5109375 0.2712962962962963 0.5203125 0.27870370370370373 0.5244791666666667 0.2861111111111111 0.5244791666666667 0.29259259259259257 0.5135416666666667 0.3148148148148148 0.5020833333333333 0.3638888888888889 0.4984375 0.37037037037037035 0.4901041666666667 0.3675925925925926 0.4864583333333333 0.3611111111111111 0.4859375 0.35462962962962963 0.5005208333333333 0.2935185185185185 0.49947916666666664 0.28055555555555556 0.5046875 0.2712962962962963 0.5104166666666666 0.2712962962962963
0 0.3703125 0.2657407407407407 0.37447916666666664 0.26851851851851855 0.37604166666666666 0.2740740740740741 0.3723958333333333 0.3453703703703704 0.3729166666666667 0.3527777777777778 0.3770833333333333 0.36203703703703705 0.3770833333333333 0.36944444444444446 0.37395833333333334 0.37592592592592594 0.36041666666666666 0.3731481481481482 0.35208333333333336 0.36574074074074076 0.35260416666666666 0.3574074074074074 0.35833333333333334 0.3472222222222222 0.3625 0.27037037037037037 0.3651041666666667 0.2657407407407407 0.3697916666666667 0.2657407407407407
0 0.32916666666666666 0.20277777777777778 0.3333333333333333 0.2101851851851852 0.3359375 0.22777777777777777 0.346875 0.3638888888888889 0.34791666666666665 0.40370370370370373 0.35520833333333335 0.42777777777777776 0.35520833333333335 0.43425925925925923 0.35208333333333336 0.44074074074074077 0.34375 0.4462962962962963 0.33541666666666664 0.44166666666666665 0.3328125 0.4351851851851852 0.33697916666666666 0.40925925925925927 0.32083333333333336 0.21944444444444444 0.32083333333333336 0.2064814814814815 0.32395833333333335 0.20277777777777778 0.32864583333333336 0.20277777777777778
0 0.3854166666666667 0.1 0.3927083333333333 0.10277777777777777 0.3958333333333333 0.10833333333333334 0.3958333333333333 0.12037037037037036 0.39166666666666666 0.1259259259259259 0.3859375 0.12222222222222222 0.38125 0.11203703703703703 0.38125 0.1 0.3848958333333333 0.1
2 0.559375 0.6055555555555555 0.5635416666666667 0.6092592592592593 0.5677083333333334 0.6185185185185185 0.5697916666666667 0.6388888888888888 0.5661458333333333 0.6518518518518519 0.5583333333333333 0.6592592592592592 0.5515625 0.6574074074074074 0.5479166666666667 0.6509259259259259 0.5442708333333334 0.6305555555555555 0.5458333333333333 0.6175925925925926 0.5510416666666667 0.6074074074074074 0.5588541666666667 0.6055555555555555
2 0.4395833333333333 0.5166666666666667 0.4427083333333333 0.5212962962962963 0.4427083333333333 0.5287037037037037 0.4401041666666667 0.5333333333333333 0.4359375 0.5287037037037037 0.4359375 0.5203703703703704 0.4390625 0.5166666666666667
2 0.36041666666666666 0.19166666666666668 0.36354166666666665 0.19907407407407407 0.3645833333333333 0.21388888888888888 0.3625 0.22870370370370371 0.3578125 0.23796296296296296 0.3536458333333333 0.23703703703703705 0.35104166666666664 0.2324074074074074 0.3494791666666667 0.2101851851851852 0.35260416666666666 0.19722222222222222 0.35625 0.19166666666666668 0.35989583333333336 0.19166666666666668
2 0.42291666666666666 0.22314814814814815 0.4234375 0.23333333333333334 0.421875 0.23703703703703705 0.41875 0.23703703703703705 0.4171875 0.22962962962962963 0.4192708333333333 0.2222222222222222 0.42239583333333336 0.22314814814814815
2 0.509375 0.03333333333333333 0.5104166666666666 0.025925925925925925 0.5161458333333333 0.021296296296296296 0.5177083333333333 0.025 0.5166666666666667 0.03796296296296296 0.5125 0.040740740740740744 0.5098958333333333 0.03425925925925926
2 0.5020833333333333 0.3731481481481482 0.5052083333333334 0.37962962962962965 0.5057291666666667 0.39351851851851855 0.5 0.40555555555555556 0.4973958333333333 0.40555555555555556 0.49375 0.4 0.49270833333333336 0.38425925925925924 0.4953125 0.37407407407407406 0.5015625 0.3731481481481482
2 0.471875 0.775 0.4791666666666667 0.7851851851851852 0.48125 0.7981481481481482 0.4796875 0.8203703703703704 0.4744791666666667 0.8287037037037037 0.4708333333333333 0.8287037037037037 0.46510416666666665 0.8231481481481482 0.45989583333333334 0.8 0.46041666666666664 0.7861111111111111 0.4625 0.7787037037037037 0.4671875 0.7722222222222223 0.4713541666666667 0.775
2 0.39791666666666664 0.5268518518518519 0.4010416666666667 0.5314814814814814 0.40260416666666665 0.5398148148148149 0.4015625 0.55 0.39895833333333336 0.5546296296296296 0.39427083333333335 0.5537037037037037 0.3921875 0.5481481481481482 0.3921875 0.5333333333333333 0.39427083333333335 0.5277777777777778 0.39739583333333334 0.5268518518518519
2 0.44583333333333336 0.5972222222222222 0.45 0.6083333333333333 0.4510416666666667 0.6203703703703703 0.4484375 0.6333333333333333 0.44479166666666664 0.6388888888888888 0.440625 0.6388888888888888 0.43645833333333334 0.6324074074074074 0.43385416666666665 0.6138888888888889 0.4375 0.5990740740740741 0.44166666666666665 0.5953703703703703 0.4453125 0.5972222222222222
2 0.4005208333333333 0.637962962962963 0.4041666666666667 0.6416666666666667 0.4083333333333333 0.6583333333333333 0.40729166666666666 0.6759259259259259 0.4015625 0.687037037037037 0.3953125 0.6851851851851852 0.39166666666666666 0.6768518518518518 0.39010416666666664 0.6666666666666666 0.39166666666666666 0.6444444444444445 0.3953125 0.637962962962963 0.4 0.637962962962963
2 0.4114583333333333 0.7194444444444444 0.4166666666666667 0.7240740740740741 0.42083333333333334 0.7398148148148148 0.42135416666666664 0.75 0.41875 0.7657407407407407 0.41510416666666666 0.7712962962962963 0.41041666666666665 0.7712962962962963 0.40625 0.7657407407407407 0.4036458333333333 0.7555555555555555 0.4036458333333333 0.7314814814814815 0.4078125 0.7212962962962963 0.4109375 0.7203703703703703
2 0.40729166666666666 0.3175925925925926 0.4114583333333333 0.3388888888888889 0.4088541666666667 0.35555555555555557 0.4036458333333333 0.3648148148148148 0.39947916666666666 0.3648148148148148 0.3953125 0.3574074074074074 0.39375 0.33240740740740743 0.3984375 0.3175925925925926 0.4015625 0.3148148148148148 0.40677083333333336 0.3175925925925926
2 0.43802083333333336 0.3962962962962963 0.4401041666666667 0.4083333333333333 0.4390625 0.41759259259259257 0.42916666666666664 0.41388888888888886 0.43072916666666666 0.39814814814814814 0.4348958333333333 0.39444444444444443 0.4375 0.3962962962962963
2 0.3380208333333333 0.5083333333333333 0.3416666666666667 0.5157407407407407 0.34270833333333334 0.5333333333333333 0.340625 0.5453703703703704 0.33697916666666666 0.5509259259259259 0.33125 0.5481481481481482 0.328125 0.5259259259259259 0.3302083333333333 0.512962962962963 0.3328125 0.5083333333333333 0.3375 0.5083333333333333
2 0.4296875 0.4148148148148148 0.4390625 0.4166666666666667 0.44166666666666665 0.42777777777777776 0.43802083333333336 0.44166666666666665 0.4322916666666667 0.44166666666666665 0.42916666666666664 0.43148148148148147 0.4296875 0.41574074074074074
2 0.58125 0.3398148148148148 0.5869791666666667 0.34814814814814815 0.5895833333333333 0.3675925925925926 0.5848958333333333 0.3851851851851852 0.5776041666666667 0.3925925925925926 0.5729166666666666 0.39166666666666666 0.5682291666666667 0.3851851851851852 0.5651041666666666 0.3731481481481482 0.5651041666666666 0.36203703703703705 0.5661458333333333 0.35462962962962963 0.5713541666666667 0.3425925925925926 0.5807291666666666 0.3398148148148148
2 0.39479166666666665 0.40370370370370373 0.39791666666666664 0.40185185185185185 0.4015625 0.4074074074074074 0.4005208333333333 0.4203703703703704 0.3958333333333333 0.42314814814814816 0.39375 0.4166666666666667 0.39479166666666665 0.4046296296296296
2 0.409375 0.22685185185185186 0.41458333333333336 0.23796296296296296 0.415625 0.2564814814814815 0.41302083333333334 0.26851851851851855 0.40729166666666666 0.2777777777777778 0.40260416666666665 0.2777777777777778 0.39947916666666666 0.27314814814814814 0.396875 0.2490740740740741 0.4015625 0.23148148148148148 0.4088541666666667 0.22685185185185186
1 0.31354166666666666 0.9888888888888889 0.3140625 0.9990740740740741 0.28489583333333335 0.9990740740740741 0.31302083333333336 0.9888888888888889
1 0.309375 0.9351851851851852 0.31302083333333336 0.9388888888888889 0.31302083333333336 0.9814814814814815 0.30572916666666666 0.9879629629629629 0.28229166666666666 0.9990740740740741 0.22083333333333333 0.9990740740740741 0.22083333333333333 0.9842592592592593 0.23125 0.9805555555555555 0.25364583333333335 0.9583333333333334 0.30885416666666665 0.9351851851851852