0 0.36302083333333335 0.2518518518518518 0.38125 0.26851851851851855 0.38333333333333336 0.27870370370370373 0.37447916666666664 0.28703703703703703 0.37083333333333335 0.2851851851851852 0.3536458333333333 0.25833333333333336 0.3578125 0.25 0.3625 0.2518518518518518
0 0.5932291666666667 0.36203703703703705 0.6984375 0.5148148148148148 0.7010416666666667 0.5175925925925926 0.7104166666666667 0.5175925925925926 0.7135416666666666 0.5212962962962963 0.7151041666666667 0.5259259259259259 0.7151041666666667 0.5398148148148149 0.7130208333333333 0.55 0.7083333333333334 0.5601851851851852 0.7 0.5675925925925925 0.6953125 0.5657407407407408 0.6885416666666667 0.5537037037037037 0.6901041666666666 0.5361111111111111 0.6828125 0.5222222222222223 0.6354166666666666 0.4537037037037037 0.625 0.44351851851851853 0.6041666666666666 0.4111111111111111 0.5838541666666667 0.3861111111111111 0.584375 0.37407407407407406 0.5895833333333333 0.362962962962963 0.5927083333333333 0.36203703703703705
0 0.5359375 0.30925925925925923 0.5390625 0.3175925925925926 0.5484375 0.3277777777777778 0.5489583333333333 0.3314814814814815 0.5463541666666667 0.33611111111111114 0.5291666666666667 0.3277777777777778 0.5270833333333333 0.32407407407407407 0.5286458333333334 0.3148148148148148 0.5354166666666667 0.30925925925925923
0 0.6473958333333333 0.27037037037037037 0.6505208333333333 0.27314814814814814 0.6515625 0.27870370370370373 0.6473958333333333 0.3055555555555556 0.64375 0.3055555555555556 0.6369791666666667 0.2962962962962963 0.615625 0.2916666666666667 0.6135416666666667 0.28703703703703703 0.6135416666666667 0.27870370370370373 0.6192708333333333 0.2740740740740741 0.640625 0.2777777777777778 0.646875 0.2712962962962963
0 0.6020833333333333 0.21851851851851853 0.60625 0.22685185185185186 0.6072916666666667 0.23796296296296296 0.6041666666666666 0.24722222222222223 0.6041666666666666 0.26666666666666666 0.6015625 0.2740740740740741 0.5979166666666667 0.2740740740740741 0.5942708333333333 0.26944444444444443 0.59375 0.25092592592592594 0.5895833333333333 0.2351851851851852 0.5916666666666667 0.22314814814814815 0.5947916666666667 0.21944444444444444 0.6015625 0.21851851851851853
0 0.7041666666666667 0.43472222222222223 0.030208333333333334 0.09722222222222222
0 0.5854166666666667 0.5768518518518518 0.5880208333333333 0.5805555555555556 0.5869791666666667 0.5879629629629629 0.58125 0.600925925925926 0.5713541666666667 0.612037037037037 0.5671875 0.6101851851851852 0.5640625 0.6018518518518519 0.5635416666666667 0.5944444444444444 0.565625 0.5861111111111111 0.5682291666666667 0.5824074074074074 0.5848958333333333 0.5768518518518518
0 0.5703125 0.18518518518518517 0.5734375 0.19074074074074074 0.609375 0.18981481481481483 0.6130208333333333 0.19537037037037036 0.6125 0.2074074074074074 0.5682291666666667 0.2111111111111111 0.5651041666666666 0.20925925925925926 0.5645833333333333 0.18888888888888888 0.5671875 0.18333333333333332 0.5697916666666667 0.18518518518518517
0 0.46822916666666664 0.24722222222222223 0.4864583333333333 0.2611111111111111 0.49947916666666664 0.26666666666666666 0.5026041666666666 0.27314814814814814 0.503125 0.2796296296296296 0.5 0.2916666666666667 0.4947916666666667 0.29814814814814816 0.4666666666666667 0.275 0.45989583333333334 0.26481481481481484 0.45989583333333334 0.2564814814814815 0.4630208333333333 0.2490740740740741 0.46770833333333334 0.24722222222222223
0 0.5604166666666667 0.5027777777777778 0.5640625 0.5064814814814815 0.5640625 0.5138888888888888 0.5046875 0.6185185185185185 0.5 0.6305555555555555 0.4984375 0.6416666666666667 0.4947916666666667 0.6481481481481481 0.4895833333333333 0.6472222222222223 0.48385416666666664 0.6342592592592593 0.48541666666666666 0.6231481481481481 0.49583333333333335 0.612037037037037 0.5536458333333333 0.5101851851851852 0.5598958333333334 0.5037037037037037
0 0.6020833333333333 0.625 0.6057291666666667 0.6370370370370371 0.6166666666666667 0.6574074074074074 0.6125 0.6666666666666666 0.5916666666666667 0.6435185185185185 0.5916666666666667 0.6361111111111111 0.5979166666666667 0.625 0.6015625 0.625
0 0.578125 0.2462962962962963 0.58125 0.24722222222222223 0.5848958333333333 0.25833333333333336 0.5848958333333333 0.26481481481481484 0.5791666666666667 0.2722222222222222 0.5744791666666667 0.2722222222222222 0.5630208333333333 0.26481481481481484 0.5239583333333333 0.27037037037037037 0.5046875 0.27685185185185185 0.496875 0.26481481481481484 0.5114583333333333 0.25833333333333336 0.5661458333333333 0.2518518518518518 0.5776041666666667 0.24722222222222223
0 0.4744791666666667 0.45185185185185184 0.47708333333333336 0.4759259259259259 0.44479166666666664 0.48703703703703705 0.4348958333333333 0.4981481481481482 0.43020833333333336 0.5 0.425 0.49537037037037035 0.42083333333333334 0.47314814814814815 0.42135416666666664 0.462037037037037 0.4234375 0.4583333333333333 0.43072916666666666 0.4564814814814815 0.43854166666666666 0.46111111111111114 0.4703125 0.45 0.4739583333333333 0.45185185185185184
2 0.6723958333333333 0.26296296296296295 0.6791666666666667 0.2675925925925926 0.6822916666666666 0.2740740740740741 0.6822916666666666 0.28425925925925927 0.6755208333333333 0.29074074074074074 0.6625 0.287962962962963 0.6552083333333333 0.27685185185185185 0.6557291666666667 0.2712962962962963 0.6604166666666667 0.26481481481481484 0.671875 0.26296296296296295
2 0.4197916666666667 0.4689814814814815 0.008333333333333333 0.021296296296296296
2 0.3932291666666667 0.2537037037037037 0.39739583333333334 0.25833333333333336 0.39895833333333336 0.27037037037037037 0.396875 0.2759259259259259 0.390625 0.2814814814814815 0.38385416666666666 0.28055555555555556 0.38125 0.27037037037037037 0.37604166666666666 0.2611111111111111 0.3828125 0.2537037037037037 0.3927083333333333 0.2537037037037037
2 0.38125 0.6435185185185185 0.38333333333333336 0.6537037037037037 0.3765625 0.6611111111111111 0.3729166666666667 0.6583333333333333 0.3723958333333333 0.6481481481481481 0.3765625 0.6425925925925926 0.3807291666666667 0.6435185185185185
2 0.38958333333333334 0.46574074074074073 0.3958333333333333 0.46944444444444444 0.39895833333333336 0.475 0.4005208333333333 0.4888888888888889 0.396875 0.4981481481481482 0.38697916666666665 0.5064814814814815 0.3729166666666667 0.5027777777777778 0.36822916666666666 0.49444444444444446 0.36770833333333336 0.48703703703703705 0.3692708333333333 0.47962962962962963 0.375 0.4703703703703704 0.3890625 0.46574074074074073
2 0.3328125 0.38333333333333336 0.3380208333333333 0.38981481481481484 0.3385416666666667 0.4009259259259259 0.334375 0.40925925925925927 0.32760416666666664 0.41388888888888886 0.3171875 0.4111111111111111 0.3140625 0.4064814814814815 0.31354166666666666 0.39537037037037037 0.31979166666666664 0.3851851851851852 0.33229166666666665 0.38333333333333336
2 0.5880208333333333 0.2518518518518518 0.5911458333333334 0.25833333333333336 0.5916666666666667 0.26481481481481484 0.5885416666666666 0.27314814814814814 0.5833333333333334 0.27685185185185185 0.5755208333333334 0.27685185185185185 0.5703125 0.2712962962962963 0.5822916666666667 0.2675925925925926 0.5838541666666667 0.26296296296296295 0.5828125 0.2518518518518518 0.5875 0.2518518518518518
2 0.4703125 0.17407407407407408 0.475 0.17962962962962964 0.47604166666666664 0.18981481481481483 0.4739583333333333 0.19444444444444445 0.46770833333333334 0.19814814814814816 0.4557291666666667 0.19537037037037036 0.453125 0.1925925925925926 0.45208333333333334 0.18425925925925926 0.4552083333333333 0.17685185185185184 0.4588541666666667 0.17407407407407408 0.46979166666666666 0.17407407407407408
2 0.6234375 0.38055555555555554 0.6333333333333333 0.3861111111111111 0.6385416666666667 0.39444444444444443 0.6385416666666667 0.4064814814814815 0.6328125 0.4148148148148148 0.6291666666666667 0.4148148148148148 0.6260416666666667 0.40925925925925927 0.6296875 0.40185185185185185 0.6296875 0.3962962962962963 0.6276041666666666 0.3925925925925926 0.6197916666666666 0.39166666666666666 0.6161458333333333 0.39537037037037037 0.6109375 0.387037037037037 0.6171875 0.3814814814814815 0.6229166666666667 0.38055555555555554
2 0.50625 0.3194444444444444 0.009375 0.011111111111111112
2 0.5171875 0.2833333333333333 0.5223958333333333 0.28703703703703703 0.5255208333333333 0.2962962962962963 0.5255208333333333 0.3 0.5197916666666667 0.30648148148148147 0.509375 0.3055555555555556 0.503125 0.2962962962962963 0.5046875 0.28703703703703703 0.5166666666666667 0.2833333333333333
2 0.528125 0.3453703703703704 0.5348958333333333 0.3537037037037037 0.534375 0.36018518518518516 0.5291666666666667 0.3648148148148148 0.5223958333333333 0.362962962962963 0.5182291666666666 0.35555555555555557 0.521875 0.3472222222222222 0.5276041666666667 0.3453703703703704
2 0.55 0.17962962962962964 0.5583333333333333 0.18425925925925926 0.5619791666666667 0.19166666666666668 0.559375 0.20277777777777778 0.5536458333333333 0.20462962962962963 0.5432291666666667 0.2037037037037037 0.5364583333333334 0.19537037037037036 0.5364583333333334 0.18888888888888888 0.5385416666666667 0.18425925925925926 0.5494791666666666 0.17962962962962964
2 0.5640625 0.30277777777777776 0.5744791666666667 0.30092592592592593 0.578125 0.3101851851851852 0.5739583333333333 0.31851851851851853 0.5677083333333334 0.31851851851851853 0.5625 0.3101851851851852 0.5640625 0.3037037037037037
2 0.3984375 0.3138888888888889 0.40260416666666665 0.3194444444444444 0.403125 0.32407407407407407 0.4 0.33055555555555555 0.39375 0.3333333333333333 0.38958333333333334 0.3314814814814815 0.38697916666666665 0.32685185185185184 0.38697916666666665 0.3212962962962963 0.39010416666666664 0.31574074074074077 0.39791666666666664 0.3138888888888889
2 0.46822916666666664 0.47962962962962963 0.46875 0.487962962962963 0.4666666666666667 0.49074074074074076 0.46041666666666664 0.4898148148148148 0.4588541666666667 0.48148148148148145 0.46770833333333334 0.48055555555555557
2 0.5880208333333333 0.3509259259259259 0.5942708333333333 0.35648148148148145 0.5958333333333333 0.36203703703703705 0.5869791666666667 0.35833333333333334 0.578125 0.36018518518518516 0.5770833333333333 0.36666666666666664 0.5838541666666667 0.37222222222222223 0.5822916666666667 0.3814814814814815 0.5739583333333333 0.3787037037037037 0.5703125 0.3712962962962963 0.56875 0.3611111111111111 0.5739583333333333 0.35185185185185186 0.5875 0.3509259259259259
2 0.5765625 0.3814814814814815 0.5828125 0.38333333333333336 0.5848958333333333 0.387037037037037 0.5828125 0.3907407407407407 0.5765625 0.3824074074074074
1 0.9760416666666667 0.4777777777777778 0.9911458333333333 0.49444444444444446 0.9963541666666667 0.5046296296296297 0.9958333333333333 0.5157407407407407 0.9895833333333334 0.524074074074074 0.9885416666666667 0.5296296296296297 0.9994791666666667 0.5462962962962963 0.9994791666666667 0.5787037037037037 0.9869791666666666 0.5981481481481481 0.9677083333333333 0.6555555555555556 0.9614583333333333 0.6611111111111111 0.9447916666666667 0.6537037037037037 0.928125 0.6398148148148148 0.9114583333333334 0.6194444444444445 0.9078125 0.6129629629629629 0.90625 0.6046296296296296 0.9104166666666667 0.5879629629629629 0.9229166666666667 0.5638888888888889 0.9260416666666667 0.5453703703703704 0.9333333333333333 0.5287037037037037 0.9354166666666667 0.5185185185185185 0.9395833333333333 0.5111111111111111 0.9458333333333333 0.5064814814814815 0.9666666666666667 0.5101851851851852 0.9734375 0.4981481481481482 0.9729166666666667 0.49166666666666664 0.9677083333333333 0.48055555555555557 0.9692708333333333 0.47685185185185186 0.9755208333333333 0.4777777777777778
1 0.9875 0.425 0.9994791666666667 0.42962962962962964 0.9994791666666667 0.4388888888888889 0.99375 0.44351851851851853 0.9859375 0.4444444444444444 0.978125 0.4527777777777778 0.9765625 0.46296296296296297 0.9796875 0.4666666666666667 0.9791666666666666 0.4722222222222222 0.9776041666666667 0.475 0.9697916666666667 0.4740740740740741 0.9666666666666667 0.48055555555555557 0.9713541666666666 0.49444444444444446 0.9708333333333333 0.5 0.9651041666666667 0.5074074074074074 0.9453125 0.5055555555555555 0.9390625 0.5101851851851852 0.9255208333333333 0.5398148148148149 0.9229166666666667 0.5583333333333333 0.9182291666666667 0.5657407407407408 0.9078125 0.5472222222222223 0.9098958333333333 0.5194444444444445 0.9182291666666667 0.49444444444444446 0.9270833333333334 0.48055555555555557 0.9395833333333333 0.4722222222222222 0.9453125 0.4601851851851852 0.953125 0.4546296296296296 0.9630208333333333 0.42592592592592593 0.9723958333333333 0.4222222222222222 0.9869791666666666 0.425
1 0.9994791666666667 0.5824074074074074 0.9994791666666667 0.6398148148148148 0.9911458333333333 0.6425925925925926 0.9796875 0.6398148148148148 0.9765625 0.6370370370370371 0.9765625 0.6324074074074074 0.9869791666666666 0.5990740740740741 0.9989583333333333 0.5824074074074074
1 0.2234375 0.001851851851851852 0.228125 0.004629629629629629 0.22916666666666666 0.023148148148148147 0.24270833333333333 0.06481481481481481 0.25364583333333335 0.1648148148148148 0.2515625 0.1675925925925926 0.22916666666666666 0.1675925925925926 0.22604166666666667 0.15833333333333333 0.215625 0.09444444444444444 0.2140625 0.07222222222222222 0.21614583333333334 0.04259259259259259 0.21302083333333333 0.007407407407407408 0.215625 0.002777777777777778 0.22291666666666668 0.002777777777777778
1 0.190625 0.012962962962962963 0.19375 0.01574074074074074 0.196875 0.027777777777777776 0.20520833333333333 0.03981481481481482 0.21510416666666668 0.08796296296296297 0.22083333333333333 0.1361111111111111 0.22552083333333334 0.16018518518518518 0.225 0.1675925925925926 0.21614583333333334 0.16944444444444445 0.196875 0.1685185185185185 0.1890625 0.12407407407407407 0.1890625 0.11574074074074074 0.17604166666666668 0.05 0.18020833333333333 0.037037037037037035 0.1796875 0.018518518518518517 0.18385416666666668 0.013888888888888888 0.19010416666666666 0.012962962962962963