0 0.5260416666666666 0.44907407407407407 0.5286458333333334 0.4564814814814815 0.5286458333333334 0.4666666666666667 0.49947916666666664 0.5166666666666667 0.4942708333333333 0.5157407407407407 0.4890625 0.5083333333333333 0.4864583333333333 0.4981481481481482 0.4869791666666667 0.48703703703703705 0.5166666666666667 0.44907407407407407 0.5203125 0.4462962962962963 0.5255208333333333 0.44907407407407407
0 0.43645833333333334 0.6055555555555555 0.4453125 0.6185185185185185 0.4739583333333333 0.65 0.4744791666666667 0.6574074074074074 0.46979166666666666 0.6675925925925926 0.45989583333333334 0.6648148148148149 0.440625 0.6453703703703704 0.43072916666666666 0.6453703703703704 0.42239583333333336 0.6351851851851852 0.4239583333333333 0.6138888888888889 0.43072916666666666 0.6046296296296296 0.4359375 0.6055555555555555
0 0.39427083333333335 0.17962962962962964 0.40520833333333334 0.1824074074074074 0.4088541666666667 0.18518518518518517 0.4109375 0.19166666666666668 0.40625 0.21388888888888888 0.403125 0.2537037037037037 0.39895833333333336 0.2611111111111111 0.39114583333333336 0.2574074074074074 0.38958333333333334 0.25092592592592594 0.39427083333333335 0.20185185185185187 0.390625 0.18518518518518517 0.39375 0.17962962962962964
0 0.5072916666666667 0.8907407407407407 0.528125 0.9231481481481482 0.5713541666666667 0.9990740740740741 0.5541666666666667 0.9990740740740741 0.5005208333333333 0.9037037037037037 0.5005208333333333 0.8925925925925926 0.5041666666666667 0.8888888888888888 0.5067708333333333 0.8907407407407407
0 0.40677083333333336 0.425 0.4125 0.425 0.4166666666666667 0.43333333333333335 0.4161458333333333 0.44814814814814813 0.4125 0.4546296296296296 0.4078125 0.4546296296296296 0.403125 0.44722222222222224 0.3854166666666667 0.4462962962962963 0.38229166666666664 0.44166666666666665 0.38229166666666664 0.4351851851851852 0.3848958333333333 0.42962962962962964 0.4041666666666667 0.42962962962962964 0.40677083333333336 0.42592592592592593
0 0.6265625 0.6296296296296297 0.6359375 0.6333333333333333 0.6369791666666667 0.6407407407407407 0.6322916666666667 0.6546296296296297 0.6255208333333333 0.8333333333333334 0.6239583333333333 0.8592592592592593 0.6213541666666667 0.8629629629629629 0.6140625 0.8592592592592593 0.6130208333333333 0.8472222222222222 0.6223958333333334 0.6657407407407407 0.6223958333333334 0.6518518518518519 0.6192708333333333 0.6388888888888888 0.6213541666666667 0.6314814814814815 0.6260416666666667 0.6296296296296297
0 0.5036458333333333 0.7453703703703703 0.5125 0.7777777777777778 0.503125 0.7851851851851852 0.49895833333333334 0.7814814814814814 0.49947916666666664 0.7675925925925926 0.4973958333333333 0.7518518518518519 0.49895833333333334 0.7453703703703703 0.503125 0.7453703703703703
0 0.35208333333333336 0.6472222222222223 0.3619791666666667 0.6574074074074074 0.37135416666666665 0.675 0.4041666666666667 0.7240740740740741 0.4166666666666667 0.7324074074074074 0.4197916666666667 0.7379629629629629 0.41875 0.7564814814814815 0.4114583333333333 0.7685185185185185 0.4015625 0.7638888888888888 0.39375 0.7407407407407407 0.3515625 0.6759259259259259 0.34375 0.6574074074074074 0.34427083333333336 0.6509259259259259 0.346875 0.6462962962962963 0.3515625 0.6472222222222223
2 0.4359375 0.5546296296296296 0.43854166666666666 0.5592592592592592 0.4395833333333333 0.5712962962962963 0.43854166666666666 0.5768518518518518 0.434375 0.5805555555555556 0.43072916666666666 0.5768518518518518 0.42916666666666664 0.5648148148148148 0.4322916666666667 0.5546296296296296 0.4354166666666667 0.5546296296296296
2 0.68125 0.3509259259259259 0.6875 0.36203703703703705 0.6895833333333333 0.3861111111111111 0.684375 0.4064814814814815 0.6744791666666666 0.4166666666666667 0.6671875 0.4148148148148148 0.6609375 0.4064814814814815 0.6572916666666667 0.39166666666666666 0.6572916666666667 0.37962962962962965 0.6598958333333333 0.36574074074074076 0.6645833333333333 0.35555555555555557 0.6708333333333333 0.3490740740740741 0.6807291666666667 0.3509259259259259
2 0.37447916666666664 0.26944444444444443 0.378125 0.275 0.3796875 0.2962962962962963 0.378125 0.3055555555555556 0.37395833333333334 0.31203703703703706 0.3697916666666667 0.3101851851851852 0.36614583333333334 0.3 0.3671875 0.2796296296296296 0.37135416666666665 0.27037037037037037 0.37395833333333334 0.26944444444444443
2 0.56875 0.674074074074074 0.5755208333333334 0.6814814814814815 0.5791666666666667 0.6944444444444444 0.5802083333333333 0.7074074074074074 0.5786458333333333 0.7212962962962963 0.571875 0.7324074074074074 0.5651041666666666 0.7314814814814815 0.5619791666666667 0.7277777777777777 0.5567708333333333 0.7157407407407408 0.5552083333333333 0.7027777777777777 0.5583333333333333 0.6814814814814815 0.5635416666666667 0.674074074074074 0.5682291666666667 0.674074074074074
2 0.6505208333333333 0.062037037037037036 0.6557291666666667 0.06851851851851852 0.6578125 0.07592592592592592 0.6578125 0.09166666666666666 0.653125 0.10740740740740741 0.6484375 0.11481481481481481 0.64375 0.11666666666666667 0.6395833333333333 0.11481481481481481 0.6354166666666666 0.10555555555555556 0.634375 0.08888888888888889 0.6375 0.075 0.6421875 0.06481481481481481 0.65 0.062037037037037036
2 0.39114583333333336 0.3287037037037037 0.39375 0.33611111111111114 0.3932291666666667 0.3490740740740741 0.39114583333333336 0.3527777777777778 0.3875 0.3527777777777778 0.3854166666666667 0.34629629629629627 0.38697916666666665 0.33055555555555555 0.390625 0.3287037037037037
2 0.46979166666666666 0.3592592592592593 0.4734375 0.3685185185185185 0.4739583333333333 0.38333333333333336 0.471875 0.39444444444444443 0.4671875 0.4009259259259259 0.4635416666666667 0.4009259259259259 0.459375 0.3962962962962963 0.45729166666666665 0.37592592592592594 0.46197916666666666 0.36018518518518516 0.465625 0.3574074074074074 0.46927083333333336 0.3592592592592593
2 0.3796875 0.5222222222222223 0.3859375 0.5370370370370371 0.384375 0.5601851851851852 0.37916666666666665 0.5648148148148148 0.375 0.5592592592592592 0.3734375 0.5527777777777778 0.37447916666666664 0.5305555555555556 0.37916666666666665 0.5231481481481481
2 0.5109375 0.575925925925926 0.5145833333333333 0.5833333333333334 0.5171875 0.6083333333333333 0.5145833333333333 0.6212962962962963 0.5083333333333333 0.6268518518518519 0.5026041666666666 0.6231481481481481 0.4984375 0.6148148148148148 0.4973958333333333 0.5925925925925926 0.5026041666666666 0.575925925925926 0.5104166666666666 0.575925925925926
2 0.5911458333333334 0.3453703703703704 0.59375 0.3490740740740741 0.5942708333333333 0.3574074074074074 0.59375 0.36203703703703705 0.590625 0.36574074074074076 0.5859375 0.36018518518518516 0.5864583333333333 0.35 0.590625 0.3453703703703704
2 0.5229166666666667 0.14537037037037037 0.5255208333333333 0.15092592592592594 0.5260416666666666 0.1638888888888889 0.5244791666666667 0.17037037037037037 0.5197916666666667 0.17685185185185184 0.5151041666666667 0.17314814814814813 0.5140625 0.1574074074074074 0.5177083333333333 0.14629629629629629 0.5223958333333333 0.14537037037037037
2 0.6 0.058333333333333334 0.6052083333333333 0.0712962962962963 0.6052083333333333 0.09351851851851851 0.6010416666666667 0.10833333333333334 0.5963541666666666 0.11666666666666667 0.590625 0.12129629629629629 0.5848958333333333 0.11944444444444445 0.5807291666666666 0.1111111111111111 0.5791666666666667 0.08981481481481482 0.5807291666666666 0.07962962962962963 0.5869791666666667 0.062037037037037036 0.5927083333333333 0.05648148148148148 0.5994791666666667 0.058333333333333334
2 0.5994791666666667 0.43425925925925923 0.6072916666666667 0.44814814814814813 0.6088541666666667 0.46944444444444444 0.6046875 0.487962962962963 0.5984375 0.49444444444444446 0.5911458333333334 0.4925925925925926 0.5854166666666667 0.4842592592592593 0.5828125 0.47314814814814815 0.5828125 0.45740740740740743 0.5890625 0.43796296296296294 0.5947916666666667 0.43333333333333335 0.5989583333333334 0.43425925925925923
2 0.41302083333333334 0.8388888888888889 0.415625 0.8472222222222222 0.415625 0.8555555555555555 0.41354166666666664 0.8592592592592593 0.4109375 0.8583333333333333 0.4083333333333333 0.850925925925926 0.4088541666666667 0.8425925925925926 0.4125 0.8388888888888889
2 0.4713541666666667 0.27870370370370373 0.47604166666666664 0.287962962962963 0.47708333333333336 0.30185185185185187 0.47552083333333334 0.31296296296296294 0.4703125 0.32037037037037036 0.465625 0.31851851851851853 0.4635416666666667 0.3138888888888889 0.4625 0.2962962962962963 0.465625 0.2833333333333333 0.4708333333333333 0.27870370370370373
1 0.3416666666666667 -0.043055555555555555 0.08541666666666667 0.08611111111111111
1 0.2921875 0 0.375 0 0.3807291666666667 0.003703703703703704 0.38229166666666664 0.007407407407407408 0.38229166666666664 0.04259259259259259 0.38125 0.05185185185185185 0.3776041666666667 0.05277777777777778 0.3609375 0.04351851851851852 0.3229166666666667 0.02962962962962963 0.3067708333333333 0.010185185185185186 0.2953125 0.006481481481481481 0.29270833333333335 0.000925925925925926