0 0.5505208333333333 0.21666666666666667 0.559375 0.22962962962962963 0.5536458333333333 0.24814814814814815 0.5505208333333333 0.2518518518518518 0.5375 0.25277777777777777 0.51875 0.26481481481481484 0.5151041666666667 0.2638888888888889 0.5119791666666667 0.25833333333333336 0.5114583333333333 0.24537037037037038 0.5130208333333334 0.24074074074074073 0.5380208333333333 0.22685185185185186 0.5453125 0.21666666666666667 0.55 0.21666666666666667
0 0.41458333333333336 0.4981481481481482 0.4276041666666667 0.5138888888888888 0.4453125 0.5425925925925926 0.4546875 0.5416666666666666 0.465625 0.5574074074074075 0.465625 0.5685185185185185 0.46145833333333336 0.5842592592592593 0.45 0.5962962962962963 0.4390625 0.5842592592592593 0.43697916666666664 0.5675925925925925 0.43333333333333335 0.5601851851851852 0.421875 0.5472222222222223 0.4046875 0.5175925925925926 0.4046875 0.5046296296296297 0.4078125 0.49907407407407406 0.4140625 0.4981481481481482
0 0.4088541666666667 0.35555555555555557 0.41510416666666666 0.3537037037037037 0.4203125 0.36203703703703705 0.41822916666666665 0.37592592592592594 0.4276041666666667 0.49074074074074076 0.4239583333333333 0.4981481481481482 0.4197916666666667 0.49722222222222223 0.41770833333333335 0.49166666666666664 0.4114583333333333 0.37962962962962965 0.4078125 0.36574074074074076 0.4088541666666667 0.35648148148148145
0 0.4375 0.33611111111111114 0.44479166666666664 0.3490740740740741 0.44427083333333334 0.3648148148148148 0.45208333333333334 0.3990740740740741 0.4510416666666667 0.4101851851851852 0.44635416666666666 0.41574074074074074 0.44166666666666665 0.41574074074074074 0.4390625 0.41203703703703703 0.4296875 0.3768518518518518 0.42291666666666666 0.3611111111111111 0.425 0.3435185185185185 0.428125 0.33796296296296297 0.43697916666666664 0.33611111111111114
0 0.7104166666666667 0.3990740740740741 0.7145833333333333 0.4074074074074074 0.7145833333333333 0.42407407407407405 0.7239583333333334 0.48055555555555557 0.7229166666666667 0.48703703703703705 0.7177083333333333 0.49166666666666664 0.7125 0.487962962962963 0.7010416666666667 0.42962962962962964 0.6947916666666667 0.4111111111111111 0.6953125 0.40370370370370373 0.6994791666666667 0.39814814814814814 0.7098958333333333 0.3990740740740741
0 0.5458333333333333 0.562962962962963 0.5520833333333334 0.5768518518518518 0.7317708333333334 0.6018518518518519 0.7359375 0.6064814814814815 0.7369791666666666 0.6157407407407407 0.7359375 0.6277777777777778 0.7317708333333334 0.6314814814814815 0.5958333333333333 0.6129629629629629 0.5609375 0.6055555555555555 0.55 0.6055555555555555 0.5458333333333333 0.6138888888888889 0.5364583333333334 0.6129629629629629 0.5354166666666667 0.5935185185185186 0.5369791666666667 0.5685185185185185 0.5390625 0.562962962962963 0.5453125 0.562962962962963
0 0.3072916666666667 0.40185185185185185 0.3104166666666667 0.4046296296296296 0.3125 0.4212962962962963 0.29635416666666664 0.43703703703703706 0.2921875 0.43425925925925923 0.2916666666666667 0.42685185185185187 0.3020833333333333 0.4111111111111111 0.30364583333333334 0.40370370370370373 0.3067708333333333 0.40185185185185185
0 0.47708333333333336 0.29259259259259257 0.49270833333333336 0.30277777777777776 0.49322916666666666 0.31203703703703706 0.49114583333333334 0.3148148148148148 0.4739583333333333 0.31296296296296294 0.47291666666666665 0.30185185185185187 0.4739583333333333 0.29444444444444445 0.4765625 0.2935185185185185
0 0.33958333333333335 0.37592592592592594 0.35104166666666664 0.40185185185185185 0.35104166666666664 0.4083333333333333 0.3489583333333333 0.4101851851851852 0.3453125 0.40925925925925927 0.33125 0.3907407407407407 0.334375 0.37777777777777777 0.3390625 0.37592592592592594
0 0.3453125 0.29907407407407405 0.34322916666666664 0.29259259259259257 0.34375 0.28703703703703703 0.36041666666666666 0.26851851851851855 0.3671875 0.25277777777777777 0.3723958333333333 0.2537037037037037 0.375 0.25833333333333336 0.37864583333333335 0.2712962962962963 0.3776041666666667 0.2824074074074074 0.36614583333333334 0.2861111111111111 0.353125 0.3 0.3458333333333333 0.29907407407407405
0 0.44375 0.25092592592592594 0.4557291666666667 0.25092592592592594 0.5286458333333334 0.2722222222222222 0.5338541666666666 0.26851851851851855 0.5380208333333333 0.2712962962962963 0.5364583333333334 0.287962962962963 0.5322916666666667 0.28888888888888886 0.5276041666666667 0.28425925925925927 0.5057291666666667 0.27685185185185185 0.4786458333333333 0.2722222222222222 0.44583333333333336 0.262037037037037 0.4432291666666667 0.25833333333333336 0.44375 0.2518518518518518
0 0.5291666666666667 0.12222222222222222 0.5322916666666667 0.13055555555555556 0.5302083333333333 0.15925925925925927 0.5270833333333333 0.1648148148148148 0.5244791666666667 0.1638888888888889 0.5223958333333333 0.15833333333333333 0.521875 0.12685185185185185 0.5239583333333333 0.12222222222222222 0.5286458333333334 0.12222222222222222
0 0.6442708333333333 0.4351851851851852 0.6614583333333334 0.43796296296296294 0.6671875 0.42777777777777776 0.671875 0.42777777777777776 0.6739583333333333 0.4361111111111111 0.6739583333333333 0.45740740740740743 0.6703125 0.4638888888888889 0.665625 0.46296296296296297 0.659375 0.4564814814814815 0.6317708333333333 0.4537037037037037 0.6307291666666667 0.4444444444444444 0.6322916666666667 0.43703703703703706 0.64375 0.4351851851851852
2 0.703125 0.26666666666666666 0.7109375 0.2712962962962963 0.715625 0.2824074074074074 0.7140625 0.29074074074074074 0.70625 0.2953703703703704 0.6932291666666667 0.29074074074074074 0.6875 0.28055555555555556 0.6885416666666667 0.2722222222222222 0.6916666666666667 0.26851851851851855 0.7026041666666667 0.26666666666666666
2 0.5291666666666667 0.3592592592592593 0.534375 0.36203703703703705 0.5364583333333334 0.3685185185185185 0.5354166666666667 0.3768518518518518 0.5291666666666667 0.38055555555555554 0.5239583333333333 0.37777777777777777 0.5208333333333334 0.37222222222222223 0.5223958333333333 0.3611111111111111 0.5286458333333334 0.3592592592592593
2 0.6932291666666667 0.2324074074074074 0.696875 0.23796296296296296 0.6979166666666666 0.24722222222222223 0.6953125 0.2537037037037037 0.6901041666666666 0.2574074074074074 0.6822916666666666 0.2564814814814815 0.6776041666666667 0.2518518518518518 0.675 0.2462962962962963 0.675 0.2388888888888889 0.68125 0.22962962962962963 0.6927083333333334 0.2324074074074074
2 0.5296875 0.3314814814814815 0.5359375 0.33611111111111114 0.5385416666666667 0.3453703703703704 0.5364583333333334 0.3537037037037037 0.5296875 0.3592592592592593 0.5234375 0.35833333333333334 0.515625 0.34814814814814815 0.515625 0.3416666666666667 0.5177083333333333 0.337037037037037 0.5223958333333333 0.33240740740740743 0.5291666666666667 0.3314814814814815
2 0.3375 0.2324074074074074 0.33958333333333335 0.23703703703703705 0.3375 0.24259259259259258 0.33177083333333335 0.23981481481481481 0.3333333333333333 0.23333333333333334 0.33697916666666666 0.2324074074074074
2 0.7213541666666666 0.375 0.7307291666666667 0.38333333333333336 0.7338541666666667 0.3972222222222222 0.7276041666666667 0.4074074074074074 0.7203125 0.40925925925925927 0.715625 0.4074074074074074 0.7104166666666667 0.4 0.703125 0.4009259259259259 0.7010416666666667 0.39444444444444443 0.7015625 0.387037037037037 0.7057291666666666 0.37777777777777777 0.7114583333333333 0.37407407407407406 0.7208333333333333 0.375
2 0.45677083333333335 0.22407407407407406 0.4588541666666667 0.23333333333333334 0.453125 0.2388888888888889 0.4453125 0.2361111111111111 0.44427083333333334 0.22685185185185186 0.44947916666666665 0.2222222222222222 0.45625 0.22407407407407406
2 0.43697916666666664 0.21481481481481482 0.44166666666666665 0.21851851851851853 0.44479166666666664 0.22777777777777777 0.4432291666666667 0.23425925925925925 0.434375 0.24074074074074073 0.425 0.23981481481481481 0.4203125 0.2361111111111111 0.41822916666666665 0.2324074074074074 0.41822916666666665 0.22407407407407406 0.425 0.21574074074074073 0.43645833333333334 0.21481481481481482
2 0.4421875 0.4583333333333333 0.44583333333333336 0.462037037037037 0.4453125 0.4703703703703704 0.4390625 0.4722222222222222 0.43697916666666664 0.46944444444444444 0.43645833333333334 0.46296296296296297 0.44166666666666665 0.45925925925925926
2 0.6546875 0.3314814814814815 0.6645833333333333 0.33796296296296297 0.6682291666666667 0.34814814814814815 0.6677083333333333 0.3574074074074074 0.659375 0.36574074074074076 0.65 0.3648148148148148 0.6432291666666666 0.3592592592592593 0.6395833333333333 0.35185185185185186 0.6390625 0.34444444444444444 0.6416666666666667 0.337037037037037 0.6541666666666667 0.3314814814814815
2 0.5739583333333333 0.462037037037037 0.5796875 0.46944444444444444 0.575 0.48055555555555557 0.5692708333333333 0.4787037037037037 0.5661458333333333 0.4722222222222222 0.5677083333333334 0.4648148148148148 0.5734375 0.462037037037037
2 0.6385416666666667 0.5472222222222223 0.6453125 0.5537037037037037 0.6505208333333333 0.5666666666666667 0.6505208333333333 0.5787037037037037 0.6453125 0.587037037037037 0.6234375 0.5851851851851851 0.6161458333333333 0.5722222222222222 0.6161458333333333 0.5592592592592592 0.6203125 0.55 0.6270833333333333 0.5453703703703704 0.6380208333333334 0.5472222222222223
2 0.59375 0.4666666666666667 0.6041666666666666 0.4740740740740741 0.6067708333333334 0.4787037037037037 0.6088541666666667 0.49074074074074076 0.6052083333333333 0.5027777777777778 0.596875 0.5092592592592593 0.5833333333333334 0.5046296296296297 0.578125 0.49722222222222223 0.5760416666666667 0.4898148148148148 0.5755208333333334 0.47962962962962963 0.5796875 0.4703703703703704 0.5932291666666667 0.4666666666666667
2 0.4942708333333333 0.3138888888888889 0.4979166666666667 0.3175925925925926 0.4979166666666667 0.32314814814814813 0.4942708333333333 0.3296296296296296 0.48854166666666665 0.3212962962962963 0.490625 0.31574074074074077 0.49375 0.3148148148148148
2 0.5463541666666667 0.5055555555555555 0.553125 0.5166666666666667 0.5541666666666667 0.5259259259259259 0.55 0.5388888888888889 0.5427083333333333 0.5453703703703704 0.5328125 0.5444444444444444 0.5255208333333333 0.5388888888888889 0.5203125 0.5287037037037037 0.5203125 0.5194444444444445 0.5223958333333333 0.5120370370370371 0.5307291666666667 0.5027777777777778 0.5395833333333333 0.5018518518518519 0.5458333333333333 0.5055555555555555
2 0.5010416666666667 0.17407407407407408 0.5015625 0.18425925925925926 0.49895833333333334 0.18888888888888888 0.49322916666666666 0.19166666666666668 0.484375 0.18796296296296297 0.4817708333333333 0.1814814814814815 0.4822916666666667 0.17592592592592593 0.4890625 0.16944444444444445 0.4973958333333333 0.17037037037037037 0.5005208333333333 0.17407407407407408
2 0.48489583333333336 0.3212962962962963 0.4901041666666667 0.32314814814814813 0.49375 0.3296296296296296 0.48802083333333335 0.33796296296296297 0.4791666666666667 0.3333333333333333 0.478125 0.3277777777777778 0.484375 0.3212962962962963
1 0.9765625 0.4777777777777778 0.9854166666666667 0.48703703703703705 0.9963541666666667 0.5046296296296297 0.996875 0.5148148148148148 0.9880208333333333 0.5287037037037037 0.9994791666666667 0.5462962962962963 0.9994791666666667 0.5796296296296296 0.9880208333333333 0.5953703703703703 0.9739583333333334 0.6407407407407407 0.9671875 0.6564814814814814 0.9630208333333333 0.6611111111111111 0.9541666666666667 0.6592592592592592 0.9317708333333333 0.6435185185185185 0.9114583333333334 0.6194444444444445 0.9078125 0.6129629629629629 0.90625 0.6037037037037037 0.9098958333333333 0.5888888888888889 0.9229166666666667 0.5638888888888889 0.928125 0.5398148148148149 0.9338541666666667 0.5287037037037037 0.9375 0.5148148148148148 0.9442708333333333 0.5074074074074074 0.9666666666666667 0.5101851851851852 0.9734375 0.4981481481481482 0.9682291666666667 0.48055555555555557 0.971875 0.47685185185185186 0.9760416666666667 0.4777777777777778
1 0.996875 0.4287037037037037 0.9994791666666667 0.42962962962962964 0.9994791666666667 0.43796296296296294 0.9807291666666667 0.44907407407407407 0.975 0.46296296296296297 0.9791666666666666 0.4666666666666667 0.9786458333333333 0.4740740740740741 0.9760416666666667 0.47685185185185186 0.9697916666666667 0.4759259259259259 0.9677083333333333 0.47962962962962963 0.9713541666666666 0.4935185185185185 0.9703125 0.5009259259259259 0.9640625 0.5074074074074074 0.9458333333333333 0.5055555555555555 0.9385416666666667 0.5111111111111111 0.9270833333333334 0.5351851851851852 0.9229166666666667 0.5583333333333333 0.9197916666666667 0.5648148148148148 0.9151041666666667 0.562037037037037 0.9078125 0.5481481481481482 0.909375 0.5222222222222223 0.9161458333333333 0.4981481481481482 0.925 0.48333333333333334 0.9401041666666666 0.4703703703703704 0.9458333333333333 0.45925925925925926 0.9520833333333333 0.45555555555555555 0.9640625 0.425 0.9760416666666667 0.4222222222222222 0.9963541666666667 0.4287037037037037
1 0.9994791666666667 0.5824074074074074 0.9994791666666667 0.6416666666666667 0.9963541666666667 0.6425925925925926 0.9802083333333333 0.6398148148148148 0.9765625 0.6370370370370371 0.9765625 0.6324074074074074 0.9869791666666666 0.5990740740740741 0.9942708333333333 0.5861111111111111 0.9989583333333333 0.5824074074074074
1 0.22395833333333334 0.001851851851851852 0.22760416666666666 0.003703703703703704 0.2296875 0.024074074074074074 0.24166666666666667 0.06018518518518518 0.24635416666666668 0.10555555555555556 0.25416666666666665 0.15462962962962962 0.25364583333333335 0.1648148148148148 0.2515625 0.1675925925925926 0.23020833333333332 0.1675925925925926 0.22760416666666666 0.1638888888888889 0.2234375 0.14629629629629629 0.21302083333333333 0.06851851851851852 0.215625 0.044444444444444446 0.215625 0.025925925925925925 0.21302083333333333 0.01574074074074074 0.21302083333333333 0.006481481481481481 0.215625 0.002777777777777778 0.2234375 0.001851851851851852
1 0.19010416666666666 0.012962962962962963 0.19479166666666667 0.018518518518518517 0.196875 0.027777777777777776 0.20729166666666668 0.046296296296296294 0.21770833333333334 0.10555555555555556 0.221875 0.14629629629629629 0.22604166666666667 0.1638888888888889 0.2234375 0.1685185185185185 0.20729166666666668 0.17037037037037037 0.19635416666666666 0.1675925925925926 0.18489583333333334 0.09351851851851851 0.17604166666666668 0.05092592592592592 0.18020833333333333 0.037037037037037035 0.1796875 0.018518518518518517 0.18385416666666668 0.013888888888888888 0.18958333333333333 0.012962962962962963