0 0.5119791666666667 0.3851851851851852 0.521875 0.42592592592592593 0.5203125 0.43703703703703706 0.5125 0.4444444444444444 0.5067708333333333 0.4425925925925926 0.5020833333333333 0.4287037037037037 0.5041666666666667 0.4148148148148148 0.503125 0.3888888888888889 0.5114583333333333 0.3851851851851852
0 0.6354166666666666 0.28055555555555556 0.6390625 0.28888888888888886 0.6385416666666667 0.3 0.6229166666666667 0.3055555555555556 0.6192708333333333 0.3037037037037037 0.61875 0.2962962962962963 0.6348958333333333 0.28055555555555556
0 0.7255208333333333 0.40925925925925927 0.7270833333333333 0.41203703703703703 0.7255208333333333 0.42592592592592593 0.7 0.45185185185185184 0.6958333333333333 0.45185185185185184 0.6901041666666666 0.4425925925925926 0.6885416666666667 0.4287037037037037 0.6921875 0.4185185185185185 0.6963541666666667 0.4148148148148148 0.7067708333333333 0.4166666666666667 0.7192708333333333 0.4074074074074074 0.725 0.40925925925925927
0 0.5 0.20185185185185187 0.503125 0.20833333333333334 0.515625 0.2175925925925926 0.5713541666666667 0.2490740740740741 0.578125 0.25555555555555554 0.5776041666666667 0.26666666666666666 0.5734375 0.26666666666666666 0.5395833333333333 0.24722222222222223 0.50625 0.22407407407407406 0.4947916666666667 0.2222222222222222 0.49322916666666666 0.21944444444444444 0.4942708333333333 0.20277777777777778 0.49947916666666664 0.20185185185185187
0 0.49114583333333334 0.17314814814814813 0.5078125 0.1814814814814815 0.5192708333333333 0.1814814814814815 0.521875 0.18981481481481483 0.5213541666666667 0.20185185185185187 0.51875 0.21296296296296297 0.515625 0.21481481481481482 0.4984375 0.19907407407407407 0.490625 0.20092592592592592 0.484375 0.19722222222222222 0.48072916666666665 0.19074074074074074 0.48072916666666665 0.17962962962962964 0.484375 0.17314814814814813 0.490625 0.17314814814814813
0 0.675 0.5425925925925926 0.6822916666666666 0.5574074074074075 0.684375 0.5694444444444444 0.6854166666666667 0.587037037037037 0.6833333333333333 0.5916666666666667 0.6765625 0.5972222222222222 0.6625 0.5935185185185186 0.6140625 0.6212962962962963 0.6088541666666667 0.6203703703703703 0.6057291666666667 0.6157407407407407 0.603125 0.6 0.6046875 0.5916666666666667 0.659375 0.562037037037037 0.6625 0.5518518518518518 0.6708333333333333 0.5425925925925926 0.6744791666666666 0.5425925925925926
0 0.4354166666666667 0.5138888888888888 0.43854166666666666 0.5194444444444445 0.4395833333333333 0.5453703703703704 0.4395833333333333 0.5601851851851852 0.4359375 0.5657407407407408 0.42864583333333334 0.5638888888888889 0.42604166666666665 0.5574074074074075 0.42135416666666664 0.5574074074074075 0.3411458333333333 0.5675925925925925 0.32447916666666665 0.5731481481481482 0.2526041666666667 0.5833333333333334 0.2453125 0.5805555555555556 0.2421875 0.5712962962962963 0.24322916666666666 0.5564814814814815 0.2484375 0.55 0.425 0.5277777777777778 0.42864583333333334 0.5148148148148148 0.4348958333333333 0.5138888888888888
0 0.42239583333333336 0.4462962962962963 0.053125 0.07777777777777778
0 0.4953125 0.14537037037037037 0.5229166666666667 0.1574074074074074 0.5734375 0.1712962962962963 0.5770833333333333 0.17777777777777778 0.575 0.18425925925925926 0.5166666666666667 0.16574074074074074 0.49114583333333334 0.16296296296296298 0.490625 0.14907407407407408 0.4947916666666667 0.14537037037037037
0 0.36666666666666664 0.1814814814814815 0.37395833333333334 0.19537037037037036 0.39791666666666664 0.21574074074074073 0.3984375 0.22685185185185186 0.39427083333333335 0.2351851851851852 0.3890625 0.23425925925925925 0.37135416666666665 0.22037037037037038 0.3619791666666667 0.21851851851851853 0.3572916666666667 0.21203703703703702 0.35572916666666665 0.19907407407407407 0.3578125 0.18981481481481483 0.3619791666666667 0.1824074074074074 0.36614583333333334 0.1814814814814815
0 0.546875 0.47314814814814815 0.5494791666666666 0.47962962962962963 0.546875 0.4898148148148148 0.5276041666666667 0.5055555555555555 0.5192708333333333 0.5166666666666667 0.5151041666666667 0.5138888888888888 0.5119791666666667 0.5046296296296297 0.5114583333333333 0.4935185185185185 0.5140625 0.487962962962963 0.5234375 0.48703703703703705 0.5411458333333333 0.47314814814814815 0.5463541666666667 0.47314814814814815
0 0.4666666666666667 0.524074074074074 0.47291666666666665 0.5351851851851852 0.4739583333333333 0.5675925925925925 0.4703125 0.5712962962962963 0.4666666666666667 0.5675925925925925 0.4583333333333333 0.537962962962963 0.4609375 0.5277777777777778 0.4661458333333333 0.525
0 0.66875 0.3138888888888889 0.6703125 0.3175925925925926 0.66875 0.33240740740740743 0.6505208333333333 0.32592592592592595 0.6489583333333333 0.32222222222222224 0.65 0.31666666666666665 0.6682291666666667 0.3138888888888889
2 0.47552083333333334 0.3925925925925926 0.4786458333333333 0.3962962962962963 0.4786458333333333 0.4009259259259259 0.47552083333333334 0.4046296296296296 0.46979166666666666 0.40185185185185185 0.4703125 0.39444444444444443 0.475 0.3925925925925926
2 0.4583333333333333 0.3731481481481482 0.46041666666666664 0.3814814814814815 0.45677083333333335 0.38796296296296295 0.4505208333333333 0.387037037037037 0.44895833333333335 0.3787037037037037 0.45260416666666664 0.37222222222222223 0.4578125 0.3731481481481482
2 0.4817708333333333 0.2796296296296296 0.4875 0.28703703703703703 0.48854166666666665 0.29814814814814816 0.484375 0.3055555555555556 0.47708333333333336 0.30925925925925923 0.4666666666666667 0.30648148148148147 0.46197916666666666 0.3 0.46145833333333336 0.2953703703703704 0.4630208333333333 0.287962962962963 0.4666666666666667 0.2824074074074074 0.475 0.27870370370370373 0.48125 0.2796296296296296
2 0.4390625 0.22037037037037038 0.440625 0.22870370370370371 0.43697916666666664 0.2324074074074074 0.43125 0.23055555555555557 0.43020833333333336 0.22407407407407406 0.4328125 0.22037037037037038 0.43854166666666666 0.22037037037037038
2 0.46510416666666665 0.35648148148148145 0.46979166666666666 0.3592592592592593 0.46979166666666666 0.36574074074074076 0.465625 0.36944444444444446 0.4609375 0.36666666666666664 0.46145833333333336 0.3592592592592593 0.46458333333333335 0.35648148148148145
2 0.6854166666666667 0.5120370370370371 0.6953125 0.5194444444444445 0.7005208333333334 0.5296296296296297 0.7020833333333333 0.537962962962963 0.7 0.549074074074074 0.6916666666666667 0.5574074074074075 0.6822916666666666 0.5555555555555556 0.6765625 0.5435185185185185 0.6682291666666667 0.5425925925925926 0.6677083333333333 0.5398148148148149 0.6677083333333333 0.5268518518518519 0.671875 0.5175925925925926 0.6848958333333334 0.5120370370370371
2 0.5333333333333333 0.412962962962963 0.5369791666666667 0.41759259259259257 0.5380208333333333 0.425 0.5359375 0.43148148148148147 0.5322916666666667 0.43425925925925923 0.5239583333333333 0.4324074074074074 0.521875 0.4185185185185185 0.525 0.41388888888888886 0.5328125 0.412962962962963
2 0.46927083333333336 0.34444444444444444 0.47239583333333335 0.3490740740740741 0.46979166666666666 0.3574074074074074 0.4630208333333333 0.35648148148148145 0.4609375 0.3527777777777778 0.4630208333333333 0.3453703703703704 0.46875 0.34444444444444444
2 0.596875 0.3509259259259259 0.6020833333333333 0.3574074074074074 0.6036458333333333 0.36944444444444446 0.5963541666666666 0.3787037037037037 0.5875 0.37777777777777777 0.5807291666666666 0.36944444444444446 0.5807291666666666 0.3592592592592593 0.5833333333333334 0.3537037037037037 0.590625 0.3490740740740741 0.5963541666666666 0.3509259259259259
2 0.4552083333333333 0.30277777777777776 0.45989583333333334 0.3074074074074074 0.4609375 0.32037037037037036 0.4583333333333333 0.3277777777777778 0.4510416666666667 0.3333333333333333 0.4421875 0.3333333333333333 0.43697916666666664 0.3296296296296296 0.43385416666666665 0.32407407407407407 0.43385416666666665 0.3148148148148148 0.44166666666666665 0.30277777777777776 0.4546875 0.30277777777777776
2 0.42135416666666664 0.3425925925925926 0.4265625 0.3490740740740741 0.4276041666666667 0.36203703703703705 0.4239583333333333 0.36944444444444446 0.4166666666666667 0.375 0.4036458333333333 0.37222222222222223 0.39947916666666666 0.36574074074074076 0.39895833333333336 0.35833333333333334 0.4005208333333333 0.35185185185185186 0.40625 0.34444444444444444 0.42083333333333334 0.3425925925925926
2 0.53125 0.37037037037037035 0.5333333333333333 0.3768518518518518 0.5291666666666667 0.3814814814814815 0.5244791666666667 0.37962962962962965 0.5234375 0.375 0.5255208333333333 0.36944444444444446 0.5307291666666667 0.37037037037037035
2 0.490625 0.3472222222222222 0.4942708333333333 0.35185185185185186 0.4953125 0.362962962962963 0.49166666666666664 0.37037037037037035 0.484375 0.3731481481481482 0.4739583333333333 0.36666666666666664 0.47239583333333335 0.362962962962963 0.47291666666666665 0.35555555555555557 0.48072916666666665 0.34629629629629627 0.4901041666666667 0.3472222222222222
2 0.5536458333333333 0.35462962962962963 0.565625 0.36574074074074076 0.5666666666666667 0.3768518518518518 0.5651041666666666 0.3824074074074074 0.55625 0.3907407407407407 0.5463541666666667 0.38981481481481484 0.5390625 0.38333333333333336 0.5375 0.3787037037037037 0.5390625 0.362962962962963 0.5463541666666667 0.35555555555555557 0.553125 0.35555555555555557
2 0.5578125 0.5814814814814815 0.5640625 0.5842592592592593 0.5671875 0.5898148148148148 0.5666666666666667 0.6046296296296296 0.5609375 0.6092592592592593 0.5526041666666667 0.6064814814814815 0.5489583333333333 0.5972222222222222 0.55 0.5879629629629629 0.5572916666666666 0.5814814814814815
2 0.5380208333333333 0.25555555555555554 0.540625 0.25833333333333336 0.5432291666666667 0.26944444444444443 0.5411458333333333 0.2759259259259259 0.5333333333333333 0.2814814814814815 0.5213541666666667 0.2759259259259259 0.5197916666666667 0.2638888888888889 0.5229166666666667 0.2564814814814815 0.5265625 0.2537037037037037 0.5375 0.25555555555555554
2 0.5859375 0.39444444444444443 0.5901041666666667 0.3972222222222222 0.5921875 0.4027777777777778 0.5921875 0.4111111111111111 0.5880208333333333 0.41574074074074074 0.5802083333333333 0.4148148148148148 0.5755208333333334 0.40555555555555556 0.578125 0.3962962962962963 0.5854166666666667 0.39444444444444443
2 0.45364583333333336 0.3925925925925926 0.4557291666666667 0.3972222222222222 0.453125 0.4046296296296296 0.4484375 0.4046296296296296 0.44635416666666666 0.4009259259259259 0.4473958333333333 0.39351851851851855 0.453125 0.3925925925925926
2 0.5755208333333334 0.33425925925925926 0.58125 0.33796296296296297 0.5859375 0.3490740740740741 0.5791666666666667 0.36666666666666664 0.5734375 0.3685185185185185 0.5661458333333333 0.36666666666666664 0.5583333333333333 0.35555555555555557 0.5572916666666666 0.3490740740740741 0.5588541666666667 0.3425925925925926 0.5635416666666667 0.33611111111111114 0.575 0.33425925925925926
2 0.6052083333333333 0.25925925925925924 0.6098958333333333 0.26296296296296295 0.6135416666666667 0.2722222222222222 0.6130208333333333 0.28055555555555556 0.6072916666666667 0.2861111111111111 0.5947916666666667 0.2851851851851852 0.5911458333333334 0.2824074074074074 0.5875 0.27314814814814814 0.5885416666666666 0.2657407407407407 0.5927083333333333 0.2601851851851852 0.6046875 0.25925925925925924
1 0.9734375 0.47685185185185186 0.984375 0.4861111111111111 0.9963541666666667 0.5055555555555555 0.9963541666666667 0.5148148148148148 0.9869791666666666 0.5287037037037037 0.9994791666666667 0.5462962962962963 0.9994791666666667 0.5796296296296296 0.9869791666666666 0.5962962962962963 0.96875 0.6537037037037037 0.9640625 0.6601851851851852 0.9578125 0.6611111111111111 0.9317708333333333 0.6435185185185185 0.9119791666666667 0.6203703703703703 0.9072916666666667 0.612037037037037 0.90625 0.6018518518518519 0.9104166666666667 0.5879629629629629 0.9234375 0.562962962962963 0.9270833333333334 0.5398148148148149 0.9338541666666667 0.5268518518518519 0.9369791666666667 0.5157407407407407 0.9447916666666667 0.5074074074074074 0.9671875 0.5101851851851852 0.9734375 0.4981481481481482 0.9734375 0.4935185185185185 0.96875 0.48148148148148145 0.9729166666666667 0.4777777777777778
1 0.9942708333333333 0.5398148148148149 0.9890625 0.5287037037037037 0.9916666666666667 0.5222222222222223 0.9979166666666667 0.5175925925925926 0.9994791666666667 0.5175925925925926 0.9994791666666667 0.5444444444444444 0.9947916666666666 0.5398148148148149
1 0.9848958333333333 0.42407407407407405 0.9994791666666667 0.42962962962962964 0.9994791666666667 0.43796296296296294 0.98125 0.44722222222222224 0.9755208333333333 0.45555555555555555 0.9734375 0.46296296296296297 0.9786458333333333 0.4666666666666667 0.9791666666666666 0.47129629629629627 0.9776041666666667 0.47685185185185186 0.9703125 0.4759259259259259 0.9682291666666667 0.4787037037037037 0.9677083333333333 0.4842592592592593 0.9713541666666666 0.49444444444444446 0.9708333333333333 0.49907407407407406 0.9645833333333333 0.5064814814814815 0.9489583333333333 0.5046296296296297 0.9385416666666667 0.5111111111111111 0.9244791666666666 0.5398148148148149 0.9229166666666667 0.5592592592592592 0.9182291666666667 0.5657407407407408 0.9078125 0.549074074074074 0.9088541666666666 0.5231481481481481 0.9161458333333333 0.4981481481481482 0.9255208333333333 0.4824074074074074 0.9401041666666666 0.47129629629629627 0.9458333333333333 0.45925925925925926 0.9520833333333333 0.45555555555555555 0.9625 0.42592592592592593 0.9666666666666667 0.42314814814814816 0.984375 0.42407407407407405
1 0.2265625 0.002777777777777778 0.22916666666666666 0.021296296296296296 0.23385416666666667 0.032407407407407406 0.24270833333333333 0.06944444444444445 0.253125 0.15185185185185185 0.2515625 0.1675925925925926 0.23072916666666668 0.1685185185185185 0.22708333333333333 0.1638888888888889 0.22447916666666667 0.1527777777777778 0.215625 0.0962962962962963 0.2140625 0.07222222222222222 0.21614583333333334 0.03611111111111111 0.21302083333333333 0.007407407407407408 0.21614583333333334 0.002777777777777778 0.22604166666666667 0.002777777777777778
1 0.20208333333333334 0.03518518518518519 0.20729166666666668 0.046296296296296294 0.21041666666666667 0.062037037037037036 0.21770833333333334 0.10740740740740741 0.22135416666666666 0.1537037037037037 0.22447916666666667 0.16111111111111112 0.2234375 0.1675925925925926 0.20572916666666666 0.17037037037037037 0.19583333333333333 0.1675925925925926 0.18854166666666666 0.11666666666666667 0.17604166666666668 0.05 0.18020833333333333 0.03796296296296296 0.1796875 0.018518518518518517 0.18385416666666668 0.013888888888888888 0.19270833333333334 0.014814814814814815 0.196875 0.028703703703703703 0.2015625 0.03518518518518519