0 0.5604166666666667 0.36944444444444446 0.5713541666666667 0.3787037037037037 0.6505208333333333 0.3972222222222222 0.6552083333333333 0.40370370370370373 0.6552083333333333 0.41203703703703703 0.6510416666666666 0.4185185185185185 0.571875 0.39444444444444443 0.565625 0.39351851851851855 0.5572916666666666 0.3972222222222222 0.5520833333333334 0.39166666666666666 0.5510416666666667 0.3787037037037037 0.5541666666666667 0.3712962962962963 0.5598958333333334 0.36944444444444446
0 0.5651041666666666 0.1574074074074074 0.5697916666666667 0.1638888888888889 0.5703125 0.1712962962962963 0.5682291666666667 0.17685185185185184 0.5619791666666667 0.18055555555555555 0.534375 0.18425925925925926 0.5140625 0.18333333333333332 0.4979166666666667 0.18796296296296297 0.49375 0.1935185185185185 0.4895833333333333 0.1935185185185185 0.4859375 0.18796296296296297 0.48541666666666666 0.17592592592592593 0.48854166666666665 0.1712962962962963 0.503125 0.17314814814814813 0.5234375 0.16944444444444445 0.5338541666666666 0.16296296296296298 0.5645833333333333 0.1574074074074074
0 0.5614583333333333 0.7611111111111111 0.5713541666666667 0.7675925925925926 0.5744791666666667 0.7731481481481481 0.5744791666666667 0.7824074074074074 0.5625 0.8185185185185185 0.5541666666666667 0.9074074074074074 0.55 0.9342592592592592 0.5453125 0.9981481481481481 0.5265625 0.9990740740740741 0.5265625 0.9962962962962963 0.5494791666666666 0.8 0.5489583333333333 0.7916666666666666 0.5453125 0.7814814814814814 0.5458333333333333 0.7731481481481481 0.5510416666666667 0.7620370370370371 0.5609375 0.7620370370370371
0 0.5583333333333333 0.44074074074074077 0.5635416666666667 0.44814814814814813 0.5640625 0.4564814814814815 0.55 0.4787037037037037 0.5458333333333333 0.47685185185185186 0.5453125 0.46574074074074073 0.5510416666666667 0.4444444444444444 0.553125 0.44074074074074077 0.5578125 0.44074074074074077
0 0.675 0 0.6760416666666667 0.002777777777777778 0.6744791666666666 0.012037037037037037 0.6442708333333333 0.08518518518518518 0.6401041666666667 0.09907407407407408 0.6390625 0.11481481481481481 0.634375 0.12222222222222222 0.6265625 0.1175925925925926 0.6182291666666667 0.10462962962962963 0.6161458333333333 0.09814814814814815 0.6171875 0.09074074074074075 0.628125 0.0787037037037037 0.659375 0 0.6744791666666666 0
0 0.4546875 0.39814814814814814 0.459375 0.4 0.4609375 0.40370370370370373 0.46041666666666664 0.4601851851851852 0.4630208333333333 0.46574074074074073 0.4635416666666667 0.4759259259259259 0.459375 0.48148148148148145 0.4484375 0.48055555555555557 0.4427083333333333 0.475 0.4427083333333333 0.46944444444444444 0.446875 0.45925925925925926 0.4473958333333333 0.4046296296296296 0.4484375 0.4009259259259259 0.45416666666666666 0.39814814814814814
0 0.440625 0.725925925925926 0.44427083333333334 0.7361111111111112 0.44375 0.75 0.44114583333333335 0.7555555555555555 0.4359375 0.7555555555555555 0.43125 0.7509259259259259 0.4114583333333333 0.7555555555555555 0.4088541666666667 0.7481481481481481 0.409375 0.7407407407407407 0.4125 0.737037037037037 0.4276041666666667 0.7342592592592593 0.4328125 0.725 0.4401041666666667 0.725925925925926
0 0.36041666666666666 0.7064814814814815 0.36666666666666664 0.712037037037037 0.38125 0.7407407407407407 0.38333333333333336 0.7481481481481481 0.3828125 0.7555555555555555 0.378125 0.7620370370370371 0.37447916666666664 0.7620370370370371 0.3515625 0.7314814814814815 0.35208333333333336 0.7166666666666667 0.3567708333333333 0.7083333333333334 0.35989583333333336 0.7074074074074074
0 0.5098958333333333 0.5564814814814815 0.5192708333333333 0.562962962962963 0.5192708333333333 0.5740740740740741 0.5088541666666667 0.6453703703703704 0.509375 0.6555555555555556 0.5125 0.6620370370370371 0.5114583333333333 0.6722222222222223 0.5057291666666667 0.6805555555555556 0.49322916666666666 0.6777777777777778 0.48541666666666666 0.6648148148148149 0.4869791666666667 0.6555555555555556 0.4947916666666667 0.6425925925925926 0.5046875 0.5611111111111111 0.509375 0.5564814814814815
2 0.39010416666666664 0.8277777777777777 0.39427083333333335 0.837037037037037 0.3963541666666667 0.8518518518518519 0.3953125 0.8638888888888889 0.39114583333333336 0.8712962962962963 0.3880208333333333 0.8712962962962963 0.3848958333333333 0.8666666666666667 0.38177083333333334 0.85 0.38333333333333336 0.8333333333333334 0.3859375 0.8287037037037037 0.38958333333333334 0.8277777777777777
2 0.42552083333333335 0.2824074074074074 0.4270833333333333 0.2861111111111111 0.42552083333333335 0.2962962962962963 0.42135416666666664 0.2935185185185185 0.421875 0.2851851851851852 0.425 0.2824074074074074
2 0.4817708333333333 0.8611111111111112 0.4875 0.8740740740740741 0.4895833333333333 0.8907407407407407 0.4890625 0.9018518518518519 0.48333333333333334 0.912962962962963 0.47552083333333334 0.9064814814814814 0.4708333333333333 0.887962962962963 0.4708333333333333 0.8731481481481481 0.4734375 0.8638888888888889 0.47760416666666666 0.8592592592592593 0.48125 0.8611111111111112
2 0.4270833333333333 0.5453703703703704 0.43020833333333336 0.5518518518518518 0.4322916666666667 0.5703703703703704 0.43072916666666666 0.5787037037037037 0.42552083333333335 0.5842592592592593 0.4192708333333333 0.5787037037037037 0.41770833333333335 0.5592592592592592 0.42135416666666664 0.5462962962962963 0.4265625 0.5453703703703704
2 0.3723958333333333 0.45185185185185184 0.37135416666666665 0.43796296296296294 0.37447916666666664 0.42962962962962964 0.378125 0.43333333333333335 0.37916666666666665 0.4462962962962963 0.3765625 0.4527777777777778 0.3729166666666667 0.45185185185185184
2 0.3729166666666667 0.20833333333333334 0.3770833333333333 0.21481481481481482 0.3776041666666667 0.22685185185185186 0.37604166666666666 0.23796296296296296 0.3723958333333333 0.24351851851851852 0.36770833333333336 0.2388888888888889 0.36666666666666664 0.23148148148148148 0.36875 0.21296296296296297 0.3723958333333333 0.20833333333333334
2 0.5307291666666667 0.2833333333333333 0.5348958333333333 0.29907407407407405 0.534375 0.31574074074074077 0.5302083333333333 0.3296296296296296 0.5244791666666667 0.33611111111111114 0.5203125 0.3351851851851852 0.5151041666666667 0.32592592592592595 0.5140625 0.30462962962962964 0.5213541666666667 0.2833333333333333 0.5239583333333333 0.28055555555555556 0.5302083333333333 0.2833333333333333
2 0.4557291666666667 0.24814814814814815 0.45989583333333334 0.25462962962962965 0.46145833333333336 0.26851851851851855 0.4583333333333333 0.28888888888888886 0.453125 0.2953703703703704 0.4479166666666667 0.29444444444444445 0.44583333333333336 0.29074074074074074 0.44375 0.28055555555555556 0.44375 0.2675925925925926 0.44583333333333336 0.25555555555555554 0.44947916666666665 0.2490740740740741 0.4552083333333333 0.24814814814814815
2 0.6322916666666667 0.8101851851851852 0.6364583333333333 0.8240740740740741 0.6359375 0.8324074074074074 0.6328125 0.837037037037037 0.6276041666666666 0.8351851851851851 0.6234375 0.8231481481481482 0.6255208333333333 0.8111111111111111 0.6317708333333333 0.8101851851851852
2 0.43333333333333335 0.12962962962962962 0.4375 0.13518518518518519 0.43854166666666666 0.15092592592592594 0.43697916666666664 0.16574074074074074 0.4317708333333333 0.17777777777777778 0.4244791666666667 0.175 0.42239583333333336 0.1574074074074074 0.4244791666666667 0.14444444444444443 0.42864583333333334 0.13333333333333333 0.4328125 0.12962962962962962
2 0.48541666666666666 0.6703703703703704 0.49166666666666664 0.6759259259259259 0.49166666666666664 0.6925925925925925 0.4859375 0.6972222222222222 0.4817708333333333 0.6907407407407408 0.4817708333333333 0.6768518518518518 0.48489583333333336 0.6712962962962963
2 0.3697916666666667 0.29074074074074074 0.3734375 0.29907407407407405 0.37395833333333334 0.3138888888888889 0.3703125 0.3296296296296296 0.36666666666666664 0.33240740740740743 0.3614583333333333 0.32407407407407407 0.3609375 0.30648148148148147 0.3640625 0.29259259259259257 0.3692708333333333 0.29074074074074074
2 0.49322916666666666 0.4361111111111111 0.49947916666666664 0.4425925925925926 0.5020833333333333 0.4537037037037037 0.5020833333333333 0.4722222222222222 0.49895833333333334 0.48333333333333334 0.4953125 0.487962962962963 0.4895833333333333 0.48703703703703705 0.48489583333333336 0.4787037037037037 0.48333333333333334 0.46944444444444444 0.48541666666666666 0.4462962962962963 0.48854166666666665 0.4398148148148148 0.49270833333333336 0.43703703703703706
2 0.4041666666666667 0.5342592592592592 0.4088541666666667 0.5453703703703704 0.409375 0.5592592592592592 0.40625 0.5703703703703704 0.4036458333333333 0.5722222222222222 0.39947916666666666 0.5694444444444444 0.39739583333333334 0.5601851851851852 0.3984375 0.5407407407407407 0.4036458333333333 0.5342592592592592
2 0.40625 0.7898148148148149 0.41041666666666665 0.8 0.40989583333333335 0.812037037037037 0.4078125 0.8157407407407408 0.403125 0.812037037037037 0.4015625 0.8018518518518518 0.40260416666666665 0.7925925925925926 0.40572916666666664 0.7898148148148149
1 0.3416666666666667 -0.043055555555555555 0.08541666666666667 0.08611111111111111
1 0.29322916666666665 0 0.37552083333333336 0 0.3828125 0.006481481481481481 0.38229166666666664 0.04722222222222222 0.3770833333333333 0.05 0.3489583333333333 0.03611111111111111 0.3234375 0.02962962962962963 0.30625 0.008333333333333333 0.29635416666666664 0.006481481481481481 0.29322916666666665 0.000925925925925926