0 0.6161458333333333 0.48703703703703705 0.63125 0.5027777777777778 0.7552083333333334 0.6037037037037037 0.7588541666666667 0.6055555555555555 0.7651041666666667 0.6 0.7703125 0.6018518518518519 0.7744791666666667 0.6092592592592593 0.7723958333333333 0.6287037037037037 0.765625 0.6472222222222223 0.7614583333333333 0.6527777777777778 0.7541666666666667 0.649074074074074 0.7510416666666667 0.6342592592592593 0.7463541666666667 0.6277777777777778 0.6973958333333333 0.5879629629629629 0.675 0.5638888888888889 0.6682291666666667 0.562962962962963 0.6473958333333333 0.55 0.6114583333333333 0.5203703703703704 0.6057291666666667 0.5083333333333333 0.6052083333333333 0.49722222222222223 0.6088541666666667 0.4898148148148148 0.615625 0.48703703703703705
0 0.7067708333333333 0.6388888888888888 0.7234375 0.6638888888888889 0.7338541666666667 0.6703703703703704 0.7380208333333333 0.6777777777777778 0.7390625 0.6824074074074075 0.7375 0.6935185185185185 0.7333333333333333 0.7018518518518518 0.7270833333333333 0.7074074074074074 0.721875 0.7064814814814815 0.7125 0.6805555555555556 0.6989583333333333 0.6583333333333333 0.6973958333333333 0.6444444444444445 0.7020833333333333 0.637962962962963 0.70625 0.6388888888888888
0 0.4596354166666667 0.4935185185185185 0.016145833333333335 0.040740740740740744
0 0.6578125 0.4305555555555556 0.6625 0.4425925925925926 0.6619791666666667 0.44537037037037036 0.6369791666666667 0.4888888888888889 0.6317708333333333 0.487962962962963 0.6234375 0.47685185185185186 0.6229166666666667 0.46296296296296297 0.6484375 0.43148148148148147 0.6572916666666667 0.4305555555555556
0 0.6036458333333333 0.5296296296296297 0.6338541666666667 0.5601851851851852 0.6427083333333333 0.5611111111111111 0.6473958333333333 0.5675925925925925 0.6479166666666667 0.575925925925926 0.6453125 0.5907407407407408 0.6380208333333334 0.600925925925926 0.6338541666666667 0.5990740740740741 0.6239583333333333 0.5814814814814815 0.5916666666666667 0.5462962962962963 0.5911458333333334 0.5370370370370371 0.5947916666666667 0.5277777777777778 0.603125 0.5296296296296297
0 0.6239583333333333 0.6148148148148148 0.6286458333333333 0.6259259259259259 0.6270833333333333 0.6370370370370371 0.6119791666666666 0.6481481481481481 0.5875 0.6814814814814815 0.5786458333333333 0.6972222222222222 0.5401041666666667 0.7444444444444445 0.5359375 0.7444444444444445 0.5333333333333333 0.7407407407407407 0.5317708333333333 0.7351851851851852 0.5328125 0.7277777777777777 0.5703125 0.6787037037037037 0.5817708333333333 0.6694444444444444 0.6104166666666667 0.6314814814814815 0.6166666666666667 0.6148148148148148 0.6234375 0.6148148148148148
0 0.4390625 0.44166666666666665 0.4421875 0.44814814814814813 0.4421875 0.4537037037037037 0.4401041666666667 0.4564814814814815 0.3645833333333333 0.4925925925925926 0.35052083333333334 0.5018518518518519 0.3453125 0.5120370370370371 0.3416666666666667 0.5074074074074074 0.3390625 0.49722222222222223 0.3385416666666667 0.4842592592592593 0.3411458333333333 0.48055555555555557 0.3515625 0.48518518518518516 0.3932291666666667 0.4648148148148148 0.4197916666666667 0.44814814814814813 0.43854166666666666 0.44166666666666665
0 0.4197916666666667 0.5055555555555555 0.43020833333333336 0.5157407407407407 0.4322916666666667 0.5222222222222223 0.4317708333333333 0.5277777777777778 0.425 0.5361111111111111 0.42083333333333334 0.5342592592592592 0.4125 0.5138888888888888 0.41354166666666664 0.5046296296296297 0.4192708333333333 0.5055555555555555
0 0.6526041666666667 0.4740740740740741 0.6515625 0.46574074074074073 0.6536458333333334 0.45925925925925926 0.6640625 0.4444444444444444 0.6692708333333334 0.44722222222222224 0.6692708333333334 0.45555555555555555 0.6588541666666666 0.4759259259259259 0.653125 0.4740740740740741
0 0.690625 0.43703703703703706 0.6958333333333333 0.44814814814814813 0.6958333333333333 0.4583333333333333 0.665625 0.5018518518518519 0.6609375 0.5009259259259259 0.65625 0.49444444444444446 0.6546875 0.48703703703703705 0.6557291666666667 0.48055555555555557 0.6697916666666667 0.4564814814814815 0.6776041666666667 0.43703703703703706 0.68125 0.43333333333333335 0.6901041666666666 0.43703703703703706
0 0.6505208333333333 0.5916666666666667 0.6588541666666666 0.5787037037037037 0.6697916666666667 0.5787037037037037 0.6734375 0.587037037037037 0.6744791666666666 0.5962962962962963 0.6744791666666666 0.600925925925926 0.6708333333333333 0.6064814814814815 0.6755208333333333 0.6416666666666667 0.675 0.649074074074074 0.6713541666666667 0.6527777777777778 0.6635416666666667 0.65 0.6583333333333333 0.6138888888888889 0.6520833333333333 0.600925925925926 0.6510416666666666 0.5925925925925926
0 0.6791666666666667 0.40555555555555556 0.6848958333333334 0.412962962962963 0.6760416666666667 0.4148148148148148 0.6739583333333333 0.41388888888888886 0.6739583333333333 0.40925925925925927 0.6786458333333333 0.40555555555555556
0 0.7203125 0.4046296296296296 0.7223958333333333 0.4083333333333333 0.7229166666666667 0.4305555555555556 0.721875 0.4462962962962963 0.7192708333333333 0.45185185185185184 0.7104166666666667 0.45092592592592595 0.7083333333333334 0.4444444444444444 0.6973958333333333 0.44166666666666665 0.6869791666666667 0.43148148148148147 0.6786458333333333 0.43425925925925923 0.6739583333333333 0.4425925925925926 0.6619791666666667 0.44351851851851853 0.659375 0.43148148148148147 0.6552083333333333 0.4287037037037037 0.6552083333333333 0.41944444444444445 0.6557291666666667 0.4166666666666667 0.6677083333333333 0.41574074074074074 0.7057291666666666 0.41574074074074074 0.709375 0.4148148148148148 0.7119791666666667 0.4046296296296296 0.7197916666666667 0.4046296296296296
2 0.6630208333333333 0.40555555555555556 0.6697916666666667 0.41388888888888886 0.6578125 0.4166666666666667 0.6557291666666667 0.41944444444444445 0.6557291666666667 0.42777777777777776 0.6520833333333333 0.42962962962962964 0.6473958333333333 0.4287037037037037 0.6453125 0.425 0.64375 0.4111111111111111 0.6520833333333333 0.4027777777777778 0.6625 0.40555555555555556
2 0.465625 0.5277777777777778 0.4666666666666667 0.5351851851851852 0.4635416666666667 0.537962962962963 0.4583333333333333 0.5361111111111111 0.4578125 0.5314814814814814 0.4609375 0.5268518518518519 0.46510416666666665 0.5277777777777778
2 0.61875 0.47314814814814815 0.6296875 0.48703703703703705 0.6286458333333333 0.4935185185185185 0.6260416666666667 0.4962962962962963 0.6125 0.4861111111111111 0.6057291666666667 0.49722222222222223 0.6020833333333333 0.4925925925925926 0.6020833333333333 0.48518518518518516 0.6046875 0.4777777777777778 0.6104166666666667 0.47314814814814815 0.6182291666666667 0.47314814814814815
2 0.46458333333333335 0.5583333333333333 0.4666666666666667 0.5638888888888889 0.46041666666666664 0.5694444444444444 0.45677083333333335 0.5666666666666667 0.45677083333333335 0.5601851851851852 0.4588541666666667 0.5574074074074075 0.4640625 0.5583333333333333
2 0.51875 0.5185185185185185 0.5223958333333333 0.524074074074074 0.5223958333333333 0.5296296296296297 0.51875 0.5342592592592592 0.5130208333333334 0.5333333333333333 0.5098958333333333 0.5268518518518519 0.5125 0.5194444444444445 0.5182291666666666 0.5185185185185185
2 0.5020833333333333 0.5685185185185185 0.5104166666666666 0.5740740740740741 0.5151041666666667 0.5861111111111111 0.5125 0.6018518518518519 0.503125 0.6083333333333333 0.49635416666666665 0.6083333333333333 0.4875 0.6027777777777777 0.48333333333333334 0.5898148148148148 0.484375 0.5805555555555556 0.4875 0.5740740740740741 0.4947916666666667 0.5685185185185185 0.5015625 0.5685185185185185
2 0.38385416666666666 0.5842592592592593 0.3880208333333333 0.587037037037037 0.39010416666666664 0.5953703703703703 0.3890625 0.6018518518518519 0.38177083333333334 0.6074074074074074 0.37395833333333334 0.6055555555555555 0.37135416666666665 0.5972222222222222 0.37447916666666664 0.5879629629629629 0.38333333333333336 0.5842592592592593
2 0.4635416666666667 0.39444444444444443 0.4708333333333333 0.3990740740740741 0.4739583333333333 0.4074074074074074 0.471875 0.41759259259259257 0.4640625 0.42314814814814816 0.45260416666666664 0.4222222222222222 0.446875 0.41388888888888886 0.4473958333333333 0.4046296296296296 0.44947916666666665 0.4009259259259259 0.4557291666666667 0.39537037037037037 0.4630208333333333 0.39444444444444443
2 0.4734375 0.4462962962962963 0.4796875 0.4527777777777778 0.4791666666666667 0.4601851851851852 0.475 0.4648148148148148 0.4671875 0.4638888888888889 0.4640625 0.45740740740740743 0.465625 0.45 0.47291666666666665 0.4462962962962963
2 0.40625 0.31851851851851853 0.40989583333333335 0.32314814814814813 0.4109375 0.3314814814814815 0.4078125 0.337037037037037 0.4015625 0.34074074074074073 0.39010416666666664 0.3388888888888889 0.38645833333333335 0.33425925925925926 0.3859375 0.32685185185185184 0.39010416666666664 0.3194444444444444 0.3958333333333333 0.31666666666666665 0.40572916666666664 0.31851851851851853
2 0.5921875 0.4009259259259259 0.5958333333333333 0.4064814814814815 0.5927083333333333 0.41388888888888886 0.5848958333333333 0.40925925925925927 0.5848958333333333 0.4027777777777778 0.5916666666666667 0.4009259259259259
2 0.5442708333333334 0.4527777777777778 0.5505208333333333 0.45185185185185184 0.5526041666666667 0.45555555555555555 0.5515625 0.46111111111111114 0.5463541666666667 0.462037037037037 0.54375 0.4583333333333333 0.5442708333333334 0.4537037037037037
2 0.5958333333333333 0.42962962962962964 0.6067708333333334 0.4351851851851852 0.6114583333333333 0.4462962962962963 0.609375 0.4564814814814815 0.6010416666666667 0.462037037037037 0.5921875 0.4601851851851852 0.5833333333333334 0.44722222222222224 0.5854166666666667 0.4351851851851852 0.5953125 0.42962962962962964
2 0.3932291666666667 0.4425925925925926 0.4015625 0.44814814814814813 0.4041666666666667 0.45555555555555555 0.39479166666666665 0.46296296296296297 0.39010416666666664 0.46296296296296297 0.39427083333333335 0.4564814814814815 0.39114583333333336 0.4527777777777778 0.38697916666666665 0.4537037037037037 0.38385416666666666 0.4601851851851852 0.3854166666666667 0.46574074074074073 0.3807291666666667 0.4703703703703704 0.375 0.4675925925925926 0.3765625 0.45185185185185184 0.3848958333333333 0.44351851851851853 0.3927083333333333 0.4425925925925926
2 0.5 0.4462962962962963 0.50625 0.4537037037037037 0.5072916666666667 0.46111111111111114 0.5046875 0.4675925925925926 0.4979166666666667 0.4722222222222222 0.48802083333333335 0.46944444444444444 0.484375 0.4638888888888889 0.48385416666666664 0.4564814814814815 0.48854166666666665 0.44814814814814813 0.49947916666666664 0.4462962962962963
2 0.5208333333333334 0.4212962962962963 0.5208333333333334 0.4166666666666667 0.5239583333333333 0.41388888888888886 0.528125 0.4148148148148148 0.5286458333333334 0.4212962962962963 0.5213541666666667 0.4212962962962963
2 0.6338541666666667 0.4388888888888889 0.6369791666666667 0.44537037037037036 0.6265625 0.4546296296296296 0.6223958333333334 0.45 0.6223958333333334 0.4398148148148148 0.6255208333333333 0.43703703703703706 0.6333333333333333 0.4388888888888889
2 0.5161458333333333 0.6018518518518519 0.5197916666666667 0.6083333333333333 0.5171875 0.6138888888888889 0.5114583333333333 0.6129629629629629 0.5098958333333333 0.6083333333333333 0.5109375 0.6027777777777777 0.515625 0.6018518518518519
2 0.43072916666666666 0.41388888888888886 0.4375 0.42407407407407405 0.43802083333333336 0.43425925925925923 0.4359375 0.4398148148148148 0.42239583333333336 0.4462962962962963 0.4125 0.4398148148148148 0.41041666666666665 0.42685185185185187 0.41458333333333336 0.41759259259259257 0.41822916666666665 0.4148148148148148 0.43020833333333336 0.41388888888888886
2 0.6380208333333334 0.49166666666666664 0.646875 0.49537037037037035 0.6510416666666666 0.5018518518518519 0.6515625 0.5175925925925926 0.628125 0.49907407407407406 0.6338541666666667 0.49166666666666664 0.6375 0.49166666666666664
2 0.6864583333333333 0.47129629629629627 0.6869791666666667 0.48333333333333334 0.6838541666666667 0.487962962962963 0.6770833333333334 0.487962962962963 0.6859375 0.4722222222222222
2 0.6755208333333333 0.4425925925925926 0.675 0.44907407407407407 0.6708333333333333 0.4537037037037037 0.66875 0.4527777777777778 0.6671875 0.4444444444444444 0.675 0.4425925925925926
1 0.18229166666666666 0.14166666666666666 0.18645833333333334 0.14351851851851852 0.19010416666666666 0.15648148148148147 0.19583333333333333 0.16111111111111112 0.19895833333333332 0.1712962962962963 0.20677083333333332 0.21203703703703702 0.21458333333333332 0.2759259259259259 0.2171875 0.2851851851851852 0.2171875 0.2898148148148148 0.20052083333333334 0.2935185185185185 0.1921875 0.2935185185185185 0.1875 0.2898148148148148 0.18125 0.24166666666666667 0.16927083333333334 0.17962962962962964 0.16979166666666667 0.1712962962962963 0.17395833333333333 0.1648148148148148 0.17239583333333333 0.14814814814814814 0.18177083333333333 0.14166666666666666
1 0.959375 0.5842592592592593 0.9666666666666667 0.5842592592592593 0.984375 0.6018518518518519 0.9885416666666667 0.6185185185185185 0.9828125 0.6314814814814815 0.9817708333333334 0.6398148148148148 0.9921875 0.6546296296296297 0.996875 0.6685185185185185 0.9947916666666666 0.6861111111111111 0.984375 0.7037037037037037 0.9760416666666667 0.7277777777777777 0.9671875 0.762962962962963 0.9609375 0.7703703703703704 0.9541666666666667 0.7703703703703704 0.9385416666666667 0.7611111111111111 0.9104166666666667 0.7333333333333333 0.903125 0.7212962962962963 0.9015625 0.7148148148148148 0.9041666666666667 0.7 0.9161458333333333 0.6759259259259259 0.928125 0.6277777777777778 0.9317708333333333 0.6194444444444445 0.9380208333333333 0.6148148148148148 0.9598958333333333 0.6175925925925926 0.9645833333333333 0.6083333333333333 0.9651041666666667 0.6018518518518519 0.959375 0.5851851851851851
1 0.9739583333333334 0.7444444444444445 0.9859375 0.7 0.9979166666666667 0.6842592592592592 0.9994791666666667 0.6842592592592592 0.9994791666666667 0.7509259259259259 0.9770833333333333 0.7481481481481481 0.9744791666666667 0.7444444444444445
1 0.9776041666666667 0.5305555555555556 0.9875 0.5351851851851852 0.9880208333333333 0.5407407407407407 0.9833333333333333 0.5481481481481482 0.9729166666666667 0.549074074074074 0.9671875 0.5564814814814815 0.9635416666666666 0.5712962962962963 0.96875 0.575 0.9697916666666667 0.5805555555555556 0.9619791666666667 0.5805555555555556 0.9578125 0.5842592592592593 0.9619791666666667 0.6046296296296296 0.9604166666666667 0.6101851851851852 0.953125 0.6138888888888889 0.9401041666666666 0.6101851851851852 0.9322916666666666 0.6175925925925926 0.9213541666666667 0.6435185185185185 0.9161458333333333 0.6712962962962963 0.9114583333333334 0.6759259259259259 0.90625 0.6694444444444444 0.9010416666666666 0.6555555555555556 0.9020833333333333 0.6268518518518519 0.9114583333333334 0.5990740740740741 0.9182291666666667 0.5879629629629629 0.9302083333333333 0.5796296296296296 0.934375 0.5703703703703704 0.9432291666666667 0.562962962962963 0.953125 0.5296296296296297 0.9770833333333333 0.5305555555555556
1 0.21822916666666667 0.13055555555555556 0.22135416666666666 0.1361111111111111 0.22239583333333332 0.1537037037037037 0.23489583333333333 0.18796296296296297 0.23854166666666668 0.22870370370370371 0.24635416666666668 0.2796296296296296 0.2453125 0.28888888888888886 0.23958333333333334 0.29074074074074074 0.22291666666666668 0.29074074074074074 0.21927083333333333 0.28703703703703703 0.2078125 0.21944444444444444 0.20572916666666666 0.18425925925925926 0.20885416666666667 0.1574074074074074 0.20572916666666666 0.1361111111111111 0.20989583333333334 0.13055555555555556 0.21770833333333334 0.13055555555555556