0 0.6244791666666667 0.7064814814814815 0.6317708333333333 0.7129629629629629 0.640625 0.7472222222222222 0.6395833333333333 0.7555555555555555 0.6359375 0.7592592592592593 0.6208333333333333 0.7287037037037037 0.6203125 0.7175925925925926 0.6239583333333333 0.7074074074074074
0 0.4864583333333333 0.1175925925925926 0.4901041666666667 0.125 0.4901041666666667 0.14166666666666666 0.49322916666666666 0.15 0.5640625 0.3055555555555556 0.5765625 0.3287037037037037 0.578125 0.3351851851851852 0.5770833333333333 0.3398148148148148 0.56875 0.3509259259259259 0.5640625 0.35 0.5598958333333334 0.3416666666666667 0.55 0.3138888888888889 0.5317708333333333 0.27685185185185185 0.5260416666666666 0.25833333333333336 0.4822916666666667 0.1638888888888889 0.47708333333333336 0.16111111111111112 0.4708333333333333 0.1648148148148148 0.4630208333333333 0.15185185185185185 0.46197916666666666 0.14351851851851852 0.46770833333333334 0.1259259259259259 0.47552083333333334 0.1175925925925926 0.4859375 0.1175925925925926
0 0.6046875 0.4324074074074074 0.6072916666666667 0.4351851851851852 0.6052083333333333 0.4462962962962963 0.6010416666666667 0.45092592592592595 0.596875 0.44722222222222224 0.5921875 0.4222222222222222 0.5921875 0.4166666666666667 0.5947916666666667 0.41203703703703703 0.5989583333333334 0.4166666666666667 0.6041666666666666 0.4324074074074074
0 0.6265625 0.23055555555555557 0.6291666666666667 0.23703703703703705 0.625 0.2490740740740741 0.6270833333333333 0.28703703703703703 0.6244791666666667 0.2972222222222222 0.6197916666666666 0.2972222222222222 0.6171875 0.2935185185185185 0.6145833333333334 0.25555555555555554 0.6098958333333333 0.24537037037037038 0.609375 0.23703703703703705 0.6166666666666667 0.23148148148148148 0.6260416666666667 0.23055555555555557
0 0.6484375 0.30833333333333335 0.6557291666666667 0.31203703703703706 0.6583333333333333 0.3175925925925926 0.6578125 0.33055555555555555 0.6526041666666667 0.3398148148148148 0.6489583333333333 0.3398148148148148 0.6401041666666667 0.33240740740740743 0.6317708333333333 0.3333333333333333 0.6270833333333333 0.325 0.6270833333333333 0.31851851851851853 0.6296875 0.3148148148148148 0.6421875 0.3138888888888889 0.6479166666666667 0.30833333333333335
0 0.5302083333333333 0.11481481481481481 0.5395833333333333 0.11666666666666667 0.5614583333333333 0.11018518518518519 0.5640625 0.11666666666666667 0.5640625 0.1287037037037037 0.5583333333333333 0.13796296296296295 0.540625 0.14444444444444443 0.5234375 0.16296296296296298 0.5177083333333333 0.16111111111111112 0.5130208333333334 0.15462962962962962 0.5104166666666666 0.14444444444444443 0.5098958333333333 0.13055555555555556 0.5171875 0.11203703703703703 0.5296875 0.11481481481481481
0 0.4466145833333333 0.3648148148148148 0.0203125 0.044444444444444446
0 0.6645833333333333 0.29907407407407405 0.6713541666666667 0.29814814814814816 0.6744791666666666 0.30462962962962964 0.6739583333333333 0.3685185185185185 0.678125 0.3787037037037037 0.675 0.38425925925925924 0.6635416666666667 0.38333333333333336 0.6625 0.37962962962962965 0.6645833333333333 0.3
0 0.6276041666666666 0.49444444444444446 0.6328125 0.5037037037037037 0.634375 0.5231481481481481 0.6421875 0.5555555555555556 0.6416666666666667 0.5638888888888889 0.6369791666666667 0.5703703703703704 0.6322916666666667 0.5703703703703704 0.628125 0.562962962962963 0.6213541666666667 0.5342592592592592 0.6140625 0.5148148148148148 0.6135416666666667 0.5083333333333333 0.6171875 0.49907407407407406 0.6239583333333333 0.4935185185185185 0.6270833333333333 0.49444444444444446
0 0.49635416666666665 0.3851851851851852 0.4984375 0.39166666666666666 0.4942708333333333 0.40370370370370373 0.43697916666666664 0.5064814814814815 0.4328125 0.5212962962962963 0.4276041666666667 0.5277777777777778 0.4203125 0.5231481481481481 0.4161458333333333 0.5148148148148148 0.4166666666666667 0.5083333333333333 0.4203125 0.5018518518518519 0.4265625 0.49907407407407406 0.43333333333333335 0.49074074074074076 0.4895833333333333 0.3888888888888889 0.4921875 0.3851851851851852 0.49583333333333335 0.3851851851851852
0 0.4114583333333333 0.2916666666666667 0.42291666666666666 0.3111111111111111 0.42916666666666664 0.31574074074074077 0.4296875 0.325 0.4234375 0.33611111111111114 0.4192708333333333 0.33611111111111114 0.4140625 0.31851851851851853 0.40677083333333336 0.30277777777777776 0.40677083333333336 0.2962962962962963 0.4109375 0.29259259259259257
0 0.640625 0.35185185185185186 0.6427083333333333 0.36018518518518516 0.6401041666666667 0.37222222222222223 0.6359375 0.4787037037037037 0.6322916666666667 0.5046296296296297 0.6255208333333333 0.49074074074074076 0.6291666666666667 0.4564814814814815 0.6322916666666667 0.387037037037037 0.628125 0.36666666666666664 0.628125 0.35833333333333334 0.6322916666666667 0.34814814814814815 0.6401041666666667 0.35185185185185186
0 0.5140625 0.5388888888888889 0.5255208333333333 0.5425925925925926 0.528125 0.549074074074074 0.521875 0.6083333333333333 0.5244791666666667 0.6222222222222222 0.5234375 0.6351851851851852 0.5213541666666667 0.6388888888888888 0.5151041666666667 0.6398148148148148 0.5026041666666666 0.6324074074074074 0.5 0.625 0.5010416666666667 0.6148148148148148 0.5072916666666667 0.5972222222222222 0.5135416666666667 0.5398148148148149
2 0.6244791666666667 0.17407407407407408 0.6307291666666667 0.18055555555555555 0.6338541666666667 0.2 0.6317708333333333 0.21574074074074073 0.6265625 0.22314814814814815 0.6208333333333333 0.21574074074074073 0.6177083333333333 0.19814814814814816 0.6182291666666667 0.1824074074074074 0.6213541666666667 0.175 0.6239583333333333 0.17407407407407408
2 0.5229166666666667 0.6370370370370371 0.5229166666666667 0.6444444444444445 0.5192708333333333 0.649074074074074 0.5135416666666667 0.6472222222222223 0.5119791666666667 0.637962962962963 0.5145833333333333 0.6351851851851852 0.5223958333333333 0.6370370370370371
2 0.6322916666666667 0.6787037037037037 0.6364583333333333 0.6824074074074075 0.6390625 0.6925925925925925 0.6385416666666667 0.7074074074074074 0.634375 0.7194444444444444 0.6229166666666667 0.7027777777777777 0.625 0.6851851851851852 0.6270833333333333 0.6805555555555556 0.6317708333333333 0.6787037037037037
2 0.4166666666666667 0.7064814814814815 0.4197916666666667 0.712037037037037 0.4197916666666667 0.7185185185185186 0.41510416666666666 0.7268518518518519 0.4109375 0.725 0.409375 0.7185185185185186 0.4109375 0.7101851851851851 0.4161458333333333 0.7064814814814815
2 0.5140625 0.6787037037037037 0.51875 0.6907407407407408 0.51875 0.712037037037037 0.5151041666666667 0.725925925925926 0.5072916666666667 0.7342592592592593 0.503125 0.7333333333333333 0.4984375 0.725 0.49635416666666665 0.7 0.503125 0.6787037037037037 0.50625 0.6759259259259259 0.5135416666666667 0.6787037037037037
2 0.55625 0.8314814814814815 0.5515625 0.8277777777777777 0.5484375 0.8157407407407408 0.5484375 0.8055555555555556 0.5510416666666667 0.7935185185185185 0.5557291666666667 0.7861111111111111 0.5604166666666667 0.7861111111111111 0.565625 0.7962962962962963 0.5645833333333333 0.8194444444444444 0.5604166666666667 0.8296296296296296 0.5567708333333333 0.8305555555555556
2 0.634375 0.33611111111111114 0.6395833333333333 0.3425925925925926 0.6401041666666667 0.3509259259259259 0.6333333333333333 0.35 0.6307291666666667 0.3527777777777778 0.6286458333333333 0.37407407407407406 0.6255208333333333 0.3648148148148148 0.6255208333333333 0.3509259259259259 0.6276041666666666 0.3416666666666667 0.6338541666666667 0.33611111111111114
2 0.6791666666666667 0.5425925925925926 0.6833333333333333 0.5518518518518518 0.6838541666666667 0.5657407407407408 0.6817708333333333 0.5787037037037037 0.6776041666666667 0.5842592592592593 0.6729166666666667 0.5824074074074074 0.6713541666666667 0.5777777777777777 0.6697916666666667 0.5564814814814815 0.6734375 0.5425925925925926 0.6786458333333333 0.5425925925925926
2 0.5614583333333333 0.25555555555555554 0.565625 0.2675925925925926 0.5671875 0.2796296296296296 0.5640625 0.30185185185185187 0.5588541666666667 0.29259259259259257 0.5609375 0.2861111111111111 0.5604166666666667 0.2722222222222222 0.5583333333333333 0.26851851851851855 0.5552083333333333 0.26851851851851855 0.5510416666666667 0.275 0.5479166666666667 0.26944444444444443 0.5479166666666667 0.26296296296296295 0.5526041666666667 0.25277777777777777 0.5578125 0.2518518518518518 0.5609375 0.25555555555555554
2 0.6026041666666667 0.48055555555555557 0.6046875 0.48333333333333334 0.6046875 0.49166666666666664 0.6026041666666667 0.4962962962962963 0.5989583333333334 0.4925925925925926 0.5989583333333334 0.48333333333333334 0.6020833333333333 0.48055555555555557
2 0.6145833333333334 0.4537037037037037 0.6197916666666666 0.45925925925925926 0.621875 0.4685185185185185 0.6208333333333333 0.48703703703703705 0.6177083333333333 0.4935185185185185 0.6125 0.49166666666666664 0.6088541666666667 0.47962962962962963 0.6098958333333333 0.4583333333333333 0.6140625 0.4537037037037037
2 0.5833333333333334 0.43796296296296294 0.5864583333333333 0.44537037037037036 0.5869791666666667 0.4546296296296296 0.5848958333333333 0.46296296296296297 0.58125 0.4666666666666667 0.5770833333333333 0.45925925925925926 0.5760416666666667 0.44722222222222224 0.5786458333333333 0.43796296296296294 0.5828125 0.43796296296296294
2 0.6744791666666666 0.38981481481481484 0.6776041666666667 0.39537037037037037 0.6802083333333333 0.4101851851851852 0.6791666666666667 0.425 0.675 0.43425925925925923 0.6692708333333334 0.43148148148148147 0.6661458333333333 0.4166666666666667 0.6671875 0.39351851851851855 0.6708333333333333 0.3888888888888889 0.6739583333333333 0.38981481481481484
2 0.6067708333333334 0.36018518518518516 0.6119791666666666 0.36666666666666664 0.6109375 0.3851851851851852 0.6067708333333334 0.38796296296296295 0.6026041666666667 0.3814814814814815 0.6020833333333333 0.3675925925925926 0.60625 0.3611111111111111
2 0.5989583333333334 0.6712962962962963 0.6015625 0.6722222222222223 0.6046875 0.6796296296296296 0.603125 0.6962962962962963 0.5989583333333334 0.700925925925926 0.5942708333333333 0.6935185185185185 0.5947916666666667 0.6787037037037037 0.5984375 0.6722222222222223
2 0.5067708333333333 0.5546296296296296 0.5114583333333333 0.5555555555555556 0.5104166666666666 0.5722222222222222 0.5088541666666667 0.5731481481481482 0.5052083333333334 0.5666666666666667 0.5067708333333333 0.5555555555555556
2 0.5776041666666667 0.3287037037037037 0.5807291666666666 0.3314814814814815 0.5838541666666667 0.3425925925925926 0.5833333333333334 0.3675925925925926 0.5770833333333333 0.3768518518518518 0.5703125 0.3712962962962963 0.5666666666666667 0.35833333333333334 0.5671875 0.3509259259259259 0.571875 0.35 0.575 0.36203703703703705 0.5786458333333333 0.36018518518518516 0.5796875 0.34444444444444444 0.5776041666666667 0.3296296296296296
2 0.5619791666666667 0.34814814814814815 0.565625 0.35185185185185186 0.5666666666666667 0.36018518518518516 0.5651041666666666 0.362962962962963 0.5619791666666667 0.3490740740740741
1 0.69375 0.937037037037037 0.7479166666666667 0.9583333333333334 0.7682291666666666 0.9805555555555555 0.7786458333333334 0.9824074074074074 0.7796875 0.9990740740740741 0.7182291666666667 0.9990740740740741 0.6921875 0.9861111111111112 0.6869791666666667 0.9805555555555555 0.6869791666666667 0.9407407407407408 0.6885416666666667 0.937037037037037 0.6932291666666667 0.937037037037037
1 0.6947916666666667 0.9888888888888889 0.7140625 0.9990740740740741 0.6864583333333333 0.9990740740740741 0.6875 0.987037037037037 0.6942708333333333 0.9888888888888889