0 0.6625 0.5962962962962963 0.6703125 0.6046296296296296 0.6744791666666666 0.6185185185185185 0.6744791666666666 0.6277777777777778 0.6697916666666667 0.6361111111111111 0.6588541666666666 0.6472222222222223 0.6557291666666667 0.6620370370370371 0.6411458333333333 0.7046296296296296 0.6333333333333333 0.7138888888888889 0.6244791666666667 0.7064814814814815 0.6229166666666667 0.7 0.6234375 0.6888888888888889 0.6458333333333334 0.6268518518518519 0.64375 0.6166666666666667 0.6458333333333334 0.6037037037037037 0.6541666666666667 0.5925925925925926 0.6619791666666667 0.5962962962962963
0 0.33541666666666664 0.5037037037037037 0.3390625 0.5138888888888888 0.3380208333333333 0.525 0.3104166666666667 0.5787037037037037 0.3046875 0.5787037037037037 0.3 0.5740740740740741 0.2947916666666667 0.5592592592592592 0.29583333333333334 0.549074074074074 0.2989583333333333 0.5425925925925926 0.3078125 0.5351851851851852 0.328125 0.5018518518518519 0.33489583333333334 0.5037037037037037
0 0.6411458333333333 0.4648148148148148 0.64375 0.4666666666666667 0.6494791666666667 0.48333333333333334 0.6776041666666667 0.5138888888888888 0.6770833333333334 0.525 0.671875 0.5351851851851852 0.6651041666666667 0.5333333333333333 0.6453125 0.5111111111111111 0.6333333333333333 0.5037037037037037 0.6286458333333333 0.49722222222222223 0.6276041666666666 0.48703703703703705 0.6302083333333334 0.47685185185185186 0.6348958333333333 0.4666666666666667 0.640625 0.4648148148148148
0 0.6041666666666666 0.25092592592592594 0.6104166666666667 0.262037037037037 0.6166666666666667 0.26666666666666666 0.7260416666666667 0.32222222222222224 0.7286458333333333 0.3277777777777778 0.7270833333333333 0.3416666666666667 0.7244791666666667 0.34629629629629627 0.7104166666666667 0.3416666666666667 0.6098958333333333 0.2861111111111111 0.5989583333333334 0.29074074074074074 0.5953125 0.2851851851851852 0.5953125 0.2712962962962963 0.5989583333333334 0.25462962962962965 0.6036458333333333 0.25092592592592594
0 0.58125 0.5731481481481482 0.584375 0.6018518518518519 0.5791666666666667 0.6101851851851852 0.5713541666666667 0.6074074074074074 0.5697916666666667 0.5953703703703703 0.575 0.5740740740740741 0.5807291666666666 0.5731481481481482
0 0.37864583333333335 0.3111111111111111 0.39114583333333336 0.3194444444444444 0.46041666666666664 0.3398148148148148 0.4630208333333333 0.3416666666666667 0.4630208333333333 0.3527777777777778 0.4239583333333333 0.3435185185185185 0.39427083333333335 0.33240740740740743 0.3765625 0.33240740740740743 0.37447916666666664 0.3277777777777778 0.375 0.3175925925925926 0.37552083333333336 0.31296296296296294 0.378125 0.3111111111111111
0 0.41458333333333336 0.2657407407407407 0.41458333333333336 0.27314814814814814 0.40989583333333335 0.27685185185185185 0.36875 0.2796296296296296 0.33645833333333336 0.28425925925925927 0.3302083333333333 0.287962962962963 0.3265625 0.28425925925925927 0.3260416666666667 0.27314814814814814 0.3307291666666667 0.26851851851851855 0.35052083333333334 0.26944444444444443 0.4010416666666667 0.2638888888888889 0.4140625 0.2657407407407407
0 0.5317708333333333 0.3574074074074074 0.5359375 0.36203703703703705 0.5375 0.3731481481481482 0.5265625 0.42685185185185187 0.5229166666666667 0.43425925925925923 0.5192708333333333 0.43425925925925923 0.5166666666666667 0.4305555555555556 0.5166666666666667 0.41574074074074074 0.521875 0.3861111111111111 0.5234375 0.362962962962963 0.5265625 0.3574074074074074 0.53125 0.3574074074074074
0 0.3729166666666667 0.6611111111111111 0.378125 0.6703703703703704 0.3765625 0.6814814814814815 0.35833333333333334 0.7055555555555556 0.346875 0.7287037037037037 0.3416666666666667 0.7268518518518519 0.33489583333333334 0.7129629629629629 0.3333333333333333 0.7027777777777777 0.334375 0.6953703703703704 0.3416666666666667 0.6861111111111111 0.3463541666666667 0.687962962962963 0.3494791666666667 0.6851851851851852 0.36666666666666664 0.6638888888888889 0.3723958333333333 0.6611111111111111
1 0.184375 0.1425925925925926 0.1890625 0.14814814814814814 0.190625 0.15648148148148147 0.19583333333333333 0.16111111111111112 0.1984375 0.1685185185185185 0.20416666666666666 0.1935185185185185 0.21770833333333334 0.28055555555555556 0.21822916666666667 0.29074074074074074 0.20572916666666666 0.2935185185185185 0.19166666666666668 0.2935185185185185 0.1890625 0.29074074074074074 0.1703125 0.17962962962962964 0.17135416666666667 0.1712962962962963 0.17447916666666666 0.16574074074074074 0.17291666666666666 0.1537037037037037 0.17395833333333333 0.14722222222222223 0.18385416666666668 0.1425925925925926
1 0.2203125 0.13240740740740742 0.22239583333333332 0.1388888888888889 0.22291666666666668 0.1527777777777778 0.2359375 0.18796296296296297 0.24270833333333333 0.2537037037037037 0.2484375 0.2824074074074074 0.24739583333333334 0.28888888888888886 0.24166666666666667 0.29074074074074074 0.22135416666666666 0.2898148148148148 0.20885416666666667 0.2222222222222222 0.20625 0.18981481481481483 0.20989583333333334 0.175 0.209375 0.1537037037037037 0.20625 0.13703703703703704 0.20989583333333334 0.13148148148148148 0.21979166666666666 0.13240740740740742
2 0.4484375 0.6287037037037037 0.45364583333333336 0.6351851851851852 0.4557291666666667 0.6435185185185185 0.4552083333333333 0.6527777777777778 0.44947916666666665 0.6648148148148149 0.4395833333333333 0.6694444444444444 0.4322916666666667 0.6685185185185185 0.42552083333333335 0.662962962962963 0.42291666666666666 0.6564814814814814 0.42291666666666666 0.6444444444444445 0.425 0.6370370370370371 0.4322916666666667 0.6277777777777778 0.4427083333333333 0.625 0.4479166666666667 0.6287037037037037
2 0.6057291666666667 0.46574074074074073 0.6109375 0.47314814814814815 0.6109375 0.47962962962962963 0.6088541666666667 0.4842592592592593 0.6026041666666667 0.4861111111111111 0.5958333333333333 0.48055555555555557 0.5947916666666667 0.4740740740740741 0.5989583333333334 0.4666666666666667 0.6052083333333333 0.46574074074074073
2 0.759375 0.7509259259259259 0.7635416666666667 0.7537037037037037 0.7682291666666666 0.7666666666666667 0.7666666666666667 0.7731481481481481 0.7630208333333334 0.775 0.7546875 0.7712962962962963 0.7510416666666667 0.7638888888888888 0.7520833333333333 0.7546296296296297 0.7588541666666667 0.7509259259259259
2 0.45625 0.5796296296296296 0.4666666666666667 0.5879629629629629 0.46822916666666664 0.5944444444444444 0.4671875 0.6046296296296296 0.45729166666666665 0.6138888888888889 0.44895833333333335 0.612037037037037 0.44375 0.6055555555555555 0.4427083333333333 0.5962962962962963 0.44479166666666664 0.5879629629629629 0.44895833333333335 0.5824074074074074 0.4557291666666667 0.5805555555555556
2 0.7333333333333333 0.6351851851851852 0.7458333333333333 0.6453703703703704 0.7505208333333333 0.6583333333333333 0.7484375 0.674074074074074 0.7411458333333333 0.6805555555555556 0.725 0.675 0.715625 0.6583333333333333 0.7161458333333334 0.6472222222222223 0.7203125 0.6388888888888888 0.7328125 0.6351851851851852
2 0.46510416666666665 0.2722222222222222 0.46822916666666664 0.2796296296296296 0.4640625 0.2861111111111111 0.45729166666666665 0.28425925925925927 0.4557291666666667 0.27685185185185185 0.4588541666666667 0.2722222222222222 0.46458333333333335 0.2722222222222222
2 0.3151041666666667 0.4203703703703704 0.31666666666666665 0.42592592592592593 0.3140625 0.4305555555555556 0.309375 0.4305555555555556 0.3067708333333333 0.425 0.30833333333333335 0.4212962962962963 0.3145833333333333 0.4203703703703704
2 0.3411458333333333 0.5777777777777777 0.346875 0.5861111111111111 0.34739583333333335 0.6018518518518519 0.3416666666666667 0.612037037037037 0.33229166666666665 0.6185185185185185 0.3234375 0.6175925925925926 0.3182291666666667 0.6129629629629629 0.3151041666666667 0.6055555555555555 0.315625 0.5925925925925926 0.3255208333333333 0.5777777777777777 0.340625 0.5777777777777777
2 0.4734375 0.4287037037037037 0.48333333333333334 0.4388888888888889 0.48385416666666664 0.44907407407407407 0.48072916666666665 0.45555555555555555 0.4703125 0.4601851851851852 0.4588541666666667 0.4546296296296296 0.45625 0.44722222222222224 0.45625 0.4388888888888889 0.4625 0.4305555555555556 0.47291666666666665 0.4287037037037037
2 0.396875 0.5537037037037037 0.4041666666666667 0.5601851851851852 0.40572916666666664 0.5712962962962963 0.4005208333333333 0.5824074074074074 0.39114583333333336 0.587037037037037 0.38177083333333334 0.5814814814814815 0.37916666666666665 0.5712962962962963 0.38645833333333335 0.5574074074074075 0.3963541666666667 0.5537037037037037
2 0.4005208333333333 0.4027777777777778 0.4078125 0.4074074074074074 0.40989583333333335 0.41944444444444445 0.4078125 0.42685185185185187 0.39791666666666664 0.43425925925925923 0.38645833333333335 0.43148148148148147 0.38333333333333336 0.42592592592592593 0.38229166666666664 0.41759259259259257 0.3875 0.4064814814814815 0.4 0.4027777777777778
2 0.34479166666666666 0.4675925925925926 0.35208333333333336 0.4740740740740741 0.3541666666666667 0.48703703703703705 0.3489583333333333 0.4981481481481482 0.3390625 0.5046296296296297 0.328125 0.5 0.32447916666666665 0.49166666666666664 0.32447916666666665 0.4861111111111111 0.3302083333333333 0.47314814814814815 0.33645833333333336 0.4685185185185185 0.34427083333333336 0.4675925925925926
2 0.6208333333333333 0.43425925925925923 0.6302083333333334 0.4462962962962963 0.6296875 0.4583333333333333 0.621875 0.4666666666666667 0.6083333333333333 0.462037037037037 0.6026041666666667 0.45092592592592595 0.6026041666666667 0.4425925925925926 0.6046875 0.43796296296296294 0.6119791666666666 0.43333333333333335 0.6203125 0.43425925925925923
2 0.5442708333333334 0.5472222222222223 0.55 0.5509259259259259 0.5546875 0.562962962962963 0.5536458333333333 0.575 0.5453125 0.5833333333333334 0.5328125 0.5796296296296296 0.528125 0.5675925925925925 0.528125 0.5601851851851852 0.53125 0.5527777777777778 0.54375 0.5472222222222223
2 0.7072916666666667 0.6416666666666667 0.7151041666666667 0.6527777777777778 0.7145833333333333 0.6611111111111111 0.7083333333333334 0.6666666666666666 0.6994791666666667 0.6638888888888889 0.69375 0.6537037037037037 0.6942708333333333 0.6472222222222223 0.696875 0.6425925925925926 0.7067708333333333 0.6416666666666667