0 0.4765625 0.4203703703703704 0.4817708333333333 0.4351851851851852 0.4786458333333333 0.4462962962962963 0.4473958333333333 0.46574074074074073 0.4390625 0.4759259259259259 0.434375 0.475 0.4296875 0.462037037037037 0.428125 0.44537037037037036 0.43072916666666666 0.43796296296296294 0.434375 0.43425925925925923 0.4427083333333333 0.43703703703703706 0.46927083333333336 0.4212962962962963 0.47604166666666664 0.4203703703703704
0 0.5015625 0.3333333333333333 0.5041666666666667 0.337037037037037 0.5041666666666667 0.3416666666666667 0.4984375 0.3574074074074074 0.4947916666666667 0.362962962962963 0.490625 0.362962962962963 0.4875 0.3574074074074074 0.4864583333333333 0.34814814814814815 0.4895833333333333 0.34074074074074073 0.5010416666666667 0.33425925925925926
0 0.6973958333333333 0.35 0.7453125 0.44351851851851853 0.7572916666666667 0.4564814814814815 0.7578125 0.4638888888888889 0.7479166666666667 0.4740740740740741 0.7432291666666667 0.47129629629629627 0.7395833333333334 0.4546296296296296 0.703125 0.3861111111111111 0.6901041666666666 0.3574074074074074 0.6890625 0.35185185185185186 0.690625 0.34814814814814815 0.696875 0.35
0 0.425 0.5407407407407407 0.43072916666666666 0.5574074074074075 0.4296875 0.5685185185185185 0.425 0.5712962962962963 0.4203125 0.5685185185185185 0.39114583333333336 0.5861111111111111 0.3885416666666667 0.5842592592592593 0.3875 0.5740740740740741 0.41770833333333335 0.5518518518518518 0.42083333333333334 0.5407407407407407 0.4244791666666667 0.5407407407407407
0 0.5166666666666667 0.19444444444444445 0.5276041666666667 0.1962962962962963 0.534375 0.1925925925925926 0.5375 0.1962962962962963 0.5364583333333334 0.20092592592592592 0.5307291666666667 0.2064814814814815 0.5291666666666667 0.22037037037037038 0.5088541666666667 0.2111111111111111 0.5046875 0.20462962962962963 0.5036458333333333 0.19814814814814816 0.5052083333333334 0.19444444444444445 0.5161458333333333 0.19444444444444445
0 0.50625 0.16666666666666666 0.5098958333333333 0.17592592592592593 0.5286458333333334 0.18796296296296297 0.5307291666666667 0.1925925925925926 0.5260416666666666 0.19722222222222222 0.5083333333333333 0.19166666666666668 0.5041666666666667 0.1962962962962963 0.4979166666666667 0.1935185185185185 0.496875 0.18518518518518517 0.49895833333333334 0.17407407407407408 0.5020833333333333 0.16666666666666666 0.5057291666666667 0.16666666666666666
0 0.4015625 0.337037037037037 0.4041666666666667 0.3416666666666667 0.4036458333333333 0.35185185185185186 0.39114583333333336 0.3712962962962963 0.35208333333333336 0.45740740740740743 0.3458333333333333 0.46574074074074073 0.3411458333333333 0.462037037037037 0.34479166666666666 0.44814814814814813 0.38958333333333334 0.35462962962962963 0.39375 0.34444444444444444 0.39427083333333335 0.33796296296296297 0.3963541666666667 0.3351851851851852 0.4010416666666667 0.337037037037037
0 0.6973958333333333 0.3101851851851852 0.6994791666666667 0.31203703703703706 0.6994791666666667 0.32037037037037036 0.6963541666666667 0.3287037037037037 0.6807291666666667 0.3212962962962963 0.6776041666666667 0.3138888888888889 0.68125 0.30925925925925923 0.696875 0.3101851851851852
0 0.36614583333333334 0.17407407407407408 0.40208333333333335 0.19166666666666668 0.403125 0.19722222222222222 0.4015625 0.2064814814814815 0.3958333333333333 0.2064814814814815 0.3692708333333333 0.19444444444444445 0.359375 0.19722222222222222 0.35572916666666665 0.19537037037037036 0.3546875 0.1814814814814815 0.3567708333333333 0.16944444444444445 0.359375 0.1648148148148148 0.36302083333333335 0.1648148148148148 0.365625 0.17407407407407408
0 0.58125 0.4740740740740741 0.6140625 0.49907407407407406 0.6203125 0.49722222222222223 0.6255208333333333 0.5009259259259259 0.628125 0.5074074074074074 0.628125 0.5185185185185185 0.6239583333333333 0.5351851851851852 0.6197916666666666 0.5425925925925926 0.6161458333333333 0.5425925925925926 0.6036458333333333 0.5231481481481481 0.5739583333333333 0.5009259259259259 0.5723958333333333 0.4962962962962963 0.5734375 0.48333333333333334 0.5776041666666667 0.475 0.5807291666666666 0.475
0 0.5796875 0.23703703703703705 0.5854166666666667 0.24722222222222223 0.6286458333333333 0.25462962962962965 0.63125 0.25925925925925924 0.63125 0.26851851851851855 0.6296875 0.2759259259259259 0.6265625 0.27870370370370373 0.5864583333333333 0.2722222222222222 0.5822916666666667 0.27314814814814814 0.5770833333333333 0.28055555555555556 0.5708333333333333 0.2796296296296296 0.5692708333333333 0.2675925925925926 0.5734375 0.23796296296296296 0.5791666666666667 0.23703703703703705
0 0.6645833333333333 0.18055555555555555 0.6666666666666666 0.18611111111111112 0.6666666666666666 0.19537037037037036 0.6645833333333333 0.20092592592592592 0.6578125 0.20555555555555555 0.5760416666666667 0.22685185185185186 0.5536458333333333 0.22870370370370371 0.5401041666666667 0.24166666666666667 0.5364583333333334 0.24166666666666667 0.5328125 0.2361111111111111 0.5296875 0.2212962962962963 0.5322916666666667 0.2064814814814815 0.5359375 0.20185185185185187 0.5505208333333333 0.20925925925925926 0.6640625 0.18055555555555555
0 0.7234375 0.28703703703703703 0.725 0.2935185185185185 0.7229166666666667 0.30833333333333335 0.7177083333333333 0.3148148148148148 0.7109375 0.3111111111111111 0.7104166666666667 0.30092592592592593 0.7166666666666667 0.28888888888888886 0.7229166666666667 0.28703703703703703
2 0.42604166666666665 0.5777777777777777 0.4348958333333333 0.5824074074074074 0.4401041666666667 0.5953703703703703 0.43802083333333336 0.612037037037037 0.4328125 0.6194444444444445 0.42604166666666665 0.6231481481481481 0.4161458333333333 0.6194444444444445 0.4114583333333333 0.6111111111111112 0.40989583333333335 0.6027777777777777 0.4109375 0.5907407407407408 0.41458333333333336 0.5842592592592593 0.42552083333333335 0.5777777777777777
2 0.4890625 0.3861111111111111 0.4901041666666667 0.39166666666666666 0.4875 0.3972222222222222 0.4822916666666667 0.3962962962962963 0.48072916666666665 0.38981481481481484 0.48333333333333334 0.3851851851851852 0.48854166666666665 0.3861111111111111
2 0.6661458333333333 0.23333333333333334 0.6723958333333333 0.24166666666666667 0.6729166666666667 0.25092592592592594 0.6651041666666667 0.25833333333333336 0.6520833333333333 0.25462962962962965 0.6473958333333333 0.2490740740740741 0.646875 0.24259259259259258 0.6526041666666667 0.2324074074074074 0.665625 0.23333333333333334
2 0.6515625 0.35185185185185186 0.6557291666666667 0.35555555555555557 0.6546875 0.362962962962963 0.6473958333333333 0.36018518518518516 0.6473958333333333 0.35462962962962963 0.6510416666666666 0.35185185185185186
2 0.7619791666666667 0.5157407407407407 0.7661458333333333 0.5175925925925926 0.76875 0.5277777777777778 0.7666666666666667 0.5305555555555556 0.759375 0.5287037037037037 0.7578125 0.5212962962962963 0.7614583333333333 0.5166666666666667
2 0.5645833333333333 0.4861111111111111 0.56875 0.487962962962963 0.5713541666666667 0.4981481481481482 0.5708333333333333 0.5027777777777778 0.5651041666666666 0.5092592592592593 0.5578125 0.5083333333333333 0.5526041666666667 0.49907407407407406 0.5526041666666667 0.49444444444444446 0.5557291666666667 0.487962962962963 0.5640625 0.4861111111111111
2 0.3385416666666667 0.4287037037037037 0.3453125 0.43703703703703706 0.3463541666666667 0.44351851851851853 0.3390625 0.462037037037037 0.33177083333333335 0.46574074074074073 0.3182291666666667 0.462037037037037 0.3151041666666667 0.4564814814814815 0.3145833333333333 0.44722222222222224 0.31666666666666665 0.4388888888888889 0.32395833333333335 0.4305555555555556 0.3380208333333333 0.4287037037037037
2 0.48072916666666665 0.3074074074074074 0.48385416666666664 0.3111111111111111 0.484375 0.3175925925925926 0.4817708333333333 0.32314814814814813 0.47708333333333336 0.32592592592592595 0.4703125 0.32314814814814813 0.46875 0.31296296296296294 0.47239583333333335 0.3074074074074074 0.48020833333333335 0.3074074074074074
2 0.4354166666666667 0.3814814814814815 0.4427083333333333 0.3861111111111111 0.44583333333333336 0.39537037037037037 0.44583333333333336 0.4 0.4427083333333333 0.4064814814814815 0.4354166666666667 0.41203703703703703 0.4265625 0.40925925925925927 0.42135416666666664 0.4009259259259259 0.42135416666666664 0.39351851851851855 0.425 0.3861111111111111 0.4348958333333333 0.3814814814814815
2 0.4197916666666667 0.30833333333333335 0.421875 0.31296296296296294 0.42135416666666664 0.325 0.41822916666666665 0.33055555555555555 0.41041666666666665 0.33611111111111114 0.4041666666666667 0.33611111111111114 0.39739583333333334 0.3314814814814815 0.39427083333333335 0.32407407407407407 0.3953125 0.31296296296296294 0.4 0.30648148148148147 0.40572916666666664 0.3037037037037037 0.41354166666666664 0.3037037037037037 0.4192708333333333 0.30833333333333335
2 0.3640625 0.32592592592592595 0.3723958333333333 0.33055555555555555 0.37604166666666666 0.3416666666666667 0.375 0.34814814814814815 0.371875 0.3527777777777778 0.3609375 0.3592592592592593 0.35 0.35462962962962963 0.346875 0.34814814814814815 0.346875 0.3398148148148148 0.3515625 0.33055555555555555 0.36354166666666665 0.32592592592592595
2 0.5963541666666666 0.31203703703703706 0.6020833333333333 0.31851851851851853 0.6036458333333333 0.33055555555555555 0.5989583333333334 0.33796296296296297 0.5916666666666667 0.3416666666666667 0.5791666666666667 0.3351851851851852 0.5755208333333334 0.3277777777777778 0.5755208333333334 0.32037037037037036 0.5838541666666667 0.3101851851851852 0.5958333333333333 0.31203703703703706
2 0.5546875 0.37407407407407406 0.5583333333333333 0.37962962962962965 0.5583333333333333 0.387037037037037 0.5510416666666667 0.3925925925925926 0.5458333333333333 0.3907407407407407 0.5463541666666667 0.3768518518518518 0.5479166666666667 0.3731481481481482 0.5541666666666667 0.37407407407407406
2 0.48489583333333336 0.1935185185185185 0.4921875 0.19722222222222222 0.4953125 0.20462962962962963 0.4947916666666667 0.2111111111111111 0.49166666666666664 0.21666666666666667 0.48541666666666666 0.21944444444444444 0.47604166666666664 0.2175925925925926 0.4708333333333333 0.20925925925925926 0.47239583333333335 0.19907407407407407 0.484375 0.1935185185185185
2 0.5463541666666667 0.3731481481481482 0.5479166666666667 0.37592592592592594 0.546875 0.3888888888888889 0.5401041666666667 0.39537037037037037 0.5338541666666666 0.39166666666666666 0.5317708333333333 0.387037037037037 0.5317708333333333 0.38055555555555554 0.5380208333333333 0.3731481481481482 0.5458333333333333 0.3731481481481482
2 0.5770833333333333 0.6148148148148148 0.5859375 0.6222222222222222 0.5895833333333333 0.6324074074074074 0.5880208333333333 0.649074074074074 0.578125 0.6583333333333333 0.5677083333333334 0.6546296296296297 0.5619791666666667 0.6453703703703704 0.5598958333333334 0.6370370370370371 0.5604166666666667 0.6287037037037037 0.5640625 0.6203703703703703 0.56875 0.6157407407407407 0.5765625 0.6148148148148148
2 0.5536458333333333 0.31203703703703706 0.5546875 0.3175925925925926 0.5515625 0.32407407407407407 0.5442708333333334 0.32222222222222224 0.5427083333333333 0.3138888888888889 0.5463541666666667 0.3101851851851852 0.553125 0.31203703703703706
2 0.6427083333333333 0.31666666666666665 0.6505208333333333 0.32407407407407407 0.653125 0.33240740740740743 0.6520833333333333 0.34074074074074073 0.64375 0.3490740740740741 0.6328125 0.3472222222222222 0.6244791666666667 0.33425925925925926 0.6244791666666667 0.32592592592592595 0.6270833333333333 0.32037037037037036 0.6348958333333333 0.31574074074074077 0.6421875 0.31666666666666665
1 0.19114583333333332 0.012962962962962963 0.19375 0.01574074074074074 0.19739583333333333 0.028703703703703703 0.20572916666666666 0.041666666666666664 0.21458333333333332 0.08703703703703704 0.225 0.16111111111111112 0.22447916666666667 0.1675925925925926 0.21614583333333334 0.16944444444444445 0.1984375 0.16944444444444445 0.19635416666666666 0.16666666666666666 0.1890625 0.1175925925925926 0.1765625 0.053703703703703705 0.17604166666666668 0.046296296296296294 0.1796875 0.037037037037037035 0.1796875 0.018518518518518517 0.18541666666666667 0.012962962962962963 0.190625 0.012962962962962963
1 0.9765625 0.4777777777777778 0.9864583333333333 0.49166666666666664 0.9895833333333334 0.5287037037037037 0.9927083333333333 0.5398148148148149 0.9973958333333334 0.5787037037037037 0.9875 0.5953703703703703 0.9739583333333334 0.6407407407407407 0.9635416666666666 0.6601851851851852 0.9484375 0.6555555555555556 0.928125 0.6398148148148148 0.9114583333333334 0.6194444444444445 0.9072916666666667 0.612037037037037 0.90625 0.6046296296296296 0.9104166666666667 0.5879629629629629 0.9229166666666667 0.5638888888888889 0.928125 0.5398148148148149 0.9333333333333333 0.5296296296296297 0.9375 0.5138888888888888 0.9453125 0.5064814814814815 0.9666666666666667 0.5101851851851852 0.9739583333333334 0.4981481481481482 0.9729166666666667 0.4898148148148148 0.9682291666666667 0.47962962962962963 0.9697916666666667 0.47685185185185186 0.9760416666666667 0.4777777777777778
1 0.978125 0.4222222222222222 0.9838541666666667 0.4287037037037037 0.984375 0.44537037037037036 0.9807291666666667 0.4703703703703704 0.9776041666666667 0.475 0.9692708333333333 0.475 0.9666666666666667 0.48055555555555557 0.9703125 0.4888888888888889 0.9708333333333333 0.5 0.9640625 0.5064814814814815 0.9510416666666667 0.5046296296296297 0.9390625 0.5101851851851852 0.9260416666666667 0.5370370370370371 0.9229166666666667 0.5583333333333333 0.9182291666666667 0.5657407407407408 0.9072916666666667 0.5462962962962963 0.9088541666666666 0.524074074074074 0.9161458333333333 0.4981481481481482 0.925 0.4824074074074074 0.9380208333333333 0.47314814814814815 0.9453125 0.4601851851851852 0.9520833333333333 0.45555555555555555 0.9635416666666666 0.42685185185185187 0.9703125 0.4212962962962963 0.9776041666666667 0.4222222222222222
1 0.9901041666666667 0.5916666666666667 0.9947916666666666 0.5851851851851851 0.9994791666666667 0.5842592592592593 0.9994791666666667 0.6407407407407407 0.9880208333333333 0.6425925925925926 0.9760416666666667 0.6361111111111111 0.9838541666666667 0.6055555555555555 0.9901041666666667 0.5925925925925926
1 0.22447916666666667 0.001851851851851852 0.228125 0.004629629629629629 0.22916666666666666 0.021296296296296296 0.24114583333333334 0.058333333333333334 0.24583333333333332 0.08796296296296297 0.246875 0.10833333333333334 0.2546875 0.15648148148148147 0.25364583333333335 0.16574074074074074 0.246875 0.1675925925925926 0.2296875 0.1675925925925926 0.22760416666666666 0.1648148148148148 0.215625 0.09444444444444444 0.21458333333333332 0.06574074074074074 0.21614583333333334 0.03888888888888889 0.21302083333333333 0.006481481481481481 0.215625 0.002777777777777778 0.22395833333333334 0.001851851851851852