0 0.3338541666666667 0.4925925925925926 0.3572916666666667 0.5194444444444445 0.36875 0.5268518518518519 0.3885416666666667 0.5472222222222223 0.3921875 0.5527777777777778 0.3927083333333333 0.5583333333333333 0.38958333333333334 0.5638888888888889 0.3796875 0.5592592592592592 0.353125 0.5296296296296297 0.3260416666666667 0.5092592592592593 0.32447916666666665 0.5046296296296297 0.325 0.49722222222222223 0.32916666666666666 0.49166666666666664 0.3333333333333333 0.4925925925925926
0 0.4005208333333333 0.549074074074074 0.40520833333333334 0.5481481481481482 0.4109375 0.5527777777777778 0.4515625 0.6305555555555555 0.4635416666666667 0.65 0.4713541666666667 0.6574074074074074 0.4713541666666667 0.6657407407407407 0.46770833333333334 0.6759259259259259 0.4588541666666667 0.6768518518518518 0.4479166666666667 0.6481481481481481 0.40208333333333335 0.5657407407407408 0.4 0.5592592592592592 0.4005208333333333 0.55
0 0.38177083333333334 0.4361111111111111 0.384375 0.44074074074074077 0.38385416666666666 0.4601851851851852 0.3854166666666667 0.46574074074074073 0.3828125 0.4740740740740741 0.3776041666666667 0.4740740740740741 0.37135416666666665 0.4675925925925926 0.37552083333333336 0.4583333333333333 0.3776041666666667 0.43796296296296294 0.38125 0.4361111111111111
0 0.3984375 0.3453703703703704 0.403125 0.3509259259259259 0.41041666666666665 0.37962962962962965 0.40572916666666664 0.40185185185185185 0.3885416666666667 0.3611111111111111 0.39114583333333336 0.3490740740740741 0.39791666666666664 0.3453703703703704
0 0.35104166666666664 0.3814814814814815 0.3572916666666667 0.3861111111111111 0.3572916666666667 0.3972222222222222 0.3541666666666667 0.4027777777777778 0.3489583333333333 0.40185185185185185 0.34010416666666665 0.3925925925925926 0.340625 0.38333333333333336 0.35052083333333334 0.3814814814814815
0 0.35052083333333334 0.31851851851851853 0.36041666666666666 0.3296296296296296 0.36354166666666665 0.33796296296296297 0.3640625 0.34629629629629627 0.359375 0.34814814814814815 0.3463541666666667 0.33611111111111114 0.3463541666666667 0.32407407407407407 0.35 0.3194444444444444
0 0.38645833333333335 0.5861111111111111 0.39375 0.5898148148148148 0.3958333333333333 0.6027777777777777 0.39427083333333335 0.6203703703703703 0.3875 0.6287037037037037 0.36822916666666666 0.6203703703703703 0.346875 0.6240740740740741 0.3234375 0.6222222222222222 0.3015625 0.6259259259259259 0.2375 0.6277777777777778 0.2328125 0.6231481481481481 0.23125 0.6157407407407407 0.23229166666666667 0.5990740740740741 0.23697916666666666 0.5935185185185186 0.359375 0.5944444444444444 0.37552083333333336 0.5935185185185186 0.3796875 0.587037037037037 0.3859375 0.5861111111111111
0 0.4401041666666667 0.4546296296296296 0.45 0.4638888888888889 0.47552083333333334 0.4666666666666667 0.4796875 0.4722222222222222 0.48072916666666665 0.48055555555555557 0.4791666666666667 0.4898148148148148 0.475 0.49537037037037035 0.4479166666666667 0.49722222222222223 0.43802083333333336 0.5027777777777778 0.4296875 0.49444444444444446 0.428125 0.47314814814814815 0.4328125 0.45925925925925926 0.4395833333333333 0.4546296296296296
0 0.33177083333333335 0.42314814814814816 0.33645833333333336 0.4305555555555556 0.3546875 0.4324074074074074 0.3572916666666667 0.4351851851851852 0.3578125 0.44351851851851853 0.3546875 0.44907407407407407 0.3380208333333333 0.44907407407407407 0.328125 0.45555555555555555 0.32135416666666666 0.4527777777777778 0.31927083333333334 0.4425925925925926 0.31979166666666664 0.4324074074074074 0.3229166666666667 0.425 0.33125 0.42314814814814816
2 0.4002604166666667 0.7226851851851852 0.0067708333333333336 0.017592592592592594
2 0.3578125 0.5777777777777777 0.3619791666666667 0.5777777777777777 0.36354166666666665 0.5824074074074074 0.36354166666666665 0.5907407407407408 0.3578125 0.5935185185185186 0.35572916666666665 0.5898148148148148 0.3578125 0.5787037037037037
2 0.38385416666666666 0.2388888888888889 0.38645833333333335 0.24444444444444444 0.38645833333333335 0.25277777777777777 0.3854166666666667 0.2574074074074074 0.38177083333333334 0.2601851851851852 0.37864583333333335 0.2574074074074074 0.3776041666666667 0.2490740740740741 0.37916666666666665 0.24074074074074073 0.38333333333333336 0.2388888888888889
2 0.3854166666666667 0.5018518518518519 0.3880208333333333 0.5064814814814815 0.3875 0.5166666666666667 0.38229166666666664 0.5148148148148148 0.3828125 0.5037037037037037 0.3848958333333333 0.5027777777777778
2 0.403125 0.44537037037037036 0.4083333333333333 0.45925925925925926 0.4083333333333333 0.47314814814814815 0.403125 0.48703703703703705 0.3958333333333333 0.48518518518518516 0.3932291666666667 0.48055555555555557 0.3921875 0.4722222222222222 0.3953125 0.44907407407407407 0.39947916666666666 0.4444444444444444 0.40260416666666665 0.44537037037037036
2 0.4109375 0.30277777777777776 0.415625 0.31203703703703706 0.415625 0.325 0.4109375 0.3333333333333333 0.40677083333333336 0.33240740740740743 0.4041666666666667 0.32407407407407407 0.40625 0.30648148148148147 0.41041666666666665 0.30277777777777776
2 0.425 0.37592592592592594 0.43020833333333336 0.3861111111111111 0.43072916666666666 0.4 0.4244791666666667 0.4166666666666667 0.41875 0.41944444444444445 0.41354166666666664 0.4185185185185185 0.4078125 0.4101851851851852 0.40625 0.3962962962962963 0.4114583333333333 0.38055555555555554 0.4197916666666667 0.37407407407407406 0.4244791666666667 0.37592592592592594
2 0.4239583333333333 0.6898148148148148 0.43072916666666666 0.7064814814814815 0.4317708333333333 0.7194444444444444 0.43072916666666666 0.7314814814814815 0.42604166666666665 0.7416666666666667 0.4171875 0.7398148148148148 0.41302083333333334 0.7314814814814815 0.4109375 0.7203703703703703 0.4119791666666667 0.7018518518518518 0.41458333333333336 0.6925925925925925 0.41822916666666665 0.6888888888888889 0.4234375 0.6898148148148148
2 0.32083333333333336 0.2833333333333333 0.3229166666666667 0.2962962962962963 0.31979166666666664 0.30277777777777776 0.31666666666666665 0.3 0.31614583333333335 0.2898148148148148 0.3177083333333333 0.28425925925925927 0.3203125 0.2833333333333333
2 0.38385416666666666 0.28055555555555556 0.3890625 0.28703703703703703 0.39166666666666666 0.3111111111111111 0.3880208333333333 0.32592592592592595 0.3828125 0.33240740740740743 0.375 0.32685185185185184 0.3723958333333333 0.3055555555555556 0.37604166666666666 0.28703703703703703 0.3796875 0.2814814814814815 0.38333333333333336 0.28055555555555556
2 0.35052083333333334 0.6296296296296297 0.3567708333333333 0.6462962962962963 0.35625 0.6648148148148149 0.3541666666666667 0.674074074074074 0.35104166666666664 0.6777777777777778 0.346875 0.6768518518518518 0.3421875 0.6703703703703704 0.33958333333333335 0.6537037037037037 0.3421875 0.6333333333333333 0.3458333333333333 0.6287037037037037 0.35 0.6296296296296297
2 0.42291666666666666 0.22314814814814815 0.42916666666666664 0.2388888888888889 0.42916666666666664 0.2518518518518518 0.4244791666666667 0.27037037037037037 0.41875 0.2777777777777778 0.41041666666666665 0.2722222222222222 0.4078125 0.262037037037037 0.40729166666666666 0.24814814814814815 0.41041666666666665 0.23148148148148148 0.41458333333333336 0.22407407407407406 0.42239583333333336 0.22314814814814815
2 0.34791666666666665 0.5712962962962963 0.35 0.5796296296296296 0.35 0.5898148148148148 0.3484375 0.5925925925925926 0.34270833333333334 0.5925925925925926 0.34010416666666665 0.5851851851851851 0.340625 0.575 0.34427083333333336 0.5703703703703704 0.34739583333333335 0.5712962962962963
2 0.4140625 0.27314814814814814 0.41875 0.27870370370370373 0.41875 0.2851851851851852 0.41510416666666666 0.29259259259259257 0.4114583333333333 0.2916666666666667 0.409375 0.2861111111111111 0.41041666666666665 0.2740740740740741 0.41354166666666664 0.27314814814814814
2 0.459375 0.7435185185185185 0.4625 0.75 0.4625 0.7583333333333333 0.46041666666666664 0.7620370370370371 0.45625 0.7601851851851852 0.4552083333333333 0.7564814814814815 0.4557291666666667 0.7462962962962963 0.4588541666666667 0.7435185185185185
2 0.3854166666666667 0.3296296296296296 0.38645833333333335 0.337037037037037 0.38385416666666666 0.3425925925925926 0.3807291666666667 0.3351851851851852 0.38177083333333334 0.33055555555555555 0.3848958333333333 0.3296296296296296
2 0.428125 0.49444444444444446 0.43802083333333336 0.5027777777777778 0.4390625 0.5064814814814815 0.43645833333333334 0.5231481481481481 0.428125 0.5212962962962963 0.4265625 0.5166666666666667 0.428125 0.49537037037037035
2 0.31614583333333335 0.34814814814814815 0.3203125 0.35555555555555557 0.321875 0.37592592592592594 0.31875 0.3888888888888889 0.3151041666666667 0.39351851851851855 0.3104166666666667 0.3925925925925926 0.3072916666666667 0.3861111111111111 0.30625 0.3648148148148148 0.30833333333333335 0.3527777777777778 0.3104166666666667 0.3490740740740741 0.315625 0.34814814814814815
2 0.4421875 0.3648148148148148 0.4479166666666667 0.362962962962963 0.45208333333333334 0.375 0.45208333333333334 0.3861111111111111 0.45 0.3925925925925926 0.4421875 0.3925925925925926 0.4395833333333333 0.3861111111111111 0.4395833333333333 0.37407407407407406 0.4421875 0.36574074074074076
2 0.49947916666666664 0.5648148148148148 0.5020833333333333 0.5712962962962963 0.5020833333333333 0.5777777777777777 0.49947916666666664 0.5833333333333334 0.4947916666666667 0.5814814814814815 0.49375 0.5777777777777777 0.4947916666666667 0.5657407407407408 0.49895833333333334 0.5648148148148148
2 0.41875 0.6 0.4244791666666667 0.6064814814814815 0.428125 0.6203703703703703 0.42864583333333334 0.6370370370370371 0.4265625 0.6472222222222223 0.42239583333333336 0.6527777777777778 0.415625 0.6527777777777778 0.4088541666666667 0.6361111111111111 0.4083333333333333 0.6175925925925926 0.40989583333333335 0.6083333333333333 0.41302083333333334 0.6027777777777777 0.41822916666666665 0.600925925925926
2 0.465625 0.2824074074074074 0.4708333333333333 0.2861111111111111 0.47604166666666664 0.3 0.4744791666666667 0.325 0.4661458333333333 0.3398148148148148 0.46145833333333336 0.3398148148148148 0.45625 0.3351851851851852 0.45260416666666664 0.32314814814814813 0.45260416666666664 0.3055555555555556 0.4557291666666667 0.2916666666666667 0.46041666666666664 0.28425925925925927 0.46510416666666665 0.2824074074074074
1 0.2677083333333333 0 0.284375 0 0.2838541666666667 0.007407407407407408 0.2682291666666667 0.000925925925925926
1 0.21875 0 0.26614583333333336 0 0.2703125 0.005555555555555556 0.28072916666666664 0.009259259259259259 0.2838541666666667 0.013888888888888888 0.2838541666666667 0.05462962962962963 0.28177083333333336 0.05925925925925926 0.21875 0.032407407407407406 0.21875 0.000925925925925926