0 0.6348958333333333 0.325 0.6380208333333334 0.3314814814814815 0.6380208333333334 0.3425925925925926 0.6276041666666666 0.4101851851851852 0.6244791666666667 0.4444444444444444 0.625 0.4675925925925926 0.6203125 0.4759259259259259 0.6114583333333333 0.47314814814814815 0.609375 0.4685185185185185 0.609375 0.46111111111111114 0.6151041666666667 0.44166666666666665 0.6265625 0.3490740740740741 0.6307291666666667 0.3277777777777778 0.634375 0.325
0 0.48072916666666665 0.24537037037037038 0.48489583333333336 0.25092592592592594 0.48385416666666664 0.26296296296296295 0.46979166666666666 0.2657407407407407 0.4635416666666667 0.2638888888888889 0.46197916666666666 0.2537037037037037 0.48020833333333335 0.24537037037037038
0 0.41302083333333334 0.30925925925925923 0.4203125 0.3194444444444444 0.5005208333333333 0.3675925925925926 0.50625 0.3731481481481482 0.5078125 0.3787037037037037 0.5020833333333333 0.38425925925925924 0.44947916666666665 0.35555555555555557 0.4192708333333333 0.33240740740740743 0.41302083333333334 0.3314814814814815 0.4078125 0.3351851851851852 0.4041666666666667 0.3277777777777778 0.4041666666666667 0.31851851851851853 0.40729166666666666 0.30925925925925923 0.4125 0.30925925925925923
0 0.5489583333333333 0.3648148148148148 0.5671875 0.3990740740740741 0.5723958333333333 0.4009259259259259 0.5776041666666667 0.412962962962963 0.5776041666666667 0.42777777777777776 0.5713541666666667 0.4388888888888889 0.565625 0.4425925925925926 0.5609375 0.44166666666666665 0.5572916666666666 0.4361111111111111 0.5375 0.3824074074074074 0.5369791666666667 0.37592592592592594 0.540625 0.36574074074074076 0.5458333333333333 0.362962962962963 0.5484375 0.3648148148148148
0 0.46979166666666666 0.19722222222222222 0.475 0.20925925925925926 0.4739583333333333 0.2222222222222222 0.44635416666666666 0.23425925925925925 0.44166666666666665 0.23425925925925925 0.4390625 0.22962962962962963 0.43854166666666666 0.22037037037037038 0.4401041666666667 0.21666666666666667 0.45989583333333334 0.2064814814814815 0.4666666666666667 0.19722222222222222 0.46927083333333336 0.19722222222222222
0 0.45989583333333334 0.2324074074074074 0.4625 0.22870370370370371 0.4671875 0.22870370370370371 0.46927083333333336 0.23796296296296296 0.47760416666666666 0.24444444444444444 0.4744791666666667 0.2490740740740741 0.45989583333333334 0.2518518518518518 0.4583333333333333 0.24722222222222223 0.45989583333333334 0.23333333333333334
0 0.40572916666666664 0.17962962962962964 0.4125 0.18518518518518517 0.49583333333333335 0.1962962962962963 0.49895833333333334 0.19907407407407407 0.49895833333333334 0.2064814814814815 0.4953125 0.2111111111111111 0.4765625 0.20925925925925926 0.46979166666666666 0.19722222222222222 0.4661458333333333 0.19722222222222222 0.4630208333333333 0.2037037037037037 0.45625 0.20555555555555555 0.4390625 0.2064814814814815 0.42291666666666666 0.20185185185185187 0.40625 0.2037037037037037 0.40208333333333335 0.20092592592592592 0.4005208333333333 0.19537037037037036 0.4015625 0.1824074074074074 0.40520833333333334 0.17962962962962964
0 0.7036458333333333 0.18518518518518517 0.7078125 0.19166666666666668 0.709375 0.20092592592592592 0.7088541666666667 0.21203703703703702 0.7057291666666666 0.21666666666666667 0.6994791666666667 0.2222222222222222 0.6895833333333333 0.22407407407407406 0.6541666666666667 0.25277777777777777 0.6307291666666667 0.2796296296296296 0.5916666666666667 0.31296296296296294 0.5875 0.3111111111111111 0.5859375 0.30648148148148147 0.5859375 0.29259259259259257 0.5901041666666667 0.28425925925925927 0.6770833333333334 0.20833333333333334 0.6869791666666667 0.19814814814814816 0.6942708333333333 0.18518518518518517 0.703125 0.18518518518518517
0 0.4583333333333333 0.275 0.46041666666666664 0.2796296296296296 0.4609375 0.29074074074074074 0.45729166666666665 0.31296296296296294 0.4515625 0.30925925925925923 0.4510416666666667 0.2861111111111111 0.453125 0.2759259259259259 0.4578125 0.275
2 0.5440104166666667 0.23055555555555557 0.015104166666666667 0.016666666666666666
2 0.465625 0.2712962962962963 0.4703125 0.27685185185185185 0.46979166666666666 0.2861111111111111 0.4671875 0.2898148148148148 0.4609375 0.28888888888888886 0.459375 0.28055555555555556 0.45625 0.2759259259259259 0.46510416666666665 0.2712962962962963
2 0.4666666666666667 0.30277777777777776 0.46979166666666666 0.30648148148148147 0.4703125 0.3138888888888889 0.46458333333333335 0.3194444444444444 0.46041666666666664 0.3175925925925926 0.4583333333333333 0.31296296296296294 0.45989583333333334 0.30462962962962964 0.4661458333333333 0.30277777777777776
2 0.44375 0.30092592592592593 0.4473958333333333 0.3037037037037037 0.4479166666666667 0.3074074074074074 0.44583333333333336 0.3111111111111111 0.4390625 0.3101851851851852 0.43802083333333336 0.30648148148148147 0.4390625 0.30185185185185187 0.4432291666666667 0.30092592592592593
2 0.4197916666666667 0.28888888888888886 0.4234375 0.2953703703703704 0.42291666666666666 0.30092592592592593 0.4197916666666667 0.3037037037037037 0.41510416666666666 0.3037037037037037 0.41041666666666665 0.2962962962962963 0.4140625 0.2898148148148148 0.4192708333333333 0.28888888888888886
2 0.45989583333333334 0.31851851851851853 0.46197916666666666 0.32592592592592595 0.45729166666666665 0.3314814814814815 0.45416666666666666 0.3296296296296296 0.45260416666666664 0.32407407407407407 0.4557291666666667 0.31851851851851853 0.459375 0.31851851851851853
2 0.6135416666666667 0.33611111111111114 0.6203125 0.34074074074074073 0.625 0.3509259259259259 0.6229166666666667 0.362962962962963 0.6140625 0.37222222222222223 0.6046875 0.37037037037037035 0.5973958333333333 0.362962962962963 0.5947916666666667 0.35648148148148145 0.5953125 0.3472222222222222 0.5984375 0.34074074074074073 0.6052083333333333 0.33611111111111114 0.6130208333333333 0.33611111111111114
2 0.4119791666666667 0.287962962962963 0.40989583333333335 0.2972222222222222 0.4046875 0.2962962962962963 0.4041666666666667 0.29074074074074074 0.40729166666666666 0.28703703703703703 0.4114583333333333 0.287962962962963
2 0.4359375 0.3453703703703704 0.44114583333333335 0.3490740740740741 0.4348958333333333 0.3490740740740741 0.4317708333333333 0.3527777777777778 0.43125 0.35648148148148145 0.4348958333333333 0.3638888888888889 0.4432291666666667 0.36203703703703705 0.44583333333333336 0.3537037037037037 0.45260416666666664 0.3592592592592593 0.44947916666666665 0.36944444444444446 0.440625 0.37592592592592594 0.42864583333333334 0.3731481481481482 0.42291666666666666 0.362962962962963 0.42239583333333336 0.3537037037037037 0.425 0.3472222222222222 0.428125 0.34444444444444444 0.4354166666666667 0.3453703703703704
2 0.4947916666666667 0.2638888888888889 0.4984375 0.26851851851851855 0.4984375 0.275 0.49583333333333335 0.27870370370370373 0.49114583333333334 0.27870370370370373 0.48802083333333335 0.27314814814814814 0.490625 0.26481481481481484 0.4942708333333333 0.2638888888888889
2 0.5270833333333333 0.33055555555555555 0.5348958333333333 0.3388888888888889 0.5364583333333334 0.3527777777777778 0.5307291666666667 0.362962962962963 0.5260416666666666 0.36574074074074076 0.5145833333333333 0.3638888888888889 0.5078125 0.35462962962962963 0.5067708333333333 0.34444444444444444 0.5098958333333333 0.3351851851851852 0.5145833333333333 0.3314814814814815 0.5265625 0.33055555555555555
2 0.4114583333333333 0.22314814814814815 0.41822916666666665 0.22777777777777777 0.4203125 0.24074074074074073 0.41770833333333335 0.24814814814814815 0.4078125 0.25462962962962965 0.39791666666666664 0.25092592592592594 0.39375 0.24351851851851852 0.3932291666666667 0.23703703703703705 0.3963541666666667 0.22870370370370371 0.4005208333333333 0.225 0.4109375 0.22314814814814815
2 0.3333333333333333 0.287962962962963 0.3421875 0.29444444444444445 0.34322916666666664 0.30648148148148147 0.3390625 0.31666666666666665 0.33177083333333335 0.32222222222222224 0.31666666666666665 0.31666666666666665 0.3140625 0.3111111111111111 0.3140625 0.30277777777777776 0.31614583333333335 0.2962962962962963 0.32135416666666666 0.29074074074074074 0.3328125 0.287962962962963
2 0.4979166666666667 0.32037037037037036 0.5046875 0.325 0.5072916666666667 0.33240740740740743 0.50625 0.3472222222222222 0.4984375 0.35555555555555557 0.48385416666666664 0.3527777777777778 0.4786458333333333 0.3425925925925926 0.4786458333333333 0.3333333333333333 0.48333333333333334 0.32407407407407407 0.4973958333333333 0.32037037037037036
2 0.3640625 0.16666666666666666 0.3671875 0.1712962962962963 0.36770833333333336 0.17962962962962964 0.3609375 0.18796296296296297 0.3484375 0.18425925925925926 0.346875 0.17407407407407408 0.35208333333333336 0.16666666666666666 0.36354166666666665 0.16666666666666666
2 0.509375 0.36203703703703705 0.5145833333333333 0.36666666666666664 0.5161458333333333 0.37222222222222223 0.5140625 0.38055555555555554 0.509375 0.38333333333333336 0.5052083333333334 0.3824074074074074 0.5046875 0.37407407407407406 0.5 0.36574074074074076 0.5088541666666667 0.36203703703703705
2 0.4791666666666667 0.22407407407407406 0.49114583333333334 0.2324074074074074 0.49114583333333334 0.23981481481481481 0.484375 0.2462962962962963 0.46979166666666666 0.2388888888888889 0.4671875 0.23333333333333334 0.46770833333333334 0.22685185185185186 0.4703125 0.22407407407407406 0.4786458333333333 0.22407407407407406
2 0.5364583333333334 0.23425925925925925 0.5489583333333333 0.23703703703703705 0.5463541666666667 0.24444444444444444 0.5421875 0.2462962962962963 0.5364583333333334 0.24259259259259258 0.5364583333333334 0.2351851851851852
2 0.5036458333333333 0.4009259259259259 0.5052083333333334 0.40925925925925927 0.5026041666666666 0.412962962962963 0.49635416666666665 0.4111111111111111 0.4947916666666667 0.4046296296296296 0.496875 0.4 0.503125 0.4009259259259259
2 0.571875 0.16666666666666666 0.575 0.1712962962962963 0.5755208333333334 0.1814814814814815 0.5713541666666667 0.18981481481481483 0.5645833333333333 0.1925925925925926 0.553125 0.18703703703703703 0.55 0.17962962962962964 0.55 0.17407407407407408 0.5536458333333333 0.16666666666666666 0.5588541666666667 0.1638888888888889 0.5713541666666667 0.16666666666666666
2 0.44114583333333335 0.3888888888888889 0.44583333333333336 0.39444444444444443 0.44635416666666666 0.40370370370370373 0.440625 0.4111111111111111 0.4328125 0.40925925925925927 0.428125 0.4009259259259259 0.43125 0.39166666666666666 0.440625 0.3888888888888889
1 0.9723958333333333 0.4388888888888889 0.9833333333333333 0.45185185185185184 0.9921875 0.46944444444444444 0.9822916666666667 0.487962962962963 0.9958333333333333 0.5138888888888888 0.996875 0.5277777777777778 0.9770833333333333 0.5666666666666667 0.9635416666666666 0.6101851851851852 0.9546875 0.6203703703703703 0.9463541666666667 0.6194444444444445 0.9213541666666667 0.6 0.9114583333333334 0.5731481481481482 0.9052083333333333 0.5462962962962963 0.9161458333333333 0.525 0.9208333333333333 0.5055555555555555 0.9333333333333333 0.47129629629629627 0.9416666666666667 0.46574074074074073 0.9604166666666667 0.46944444444444444 0.9677083333333333 0.45555555555555555 0.9651041666666667 0.4425925925925926 0.971875 0.4388888888888889
1 0.1765625 0 0.20416666666666666 0 0.21041666666666667 0.04259259259259259 0.2140625 0.05555555555555555 0.215625 0.0787037037037037 0.2203125 0.09444444444444444 0.22239583333333332 0.1111111111111111 0.2203125 0.11666666666666667 0.19583333333333333 0.1175925925925926 0.1921875 0.11481481481481481 0.17395833333333333 0.007407407407407408 0.17395833333333333 0.003703703703703704 0.1765625 0.000925925925925926
1 0.9979166666666667 0.5277777777777778 0.9994791666666667 0.5277777777777778 0.9994791666666667 0.5953703703703703 0.9895833333333334 0.6027777777777777 0.9770833333333333 0.600925925925926 0.9697916666666667 0.5953703703703703 0.9734375 0.5777777777777777 0.9859375 0.5481481481481482 0.9979166666666667 0.5287037037037037
1 0.9755208333333333 0.38425925925925924 0.9921875 0.387037037037037 0.9942708333333333 0.38981481481481484 0.99375 0.3962962962962963 0.9880208333333333 0.4027777777777778 0.9723958333333333 0.4111111111111111 0.9703125 0.4222222222222222 0.975 0.4287037037037037 0.975 0.43333333333333335 0.9734375 0.43703703703703706 0.9625 0.44074074074074077 0.965625 0.45185185185185184 0.9630208333333333 0.4638888888888889 0.9604166666666667 0.4666666666666667 0.9411458333333333 0.4638888888888889 0.9317708333333333 0.4722222222222222 0.9208333333333333 0.49722222222222223 0.9151041666666667 0.5231481481481481 0.9109375 0.5231481481481481 0.9020833333333333 0.5083333333333333 0.9041666666666667 0.47962962962962963 0.9114583333333334 0.45740740740740743 0.9197916666666667 0.44166666666666665 0.9359375 0.42962962962962964 0.9421875 0.4185185185185185 0.9479166666666666 0.41388888888888886 0.959375 0.38333333333333336 0.975 0.38425925925925924
1 0.21354166666666666 0 0.23489583333333333 0 0.2359375 0.002777777777777778 0.24270833333333333 0.03981481481481482 0.24635416666666668 0.08148148148148149 0.2515625 0.10648148148148148 0.25 0.11574074074074074 0.22395833333333334 0.11388888888888889 0.215625 0.0712962962962963 0.209375 0.020370370370370372 0.21041666666666667 0.004629629629629629 0.21354166666666666 0.000925925925925926