0 0.6203125 0.5231481481481481 0.625 0.5314814814814814 0.6244791666666667 0.5546296296296296 0.6276041666666666 0.5888888888888889 0.6380208333333334 0.6564814814814814 0.6380208333333334 0.6675925925925926 0.6348958333333333 0.674074074074074 0.6317708333333333 0.6731481481481482 0.6291666666666667 0.6638888888888889 0.6151041666666667 0.5574074074074075 0.609375 0.537962962962963 0.609375 0.5305555555555556 0.6114583333333333 0.5259259259259259 0.6197916666666666 0.5231481481481481
0 0.46979166666666666 0.7333333333333333 0.48385416666666664 0.7361111111111112 0.48489583333333336 0.7481481481481481 0.48072916666666665 0.7537037037037037 0.4625 0.7462962962962963 0.4630208333333333 0.7361111111111112 0.46927083333333336 0.7333333333333333
0 0.5020833333333333 0.6148148148148148 0.5078125 0.6203703703703703 0.50625 0.6259259259259259 0.5005208333333333 0.6314814814814815 0.4203125 0.6796296296296296 0.4114583333333333 0.6916666666666667 0.40729166666666666 0.6898148148148148 0.4041666666666667 0.6805555555555556 0.4041666666666667 0.6712962962962963 0.4078125 0.6638888888888889 0.41302083333333334 0.6675925925925926 0.4192708333333333 0.6666666666666666 0.44947916666666665 0.6435185185185185 0.5015625 0.6148148148148148
0 0.565625 0.5564814814814815 0.5713541666666667 0.5601851851851852 0.5776041666666667 0.5712962962962963 0.5776041666666667 0.5861111111111111 0.5723958333333333 0.5981481481481481 0.5671875 0.6 0.5520833333333334 0.6305555555555555 0.5463541666666667 0.6361111111111111 0.5385416666666667 0.6296296296296297 0.5369791666666667 0.6231481481481481 0.5385416666666667 0.612037037037037 0.5572916666666666 0.562962962962963 0.5609375 0.5574074074074075 0.5651041666666666 0.5564814814814815
0 0.4473958333333333 0.7657407407407407 0.4739583333333333 0.7768518518518519 0.475 0.7898148148148149 0.46979166666666666 0.8018518518518518 0.4666666666666667 0.8018518518518518 0.45989583333333334 0.7925925925925926 0.4401041666666667 0.7824074074074074 0.43854166666666666 0.7787037037037037 0.4390625 0.7694444444444445 0.44166666666666665 0.7648148148148148 0.446875 0.7657407407407407
0 0.45989583333333334 0.7472222222222222 0.4744791666666667 0.75 0.47760416666666666 0.7537037037037037 0.47552083333333334 0.7583333333333333 0.46927083333333336 0.7611111111111111 0.4671875 0.7703703703703704 0.4625 0.7703703703703704 0.4583333333333333 0.7611111111111111 0.45989583333333334 0.7481481481481481
0 0.4973958333333333 0.7888888888888889 0.49895833333333334 0.8 0.49583333333333335 0.8027777777777778 0.4125 0.8138888888888889 0.4046875 0.8203703703703704 0.4010416666666667 0.8148148148148148 0.4005208333333333 0.8037037037037037 0.40208333333333335 0.7981481481481482 0.40625 0.7953703703703704 0.42291666666666666 0.7972222222222223 0.4390625 0.7925925925925926 0.45625 0.7935185185185185 0.4630208333333333 0.7953703703703704 0.4661458333333333 0.8018518518518518 0.46979166666666666 0.8018518518518518 0.4765625 0.7898148148148149 0.496875 0.7888888888888889
0 0.59375 0.687037037037037 0.6307291666666667 0.7194444444444444 0.6541666666666667 0.7462962962962963 0.6895833333333333 0.775 0.6994791666666667 0.7768518518518519 0.7057291666666666 0.7824074074074074 0.7088541666666667 0.7870370370370371 0.709375 0.7981481481481482 0.7067708333333333 0.8101851851851852 0.7026041666666667 0.8148148148148148 0.6942708333333333 0.8138888888888889 0.6869791666666667 0.8009259259259259 0.6770833333333334 0.7907407407407407 0.5901041666666667 0.7148148148148148 0.5864583333333333 0.7092592592592593 0.5859375 0.6925925925925925 0.5885416666666666 0.687037037037037 0.5932291666666667 0.687037037037037
0 0.45625 0.7055555555555556 0.010416666666666666 0.03888888888888889
2 0.5484375 0.762962962962963 0.5505208333333333 0.7648148148148148 0.5510416666666667 0.7703703703703704 0.5473958333333333 0.7768518518518519 0.5385416666666667 0.775 0.5364583333333334 0.7712962962962963 0.5364583333333334 0.7657407407407407 0.5432291666666667 0.7611111111111111 0.5479166666666667 0.762962962962963
2 0.4671875 0.7092592592592593 0.46979166666666666 0.7129629629629629 0.4703125 0.7222222222222222 0.465625 0.7277777777777777 0.45625 0.7231481481481481 0.459375 0.7185185185185186 0.4609375 0.7101851851851851 0.4666666666666667 0.7092592592592593
2 0.46458333333333335 0.6796296296296296 0.4703125 0.6851851851851852 0.46979166666666666 0.6925925925925925 0.4666666666666667 0.6962962962962963 0.4609375 0.6953703703703704 0.4588541666666667 0.6898148148148148 0.4583333333333333 0.6851851851851852 0.4640625 0.6796296296296296
2 0.4390625 0.6888888888888889 0.44583333333333336 0.687962962962963 0.4479166666666667 0.6916666666666667 0.4473958333333333 0.6953703703703704 0.440625 0.6981481481481482 0.43854166666666666 0.6953703703703704 0.4390625 0.6898148148148148
2 0.421875 0.6962962962962963 0.4234375 0.7037037037037037 0.4197916666666667 0.7101851851851851 0.4140625 0.7092592592592593 0.41041666666666665 0.7027777777777777 0.41510416666666666 0.6953703703703704 0.42135416666666664 0.6962962962962963
2 0.45729166666666665 0.6675925925925926 0.46197916666666666 0.6731481481481482 0.45989583333333334 0.6805555555555556 0.4557291666666667 0.6805555555555556 0.45260416666666664 0.675 0.45677083333333335 0.6675925925925926
2 0.6161458333333333 0.6277777777777778 0.6229166666666667 0.6361111111111111 0.625 0.6481481481481481 0.6203125 0.6583333333333333 0.6135416666666667 0.662962962962963 0.6052083333333333 0.662962962962963 0.5984375 0.6583333333333333 0.5953125 0.6518518518518519 0.5947916666666667 0.6425925925925926 0.5973958333333333 0.6361111111111111 0.6046875 0.6287037037037037 0.615625 0.6277777777777778
2 0.40989583333333335 0.7018518518518518 0.4125 0.7083333333333334 0.4109375 0.712037037037037 0.4041666666666667 0.7083333333333334 0.4046875 0.7027777777777777 0.409375 0.7018518518518518
2 0.440625 0.6231481481481481 0.44947916666666665 0.6296296296296297 0.45260416666666664 0.6398148148148148 0.44583333333333336 0.6453703703703704 0.4432291666666667 0.6370370370370371 0.4348958333333333 0.6351851851851852 0.4317708333333333 0.6407407407407407 0.4317708333333333 0.6462962962962963 0.4348958333333333 0.65 0.44114583333333335 0.65 0.43385416666666665 0.6546296296296297 0.425 0.6518518518518519 0.42239583333333336 0.6453703703703704 0.42291666666666666 0.6361111111111111 0.42864583333333334 0.6259259259259259 0.4401041666666667 0.6231481481481481
2 0.496875 0.7212962962962963 0.4984375 0.7305555555555555 0.4947916666666667 0.7351851851851852 0.490625 0.7342592592592593 0.48802083333333335 0.725925925925926 0.49114583333333334 0.7203703703703703 0.49635416666666665 0.7212962962962963
2 0.5260416666666666 0.6333333333333333 0.534375 0.6407407407407407 0.5364583333333334 0.6462962962962963 0.5364583333333334 0.6546296296296297 0.5322916666666667 0.6648148148148149 0.5229166666666667 0.6694444444444444 0.5098958333333333 0.6638888888888889 0.5067708333333333 0.649074074074074 0.5145833333333333 0.6351851851851852 0.5255208333333333 0.6333333333333333
2 0.4125 0.7462962962962963 0.4192708333333333 0.7537037037037037 0.4203125 0.7648148148148148 0.41822916666666665 0.7712962962962963 0.4114583333333333 0.7759259259259259 0.4041666666666667 0.7759259259259259 0.3963541666666667 0.7703703703703704 0.39375 0.7648148148148148 0.3932291666666667 0.7574074074074074 0.4 0.7462962962962963 0.4119791666666667 0.7462962962962963
2 0.3338541666666667 0.6777777777777778 0.3421875 0.687962962962963 0.34322916666666664 0.700925925925926 0.33958333333333335 0.7083333333333334 0.3333333333333333 0.7111111111111111 0.32135416666666666 0.7083333333333334 0.31614583333333335 0.7027777777777777 0.3140625 0.6962962962962963 0.3140625 0.687962962962963 0.31666666666666665 0.6824074074074075 0.32708333333333334 0.6768518518518518 0.3333333333333333 0.6777777777777778
2 0.5026041666666666 0.6462962962962963 0.50625 0.6518518518518519 0.5072916666666667 0.6666666666666666 0.5046875 0.674074074074074 0.4979166666666667 0.6787037037037037 0.4895833333333333 0.6787037037037037 0.48333333333333334 0.675 0.4786458333333333 0.6657407407407407 0.4786458333333333 0.6564814814814814 0.48385416666666664 0.6462962962962963 0.4895833333333333 0.6435185185185185 0.5020833333333333 0.6462962962962963
2 0.36302083333333335 0.812037037037037 0.3671875 0.8175925925925925 0.36770833333333336 0.825 0.3651041666666667 0.8314814814814815 0.359375 0.8342592592592593 0.3489583333333333 0.8296296296296296 0.346875 0.825 0.346875 0.8175925925925925 0.3541666666666667 0.8111111111111111 0.3625 0.812037037037037
2 0.5052083333333334 0.6166666666666667 0.5119791666666667 0.6166666666666667 0.5161458333333333 0.6259259259259259 0.5145833333333333 0.6324074074074074 0.509375 0.6370370370370371 0.5010416666666667 0.6342592592592593 0.5010416666666667 0.6296296296296297 0.5052083333333334 0.6231481481481481 0.5052083333333334 0.6175925925925926
2 0.484375 0.7527777777777778 0.49114583333333334 0.7592592592592593 0.49114583333333334 0.7666666666666667 0.478125 0.7759259259259259 0.46770833333333334 0.7722222222222223 0.4671875 0.7657407407407407 0.46979166666666666 0.7601851851851852 0.48385416666666664 0.7537037037037037
2 0.5463541666666667 0.7546296296296297 0.5489583333333333 0.7620370370370371 0.540625 0.7648148148148148 0.5364583333333334 0.7648148148148148 0.5364583333333334 0.7564814814814815 0.5421875 0.7527777777777778 0.5458333333333333 0.7546296296296297
2 0.5026041666666666 0.5861111111111111 0.5052083333333334 0.5898148148148148 0.5052083333333334 0.5944444444444444 0.5026041666666666 0.5990740740740741 0.496875 0.5990740740740741 0.4947916666666667 0.5944444444444444 0.49635416666666665 0.5879629629629629 0.5020833333333333 0.5861111111111111
2 0.5645833333333333 0.8064814814814815 0.5713541666666667 0.8092592592592592 0.5755208333333334 0.8175925925925925 0.575 0.8277777777777777 0.5677083333333334 0.8351851851851851 0.55625 0.8342592592592593 0.55 0.825 0.55 0.8194444444444444 0.553125 0.812037037037037 0.5640625 0.8064814814814815
2 0.440625 0.5879629629629629 0.44635416666666666 0.5953703703703703 0.44583333333333336 0.6046296296296296 0.44114583333333335 0.6101851851851852 0.43333333333333335 0.6092592592592593 0.428125 0.5990740740740741 0.43072916666666666 0.5916666666666667 0.4401041666666667 0.5879629629629629
1 0.9567708333333333 0.37962962962962965 0.9635416666666666 0.3888888888888889 0.971875 0.4185185185185185 0.9838541666666667 0.44814814814814813 0.996875 0.47129629629629627 0.9958333333333333 0.48518518518518516 0.9822916666666667 0.5111111111111111 0.9921875 0.5296296296296297 0.9833333333333333 0.5472222222222223 0.9703125 0.5611111111111111 0.9651041666666667 0.5564814814814815 0.9677083333333333 0.5435185185185185 0.9604166666666667 0.5296296296296297 0.9416666666666667 0.5333333333333333 0.9333333333333333 0.5277777777777778 0.9208333333333333 0.4935185185185185 0.9161458333333333 0.4740740740740741 0.9052083333333333 0.4527777777777778 0.9114583333333334 0.42592592592592593 0.9213541666666667 0.3990740740740741 0.9463541666666667 0.37962962962962965 0.95625 0.37962962962962965
1 0.2203125 0.8824074074074074 0.22239583333333332 0.8861111111111111 0.22135416666666666 0.8981481481481481 0.215625 0.9203703703703704 0.2140625 0.9435185185185185 0.21041666666666667 0.9564814814814815 0.20416666666666666 0.9990740740740741 0.1765625 0.9990740740740741 0.17395833333333333 0.9916666666666667 0.1921875 0.8842592592592593 0.19583333333333333 0.8814814814814815 0.21979166666666666 0.8824074074074074
1 0.9895833333333334 0.3962962962962963 0.9994791666666667 0.40370370370370373 0.9994791666666667 0.47129629629629627 0.9859375 0.45092592592592595 0.9734375 0.4212962962962963 0.9697916666666667 0.4074074074074074 0.9697916666666667 0.40370370370370373 0.9734375 0.4 0.9890625 0.3962962962962963
1 0.9151041666666667 0.4759259259259259 0.9208333333333333 0.5018518518518519 0.9317708333333333 0.5268518518518519 0.9411458333333333 0.5351851851851852 0.9536458333333333 0.5324074074074074 0.9630208333333333 0.5351851851851852 0.965625 0.5472222222222223 0.9625 0.5583333333333333 0.9734375 0.562037037037037 0.975 0.5657407407407408 0.975 0.5703703703703704 0.9703125 0.5768518518518518 0.9723958333333333 0.5879629629629629 0.9880208333333333 0.5962962962962963 0.99375 0.6027777777777777 0.9942708333333333 0.6092592592592593 0.990625 0.6129629629629629 0.96875 0.6166666666666667 0.959375 0.6157407407407407 0.9479166666666666 0.5851851851851851 0.9421875 0.5805555555555556 0.9359375 0.5694444444444444 0.9197916666666667 0.5574074074074075 0.9072916666666667 0.5314814814814814 0.903125 0.5120370370370371 0.9020833333333333 0.49074074074074076 0.9078125 0.47962962962962963 0.9145833333333333 0.4759259259259259
1 0.24427083333333333 0.8824074074074074 0.25 0.8833333333333333 0.2515625 0.8925925925925926 0.24583333333333332 0.9212962962962963 0.24270833333333333 0.9592592592592593 0.23489583333333333 0.9990740740740741 0.21354166666666666 0.9990740740740741 0.21041666666666667 0.9944444444444445 0.209375 0.9787037037037037 0.215625 0.9277777777777778 0.22395833333333334 0.8851851851851852 0.24375 0.8824074074074074