0 0.40546875 0.23703703703703705 0.016145833333333335 0.037037037037037035
0 0.5864583333333333 0.7527777777777778 0.5885416666666666 0.7564814814814815 0.5890625 0.7657407407407407 0.5859375 0.7731481481481481 0.55625 0.8064814814814815 0.5369791666666667 0.8222222222222222 0.5260416666666666 0.8351851851851851 0.5161458333333333 0.8490740740740741 0.5088541666666667 0.8648148148148148 0.5052083333333334 0.8648148148148148 0.5010416666666667 0.8592592592592593 0.49947916666666664 0.8518518518518519 0.5010416666666667 0.8416666666666667 0.5171875 0.8287037037037037 0.5671875 0.7694444444444445 0.5791666666666667 0.7564814814814815 0.5859375 0.7527777777777778
0 0.46458333333333335 0.8388888888888889 0.4703125 0.8490740740740741 0.46822916666666664 0.8629629629629629 0.44895833333333335 0.8842592592592593 0.4390625 0.9018518518518519 0.43333333333333335 0.9009259259259259 0.4276041666666667 0.8953703703703704 0.4244791666666667 0.8805555555555555 0.42604166666666665 0.8685185185185185 0.4328125 0.8592592592592593 0.43854166666666666 0.8601851851851852 0.4552083333333333 0.8425925925925926 0.4640625 0.8388888888888889
0 0.45989583333333334 0.16296296296296298 0.4635416666666667 0.1638888888888889 0.46927083333333336 0.1814814814814815 0.4901041666666667 0.2101851851851852 0.5005208333333333 0.2175925925925926 0.528125 0.25462962962962965 0.5317708333333333 0.262037037037037 0.5317708333333333 0.275 0.5302083333333333 0.2777777777777778 0.525 0.2759259259259259 0.47760416666666666 0.20925925925925926 0.4625 0.19074074074074074 0.45625 0.18796296296296297 0.45364583333333336 0.1814814814814815 0.45364583333333336 0.17407407407407408 0.4552083333333333 0.16666666666666666 0.459375 0.1638888888888889
0 0.3338541666666667 0.2351851851851852 0.353125 0.26296296296296295 0.3536458333333333 0.26944444444444443 0.35052083333333334 0.27685185185185185 0.33177083333333335 0.26666666666666666 0.325 0.2564814814814815 0.32708333333333334 0.23981481481481481 0.3333333333333333 0.2351851851851852
0 0.45625 0.21481481481481482 0.4588541666666667 0.21851851851851853 0.4630208333333333 0.24722222222222223 0.4625 0.25555555555555554 0.45989583333333334 0.2574074074074074 0.4557291666666667 0.25277777777777777 0.4515625 0.23703703703703705 0.446875 0.22777777777777777 0.4505208333333333 0.21666666666666667 0.4557291666666667 0.21481481481481482
0 0.3859375 0.7537037037037037 0.39166666666666666 0.7592592592592593 0.396875 0.7703703703703704 0.42291666666666666 0.7907407407407407 0.42604166666666665 0.8009259259259259 0.42135416666666664 0.8148148148148148 0.41458333333333336 0.8148148148148148 0.4010416666666667 0.8064814814814815 0.39010416666666664 0.7944444444444444 0.38177083333333334 0.7962962962962963 0.371875 0.7888888888888889 0.3703125 0.7824074074074074 0.371875 0.762962962962963 0.3796875 0.7518518518518519 0.3854166666666667 0.7537037037037037
0 0.3104166666666667 0.6574074074074074 0.31197916666666664 0.6620370370370371 0.31666666666666665 0.8685185185185185 0.3177083333333333 0.8787037037037037 0.32135416666666666 0.8861111111111111 0.31979166666666664 0.8972222222222223 0.315625 0.9027777777777778 0.3104166666666667 0.9046296296296297 0.2994791666666667 0.899074074074074 0.2994791666666667 0.8907407407407407 0.3046875 0.8796296296296297 0.2984375 0.6703703703703704 0.2989583333333333 0.662962962962963 0.3015625 0.6583333333333333 0.3098958333333333 0.6574074074074074
0 0.4864583333333333 0.44537037037037036 0.5036458333333333 0.45925925925925926 0.5151041666666667 0.4601851851851852 0.5223958333333333 0.46944444444444444 0.5234375 0.48333333333333334 0.521875 0.49166666666666664 0.5182291666666666 0.5 0.5145833333333333 0.5027777777777778 0.5067708333333333 0.5 0.4979166666666667 0.48703703703703705 0.4765625 0.4675925925925926 0.47604166666666664 0.45740740740740743 0.478125 0.45 0.48072916666666665 0.4462962962962963 0.4859375 0.44537037037037036
0 0.29010416666666666 0.5064814814814815 0.29375 0.5101851851851852 0.2942708333333333 0.5194444444444445 0.28541666666666665 0.5462962962962963 0.2796875 0.5537037037037037 0.2734375 0.5509259259259259 0.26979166666666665 0.5435185185185185 0.26979166666666665 0.5361111111111111 0.27760416666666665 0.5268518518518519 0.2864583333333333 0.5083333333333333 0.28958333333333336 0.5064814814814815
0 0.3260416666666667 0.6333333333333333 0.3296875 0.637962962962963 0.3296875 0.6472222222222223 0.3260416666666667 0.6537037037037037 0.315625 0.6509259259259259 0.3171875 0.6407407407407407 0.32083333333333336 0.6342592592592593 0.3255208333333333 0.6333333333333333
0 0.3458333333333333 0.6851851851851852 0.3484375 0.6888888888888889 0.36041666666666666 0.7462962962962963 0.36614583333333334 0.7555555555555555 0.3651041666666667 0.7638888888888888 0.35625 0.7722222222222223 0.35 0.7722222222222223 0.346875 0.7666666666666667 0.34791666666666665 0.75 0.3375 0.700925925925926 0.3380208333333333 0.6898148148148148 0.3453125 0.6851851851851852
0 0.3927083333333333 0.2361111111111111 0.39895833333333336 0.23981481481481481 0.4005208333333333 0.24537037037037038 0.3921875 0.29444444444444445 0.39010416666666664 0.29814814814814816 0.38697916666666665 0.29814814814814816 0.38385416666666666 0.2935185185185185 0.38385416666666666 0.2851851851851852 0.3875 0.25833333333333336 0.3875 0.23703703703703705 0.3921875 0.2361111111111111
1 0.28020833333333334 0 0.31354166666666666 0 0.31354166666666666 0.008333333333333333 0.31145833333333334 0.012962962962962963 0.28072916666666664 0
1 0.2203125 0 0.2791666666666667 0 0.3067708333333333 0.012962962962962963 0.31302083333333336 0.021296296296296296 0.31302083333333336 0.05925925925925926 0.30520833333333336 0.06388888888888888 0.29270833333333335 0.05555555555555555 0.25364583333333335 0.041666666666666664 0.23125 0.019444444444444445 0.22135416666666666 0.016666666666666666 0.2203125 0.000925925925925926
2 0.4046875 0.8083333333333333 0.4109375 0.812962962962963 0.41354166666666664 0.8194444444444444 0.4125 0.8351851851851851 0.40729166666666666 0.8425925925925926 0.403125 0.8398148148148148 0.4 0.8324074074074074 0.4005208333333333 0.8101851851851852 0.4041666666666667 0.8083333333333333
2 0.3171875 0.5259259259259259 0.31979166666666664 0.5342592592592592 0.31927083333333334 0.5472222222222223 0.3171875 0.55 0.31354166666666666 0.549074074074074 0.31145833333333334 0.5407407407407407 0.3125 0.5296296296296297 0.31666666666666665 0.5259259259259259
2 0.32708333333333334 0.5027777777777778 0.3307291666666667 0.5120370370370371 0.3302083333333333 0.524074074074074 0.32760416666666664 0.5277777777777778 0.32395833333333335 0.5268518518518519 0.321875 0.5185185185185185 0.3229166666666667 0.5064814814814815 0.3265625 0.5027777777777778
2 0.46510416666666665 0.49722222222222223 0.46979166666666666 0.5055555555555555 0.47239583333333335 0.5222222222222223 0.46927083333333336 0.537962962962963 0.4635416666666667 0.5444444444444444 0.4588541666666667 0.5435185185185185 0.45364583333333336 0.5361111111111111 0.4510416666666667 0.5259259259259259 0.4510416666666667 0.5157407407407407 0.45625 0.49907407407407406 0.46458333333333335 0.49722222222222223
2 0.4828125 0.712037037037037 0.4869791666666667 0.7231481481481481 0.4864583333333333 0.7314814814814815 0.48333333333333334 0.7361111111111112 0.4796875 0.7351851851851852 0.4765625 0.7277777777777777 0.47708333333333336 0.7157407407407408 0.4822916666666667 0.712037037037037
2 0.34375 0.3175925925925926 0.3463541666666667 0.32314814814814813 0.3463541666666667 0.33425925925925926 0.34322916666666664 0.3416666666666667 0.340625 0.3416666666666667 0.3375 0.33240740740740743 0.3390625 0.32037037037037036 0.34322916666666664 0.3175925925925926
2 0.35 0.4685185185185185 0.005208333333333333 0.014814814814814815
2 0.32786458333333335 0.35509259259259257 0.015104166666666667 0.04537037037037037
2 0.4114583333333333 0.637962962962963 0.4171875 0.6444444444444445 0.42083333333333334 0.6592592592592592 0.4203125 0.6759259259259259 0.41458333333333336 0.6888888888888889 0.40729166666666666 0.6861111111111111 0.40208333333333335 0.6703703703703704 0.403125 0.6481481481481481 0.40729166666666666 0.6398148148148148 0.4109375 0.637962962962963
2 0.40208333333333335 0.39814814814814814 0.40572916666666664 0.4064814814814815 0.40625 0.42314814814814816 0.4036458333333333 0.43425925925925923 0.39947916666666666 0.43796296296296294 0.3932291666666667 0.43333333333333335 0.39166666666666666 0.41759259259259257 0.3953125 0.4 0.4015625 0.39814814814814814
2 0.3697916666666667 0.4064814814814815 0.37552083333333336 0.41759259259259257 0.3765625 0.43148148148148147 0.3734375 0.45 0.3692708333333333 0.4546296296296296 0.3625 0.45 0.359375 0.44166666666666665 0.3609375 0.4166666666666667 0.3640625 0.40925925925925927 0.3692708333333333 0.4064814814814815
2 0.4479166666666667 0.3574074074074074 0.4515625 0.35462962962962963 0.4578125 0.35555555555555557 0.46145833333333336 0.362962962962963 0.4630208333333333 0.37222222222222223 0.4625 0.3925925925925926 0.459375 0.40185185185185185 0.4552083333333333 0.4074074074074074 0.4473958333333333 0.4046296296296296 0.4427083333333333 0.39351851851851855 0.4421875 0.3787037037037037 0.4479166666666667 0.35833333333333334
2 0.3494791666666667 0.4148148148148148 0.35260416666666666 0.4185185185185185 0.35572916666666665 0.42962962962962964 0.35520833333333335 0.44907407407407407 0.3494791666666667 0.462037037037037 0.34479166666666666 0.4601851851851852 0.34010416666666665 0.44814814814814813 0.3421875 0.42314814814814816 0.3453125 0.4166666666666667 0.3489583333333333 0.4148148148148148
2 0.4625 0.7537037037037037 0.46770833333333334 0.7620370370370371 0.4713541666666667 0.7787037037037037 0.4713541666666667 0.7953703703703704 0.465625 0.8064814814814815 0.4578125 0.8046296296296296 0.45260416666666664 0.7935185185185185 0.45 0.7787037037037037 0.453125 0.7592592592592593 0.45729166666666665 0.7537037037037037 0.46197916666666666 0.7537037037037037
2 0.37604166666666666 0.6305555555555555 0.378125 0.6342592592592593 0.3765625 0.6453703703703704 0.37447916666666664 0.6453703703703704 0.3723958333333333 0.6398148148148148 0.3734375 0.6314814814814815 0.37552083333333336 0.6305555555555555
2 0.403125 0.5731481481481482 0.403125 0.587037037037037 0.3984375 0.5833333333333334 0.39895833333333336 0.5740740740740741 0.40260416666666665 0.5731481481481482
2 0.39895833333333336 0.8296296296296296 0.4036458333333333 0.8398148148148148 0.40520833333333334 0.8490740740740741 0.40520833333333334 0.8694444444444445 0.4005208333333333 0.8787037037037037 0.3932291666666667 0.8740740740740741 0.3890625 0.8638888888888889 0.3875 0.8537037037037037 0.38958333333333334 0.8351851851851851 0.3932291666666667 0.8296296296296296 0.3984375 0.8296296296296296