0 0.515625 0.30833333333333335 0.5203125 0.31666666666666665 0.5197916666666667 0.32407407407407407 0.5161458333333333 0.32592592592592595 0.42864583333333334 0.3277777777777778 0.4161458333333333 0.33425925925925926 0.4140625 0.33425925925925926 0.4114583333333333 0.3287037037037037 0.4114583333333333 0.31574074074074077 0.41458333333333336 0.3101851851851852 0.44635416666666666 0.3138888888888889 0.5151041666666667 0.30833333333333335
0 0.4739583333333333 0.23796296296296296 0.47708333333333336 0.24166666666666667 0.48072916666666665 0.25925925925925924 0.48072916666666665 0.262037037037037 0.4739583333333333 0.2657407407407407 0.465625 0.25092592592592594 0.465625 0.24444444444444444 0.46770833333333334 0.24074074074074073 0.4734375 0.23796296296296296
0 0.3807291666666667 0.2814814814814815 0.38333333333333336 0.2861111111111111 0.38229166666666664 0.29259259259259257 0.3671875 0.30648148148148147 0.36302083333333335 0.3 0.3625 0.2824074074074074 0.3723958333333333 0.28425925925925927 0.3802083333333333 0.2814814814814815
0 0.34322916666666664 0.33611111111111114 0.36614583333333334 0.35555555555555557 0.375 0.35555555555555557 0.3802083333333333 0.362962962962963 0.38177083333333334 0.3731481481481482 0.378125 0.3907407407407407 0.3697916666666667 0.39814814814814814 0.3651041666666667 0.39444444444444443 0.35520833333333335 0.37777777777777777 0.3375 0.3638888888888889 0.3333333333333333 0.35648148148148145 0.33229166666666665 0.3472222222222222 0.33489583333333334 0.33796296296296297 0.3375 0.3351851851851852 0.34270833333333334 0.33611111111111114
0 0.6177083333333333 0.20925925925925926 0.6229166666666667 0.22407407407407406 0.6234375 0.24074074074074073 0.6171875 0.2518518518518518 0.6119791666666666 0.2518518518518518 0.6057291666666667 0.24537037037037038 0.6010416666666667 0.2462962962962963 0.515625 0.2833333333333333 0.4942708333333333 0.2861111111111111 0.4869791666666667 0.2935185185185185 0.47760416666666666 0.2962962962962963 0.4734375 0.28888888888888886 0.471875 0.27314814814814814 0.47291666666666665 0.2675925925925926 0.5583333333333333 0.23703703703703705 0.5666666666666667 0.23703703703703705 0.5734375 0.25 0.5786458333333333 0.25 0.5802083333333333 0.24722222222222223 0.5791666666666667 0.23425925925925925 0.5807291666666666 0.23055555555555557 0.6041666666666666 0.2222222222222222 0.6083333333333333 0.2175925925925926 0.6109375 0.20925925925925926 0.6171875 0.20925925925925926
0 0.4947916666666667 0.28703703703703703 0.51875 0.2935185185185185 0.528125 0.3 0.5651041666666666 0.31296296296296294 0.5864583333333333 0.3194444444444444 0.5921875 0.3175925925925926 0.596875 0.325 0.5958333333333333 0.3388888888888889 0.5916666666666667 0.3416666666666667 0.58125 0.33240740740740743 0.5395833333333333 0.3194444444444444 0.5161458333333333 0.3074074074074074 0.4979166666666667 0.30462962962962964 0.49270833333333336 0.29814814814814816 0.4921875 0.2916666666666667 0.4942708333333333 0.287962962962963
0 0.503125 0.17962962962962964 0.5057291666666667 0.18796296296296297 0.5057291666666667 0.22037037037037038 0.509375 0.23425925925925925 0.5078125 0.24166666666666667 0.5020833333333333 0.2462962962962963 0.4942708333333333 0.24444444444444444 0.49114583333333334 0.23703703703703705 0.490625 0.22962962962962963 0.4953125 0.2175925925925926 0.49583333333333335 0.18425925925925926 0.4979166666666667 0.17962962962962964 0.5026041666666666 0.17962962962962964
0 0.5395833333333333 0.19166666666666668 0.5411458333333333 0.20462962962962963 0.5401041666666667 0.21296296296296297 0.5239583333333333 0.2101851851851852 0.5223958333333333 0.20833333333333334 0.521875 0.19907407407407407 0.5328125 0.19722222222222222 0.5390625 0.1925925925925926
0 0.5583333333333333 0.16666666666666666 0.5614583333333333 0.17037037037037037 0.5640625 0.18703703703703703 0.5802083333333333 0.23981481481481481 0.578125 0.25 0.5734375 0.2490740740740741 0.5671875 0.23703703703703705 0.5598958333333334 0.20185185185185187 0.5515625 0.18518518518518517 0.5515625 0.17222222222222222 0.5578125 0.16666666666666666
2 0.6307291666666667 0.25462962962962965 0.6390625 0.2611111111111111 0.6421875 0.27314814814814814 0.6395833333333333 0.2796296296296296 0.6302083333333334 0.2861111111111111 0.6208333333333333 0.2824074074074074 0.6161458333333333 0.2722222222222222 0.6192708333333333 0.2574074074074074 0.6302083333333334 0.25462962962962965
2 0.5734375 0.2722222222222222 0.5770833333333333 0.27870370370370373 0.5744791666666667 0.2861111111111111 0.56875 0.2861111111111111 0.5661458333333333 0.2824074074074074 0.5671875 0.2740740740740741 0.5729166666666666 0.2722222222222222
2 0.6833333333333333 0.23333333333333334 0.6885416666666667 0.23703703703703705 0.6927083333333334 0.24814814814814815 0.6921875 0.25833333333333336 0.684375 0.26481481481481484 0.6713541666666667 0.262037037037037 0.6677083333333333 0.25833333333333336 0.6645833333333333 0.24814814814814815 0.6682291666666667 0.23703703703703705 0.6828125 0.23333333333333334
2 0.49583333333333335 0.38333333333333336 0.4973958333333333 0.3907407407407407 0.4953125 0.39444444444444443 0.490625 0.39444444444444443 0.48854166666666665 0.3907407407407407 0.48854166666666665 0.3861111111111111 0.490625 0.38333333333333336 0.4953125 0.38333333333333336
2 0.46145833333333336 0.29074074074074074 0.4635416666666667 0.2962962962962963 0.4609375 0.30092592592592593 0.45677083333333335 0.30092592592592593 0.4546875 0.2972222222222222 0.45625 0.29074074074074074 0.4609375 0.29074074074074074
2 0.44765625 0.3925925925925926 0.018229166666666668 0.022222222222222223
2 0.675 0.3138888888888889 0.6817708333333333 0.32407407407407407 0.68125 0.3314814814814815 0.6760416666666667 0.3351851851851852 0.6682291666666667 0.33240740740740743 0.665625 0.32592592592592595 0.6677083333333333 0.31574074074074077 0.6744791666666666 0.3138888888888889
2 0.421875 0.36574074074074076 0.4328125 0.375 0.43385416666666665 0.38796296296296295 0.42916666666666664 0.39814814814814814 0.4192708333333333 0.40370370370370373 0.4114583333333333 0.4027777777777778 0.40572916666666664 0.3972222222222222 0.403125 0.3907407407407407 0.403125 0.38055555555555554 0.41041666666666665 0.36944444444444446 0.42135416666666664 0.36574074074074076
2 0.4390625 0.3 0.4427083333333333 0.29814814814814816 0.446875 0.3037037037037037 0.4453125 0.30925925925925923 0.44114583333333335 0.3101851851851852 0.43854166666666666 0.3074074074074074 0.4390625 0.30092592592592593
2 0.4114583333333333 0.2861111111111111 0.4125 0.2935185185185185 0.40989583333333335 0.2962962962962963 0.4046875 0.29444444444444445 0.4036458333333333 0.28888888888888886 0.40677083333333336 0.2851851851851852 0.4109375 0.2861111111111111
2 0.5901041666666667 0.175 0.5921875 0.18333333333333332 0.5890625 0.18796296296296297 0.5838541666666667 0.18703703703703703 0.5817708333333333 0.18055555555555555 0.5838541666666667 0.175 0.5895833333333333 0.175
2 0.659375 0.262037037037037 0.6703125 0.26851851851851855 0.6739583333333333 0.27685185185185185 0.6739583333333333 0.28888888888888886 0.6661458333333333 0.2962962962962963 0.6536458333333334 0.2935185185185185 0.6473958333333333 0.2851851851851852 0.6453125 0.2777777777777778 0.6447916666666667 0.27037037037037037 0.646875 0.27037037037037037 0.6489583333333333 0.26481481481481484 0.6588541666666666 0.262037037037037
2 0.634375 0.32037037037037036 0.6375 0.325 0.6375 0.33055555555555555 0.6348958333333333 0.33240740740740743 0.6302083333333334 0.3314814814814815 0.628125 0.325 0.6302083333333334 0.32037037037037036 0.6338541666666667 0.32037037037037036
2 0.6473958333333333 0.262037037037037 0.6510416666666666 0.26481481481481484 0.6473958333333333 0.27314814814814814 0.6442708333333333 0.275 0.6421875 0.27314814814814814 0.6411458333333333 0.26481481481481484 0.646875 0.262037037037037
2 0.6421875 0.3333333333333333 0.6515625 0.34444444444444444 0.653125 0.3574074074074074 0.6505208333333333 0.3638888888888889 0.6416666666666667 0.36944444444444446 0.6328125 0.36574074074074076 0.6317708333333333 0.3509259259259259 0.634375 0.3509259259259259 0.6369791666666667 0.3574074074074074 0.6411458333333333 0.35833333333333334 0.6447916666666667 0.3537037037037037 0.6453125 0.3490740740740741 0.6385416666666667 0.3416666666666667 0.6338541666666667 0.3425925925925926 0.6302083333333334 0.34814814814814815 0.6270833333333333 0.3416666666666667 0.6270833333333333 0.33796296296296297 0.6307291666666667 0.3333333333333333 0.6416666666666667 0.3333333333333333
2 0.621875 0.3398148148148148 0.6270833333333333 0.3416666666666667 0.634375 0.3611111111111111 0.634375 0.3648148148148148 0.6302083333333334 0.37222222222222223 0.6229166666666667 0.37777777777777777 0.6125 0.3768518518518518 0.60625 0.36944444444444446 0.6041666666666666 0.362962962962963 0.6041666666666666 0.3537037037037037 0.6088541666666667 0.3435185185185185 0.6213541666666667 0.3398148148148148
2 0.4427083333333333 0.33611111111111114 0.4510416666666667 0.3416666666666667 0.45416666666666666 0.35 0.453125 0.362962962962963 0.4427083333333333 0.37407407407407406 0.43385416666666665 0.3731481481481482 0.4265625 0.36666666666666664 0.425 0.36203703703703705 0.425 0.34814814814814815 0.428125 0.3416666666666667 0.43385416666666665 0.337037037037037 0.4421875 0.33611111111111114
2 0.5192708333333333 0.38981481481481484 0.525 0.3962962962962963 0.521875 0.40925925925925927 0.5166666666666667 0.4111111111111111 0.509375 0.40555555555555556 0.5083333333333333 0.3962962962962963 0.5104166666666666 0.3925925925925926 0.51875 0.38981481481481484
2 0.5244791666666667 0.39444444444444443 0.5302083333333333 0.3990740740740741 0.53125 0.4046296296296296 0.5296875 0.41203703703703703 0.525 0.41759259259259257 0.515625 0.412962962962963 0.525 0.40185185185185185 0.5244791666666667 0.39537037037037037
2 0.6078125 0.3055555555555556 0.6083333333333333 0.3055555555555556 0.6125 0.3037037037037037 0.6098958333333333 0.29814814814814816 0.6052083333333333 0.3 0.6078125 0.3055555555555556
2 0.615625 0.28888888888888886 0.6197916666666666 0.29814814814814816 0.6197916666666666 0.30277777777777776 0.6135416666666667 0.3138888888888889 0.6041666666666666 0.31296296296296294 0.5984375 0.3055555555555556 0.5973958333333333 0.2953703703703704 0.5994791666666667 0.2898148148148148 0.6046875 0.2861111111111111 0.6135416666666667 0.2861111111111111 0.6151041666666667 0.28888888888888886
2 0.6072916666666667 0.28055555555555556 0.6119791666666666 0.2814814814814815 0.621875 0.29074074074074074 0.6239583333333333 0.30185185185185187 0.621875 0.3074074074074074 0.6171875 0.3101851851851852 0.6197916666666666 0.30092592592592593 0.6119791666666666 0.2861111111111111 0.603125 0.28703703703703703 0.5994791666666667 0.29074074074074074 0.5979166666666667 0.29814814814814816 0.5989583333333334 0.3055555555555556 0.5953125 0.30462962962962964 0.5947916666666667 0.29074074074074074 0.603125 0.28055555555555556 0.6067708333333334 0.28055555555555556
1 0.17239583333333333 0 0.20416666666666666 0 0.2109375 0.04351851851851852 0.2140625 0.05277777777777778 0.21458333333333332 0.07037037037037037 0.21927083333333333 0.08796296296296297 0.221875 0.10925925925925926 0.22135416666666666 0.11388888888888889 0.2171875 0.11574074074074074 0.19427083333333334 0.11574074074074074 0.19166666666666668 0.11296296296296296 0.184375 0.062037037037037036 0.17239583333333333 0.000925925925925926
1 0.9640625 0.4351851851851852 0.9739583333333334 0.43796296296296294 0.9838541666666667 0.45 0.9890625 0.46111111111111114 0.9916666666666667 0.47129629629629627 0.9848958333333333 0.47962962962962963 0.9822916666666667 0.487962962962963 0.9953125 0.5120370370370371 0.9958333333333333 0.5305555555555556 0.9796875 0.5592592592592592 0.9723958333333333 0.5768518518518518 0.9635416666666666 0.6083333333333333 0.9572916666666667 0.6175925925925926 0.9458333333333333 0.6175925925925926 0.921875 0.5990740740740741 0.9114583333333334 0.5712962962962963 0.9052083333333333 0.5444444444444444 0.9166666666666666 0.5222222222222223 0.9208333333333333 0.5037037037037037 0.9317708333333333 0.4722222222222222 0.9416666666666667 0.4648148148148148 0.9598958333333333 0.4685185185185185 0.9666666666666667 0.45925925925925926 0.9677083333333333 0.4527777777777778 0.9630208333333333 0.44351851851851853 0.9645833333333333 0.4361111111111111
1 0.9994791666666667 0.5277777777777778 0.9994791666666667 0.5935185185185186 0.9921875 0.5990740740740741 0.9770833333333333 0.5990740740740741 0.9697916666666667 0.5953703703703703 0.9692708333333333 0.5916666666666667 0.9734375 0.5768518518518518 0.9864583333333333 0.5462962962962963 0.9989583333333333 0.5277777777777778
1 0.9666666666666667 0.37962962962962965 0.9916666666666667 0.3861111111111111 0.9942708333333333 0.3888888888888889 0.9942708333333333 0.3925925925925926 0.9880208333333333 0.4009259259259259 0.9770833333333333 0.4027777777777778 0.9713541666666666 0.4083333333333333 0.96875 0.4222222222222222 0.9739583333333334 0.42592592592592593 0.9739583333333334 0.43333333333333335 0.9692708333333333 0.4351851851851852 0.965625 0.4324074074074074 0.9598958333333333 0.4361111111111111 0.9609375 0.4444444444444444 0.9651041666666667 0.45185185185185184 0.9630208333333333 0.462037037037037 0.9598958333333333 0.4648148148148148 0.940625 0.46296296296296297 0.9328125 0.46944444444444444 0.9203125 0.4962962962962963 0.9166666666666666 0.5185185185185185 0.9130208333333333 0.5231481481481481 0.9072916666666667 0.5185185185185185 0.9015625 0.5046296296296297 0.9036458333333334 0.47962962962962963 0.9072916666666667 0.4666666666666667 0.9197916666666667 0.44074074074074077 0.9354166666666667 0.42962962962962964 0.9416666666666667 0.41759259259259257 0.9484375 0.412962962962963 0.9578125 0.38333333333333336 0.9661458333333334 0.37962962962962965
1 0.209375 0 0.23541666666666666 0 0.2421875 0.03518518518518519 0.24583333333333332 0.07407407407407407 0.24947916666666667 0.08611111111111111 0.2520833333333333 0.10555555555555556 0.2520833333333333 0.11296296296296296 0.2484375 0.11481481481481481 0.2234375 0.11296296296296296 0.221875 0.09444444444444444 0.21614583333333334 0.07314814814814814 0.21458333333333332 0.05 0.21197916666666666 0.04351851851851852 0.209375 0.025 0.209375 0.000925925925925926