0 0.603125 0.687962962962963 0.6041666666666666 0.6972222222222222 0.6010416666666667 0.7018518518518518 0.5864583333333333 0.7037037037037037 0.5817708333333333 0.7018518518518518 0.5802083333333333 0.6981481481481482 0.5802083333333333 0.6888888888888889 0.5848958333333333 0.6814814814814815 0.5833333333333334 0.6083333333333333 0.5869791666666667 0.600925925925926 0.5916666666666667 0.600925925925926 0.596875 0.6185185185185185 0.5984375 0.6833333333333333 0.6026041666666667 0.687962962962963
0 0.39739583333333334 0.6342592592592593 0.40208333333333335 0.6388888888888888 0.4083333333333333 0.6518518518518519 0.47708333333333336 0.8138888888888889 0.4869791666666667 0.8231481481481482 0.4901041666666667 0.8305555555555556 0.49322916666666666 0.8407407407407408 0.49322916666666666 0.8481481481481481 0.4869791666666667 0.8638888888888889 0.48020833333333335 0.8694444444444445 0.47291666666666665 0.8675925925925926 0.465625 0.8490740740740741 0.4588541666666667 0.8231481481481482 0.45208333333333334 0.8111111111111111 0.4427083333333333 0.774074074074074 0.41510416666666666 0.7287037037037037 0.4125 0.7185185185185186 0.4015625 0.6981481481481482 0.3875 0.6638888888888889 0.3854166666666667 0.6546296296296297 0.38697916666666665 0.6435185185185185 0.39166666666666666 0.6361111111111111 0.396875 0.6342592592592593
0 0.5046875 0.3277777777777778 0.5072916666666667 0.3314814814814815 0.5072916666666667 0.3416666666666667 0.4661458333333333 0.4009259259259259 0.44583333333333336 0.4398148148148148 0.4421875 0.4398148148148148 0.43802083333333336 0.43425925925925923 0.4354166666666667 0.42407407407407405 0.4359375 0.41759259259259257 0.4401041666666667 0.4111111111111111 0.44895833333333335 0.40925925925925927 0.46875 0.37962962962962965 0.4817708333333333 0.3537037037037037 0.49947916666666664 0.33055555555555555 0.5041666666666667 0.3277777777777778
0 0.584375 0.549074074074074 0.5890625 0.5546296296296296 0.5901041666666667 0.562037037037037 0.5817708333333333 0.5962962962962963 0.5817708333333333 0.6138888888888889 0.5765625 0.6231481481481481 0.565625 0.6194444444444445 0.5609375 0.6092592592592593 0.5609375 0.600925925925926 0.5666666666666667 0.5888888888888889 0.5744791666666667 0.5592592592592592 0.5791666666666667 0.5509259259259259 0.5838541666666667 0.549074074074074
0 0.490625 0.6148148148148148 0.4953125 0.6296296296296297 0.5010416666666667 0.6388888888888888 0.5010416666666667 0.6462962962962963 0.4953125 0.6537037037037037 0.4890625 0.6509259259259259 0.48385416666666664 0.6212962962962963 0.4864583333333333 0.6148148148148148 0.4901041666666667 0.6148148148148148
0 0.4421875 0.7907407407407407 0.4473958333333333 0.8009259259259259 0.45364583333333336 0.8222222222222222 0.46197916666666666 0.8361111111111111 0.4630208333333333 0.85 0.46145833333333336 0.8537037037037037 0.45364583333333336 0.8629629629629629 0.4479166666666667 0.8629629629629629 0.44635416666666666 0.8601851851851852 0.4401041666666667 0.8287037037037037 0.4322916666666667 0.8064814814814815 0.4348958333333333 0.7916666666666666 0.44166666666666665 0.7916666666666666
0 0.5026041666666666 0.1574074074074074 0.5057291666666667 0.17685185185185184 0.5109375 0.19444444444444445 0.546875 0.2935185185185185 0.546875 0.30462962962962964 0.5421875 0.30833333333333335 0.5369791666666667 0.3 0.5015625 0.19074074074074074 0.4901041666666667 0.17407407407407408 0.4921875 0.16111111111111112 0.496875 0.15648148148148147 0.5020833333333333 0.1574074074074074
0 0.5583333333333333 0.425 0.5625 0.42962962962962964 0.5630208333333333 0.44166666666666665 0.5489583333333333 0.45185185185185184 0.5442708333333334 0.44907407407407407 0.5442708333333334 0.44166666666666665 0.5578125 0.425
0 0.5359375 0.32222222222222224 0.5401041666666667 0.325 0.5416666666666666 0.33055555555555555 0.5401041666666667 0.3425925925925926 0.5375 0.3453703703703704 0.5291666666666667 0.3453703703703704 0.5197916666666667 0.34074074074074073 0.5192708333333333 0.33611111111111114 0.521875 0.33055555555555555 0.5354166666666667 0.32314814814814813
0 0.596875 0.3296296296296296 0.5994791666666667 0.33055555555555555 0.6026041666666667 0.33796296296296297 0.6015625 0.3527777777777778 0.6083333333333333 0.3907407407407407 0.6083333333333333 0.3990740740740741 0.6010416666666667 0.4046296296296296 0.5953125 0.3990740740740741 0.590625 0.3731481481481482 0.5833333333333334 0.3472222222222222 0.5833333333333334 0.3416666666666667 0.5864583333333333 0.3351851851851852 0.590625 0.33055555555555555 0.5963541666666666 0.3296296296296296
0 0.5796875 0.7490740740740741 0.5994791666666667 0.7583333333333333 0.6 0.7694444444444445 0.5947916666666667 0.7759259259259259 0.5770833333333333 0.7638888888888888 0.5744791666666667 0.7592592592592593 0.5744791666666667 0.7509259259259259 0.5791666666666667 0.7490740740740741
0 0.434375 0.7620370370370371 0.4427083333333333 0.775 0.44583333333333336 0.787962962962963 0.440625 0.7944444444444444 0.4359375 0.7898148148148149 0.43020833333333336 0.8055555555555556 0.41302083333333334 0.8333333333333334 0.409375 0.8351851851851851 0.40208333333333335 0.8212962962962963 0.415625 0.799074074074074 0.4244791666666667 0.7916666666666666 0.43385416666666665 0.7768518518518519 0.434375 0.762962962962963
0 0.3859375 0.7 0.3932291666666667 0.6981481481481482 0.39739583333333334 0.700925925925926 0.4234375 0.7509259259259259 0.43020833333333336 0.7546296296296297 0.4354166666666667 0.7666666666666667 0.43333333333333335 0.7787037037037037 0.43020833333333336 0.7851851851851852 0.4192708333333333 0.7944444444444444 0.41510416666666666 0.7870370370370371 0.4161458333333333 0.7796296296296297 0.3854166666666667 0.7194444444444444 0.3859375 0.700925925925926
2 0.5067708333333333 0.8055555555555556 0.5109375 0.8074074074074075 0.5151041666666667 0.8185185185185185 0.5151041666666667 0.8324074074074074 0.5104166666666666 0.8462962962962963 0.5057291666666667 0.850925925925926 0.5026041666666666 0.85 0.4984375 0.8388888888888889 0.5 0.8185185185185185 0.5026041666666666 0.8101851851851852 0.50625 0.8064814814814815
2 0.5223958333333333 0.8546296296296296 0.5265625 0.862037037037037 0.5276041666666667 0.8759259259259259 0.5239583333333333 0.8935185185185185 0.5197916666666667 0.899074074074074 0.515625 0.899074074074074 0.5119791666666667 0.8944444444444445 0.5098958333333333 0.8861111111111111 0.5098958333333333 0.8731481481481481 0.515625 0.8546296296296296 0.521875 0.8546296296296296
2 0.5026041666666666 0.6611111111111111 0.5052083333333334 0.6657407407407407 0.5052083333333334 0.675 0.5026041666666666 0.6824074074074075 0.4984375 0.6824074074074075 0.496875 0.6787037037037037 0.4979166666666667 0.6638888888888889 0.5020833333333333 0.6611111111111111
2 0.5869791666666667 0.2657407407407407 0.5921875 0.2814814814814815 0.5921875 0.29814814814814816 0.5880208333333333 0.3101851851851852 0.5838541666666667 0.3101851851851852 0.5807291666666666 0.3055555555555556 0.578125 0.2898148148148148 0.5796875 0.26944444444444443 0.5833333333333334 0.26481481481481484 0.5864583333333333 0.2657407407407407
2 0.3776041666666667 0.7907407407407407 0.38125 0.799074074074074 0.38125 0.812037037037037 0.3776041666666667 0.8222222222222222 0.3723958333333333 0.825925925925926 0.36770833333333336 0.825 0.365625 0.8185185185185185 0.36614583333333334 0.8064814814814815 0.3703125 0.7935185185185185 0.37395833333333334 0.7898148148148149 0.3770833333333333 0.7907407407407407
2 0.48125 0.31851851851851853 0.484375 0.33425925925925926 0.4828125 0.3425925925925926 0.4791666666666667 0.3472222222222222 0.4744791666666667 0.3435185185185185 0.47239583333333335 0.325 0.47604166666666664 0.31666666666666665 0.48072916666666665 0.31851851851851853
2 0.43020833333333336 0.5509259259259259 0.43385416666666665 0.5583333333333333 0.4322916666666667 0.5675925925925925 0.42864583333333334 0.5694444444444444 0.4265625 0.5648148148148148 0.4270833333333333 0.5546296296296296 0.4296875 0.5518518518518518
2 0.4234375 0.5212962962962963 0.42864583333333334 0.5361111111111111 0.42864583333333334 0.5527777777777778 0.42604166666666665 0.5611111111111111 0.4171875 0.5675925925925925 0.41458333333333336 0.5666666666666667 0.40989583333333335 0.5564814814814815 0.4088541666666667 0.5370370370370371 0.41458333333333336 0.5212962962962963 0.42291666666666666 0.5212962962962963
2 0.4973958333333333 0.262037037037037 0.503125 0.27314814814814814 0.5057291666666667 0.2851851851851852 0.5041666666666667 0.3055555555555556 0.4973958333333333 0.3138888888888889 0.49114583333333334 0.31203703703703706 0.48541666666666666 0.29259259259259257 0.4869791666666667 0.26851851851851855 0.49114583333333334 0.262037037037037 0.496875 0.262037037037037
2 0.5182291666666666 0.3148148148148148 0.5182291666666666 0.3 0.5208333333333334 0.3 0.5229166666666667 0.30462962962962964 0.5229166666666667 0.31296296296296294 0.51875 0.3148148148148148
2 0.5286458333333334 0.7935185185185185 0.5322916666666667 0.8 0.5338541666666666 0.8185185185185185 0.53125 0.8314814814814815 0.5244791666666667 0.8435185185185186 0.5208333333333334 0.8435185185185186 0.5166666666666667 0.837037037037037 0.5151041666666667 0.812037037037037 0.521875 0.7935185185185185 0.528125 0.7935185185185185
2 0.35989583333333336 0.8361111111111111 0.359375 0.8240740740740741 0.3645833333333333 0.8166666666666667 0.36614583333333334 0.8166666666666667 0.36822916666666666 0.8240740740740741 0.36770833333333336 0.8305555555555556 0.3645833333333333 0.837037037037037 0.36041666666666666 0.8361111111111111
2 0.5432291666666667 0.23055555555555557 0.5473958333333333 0.24351851851851852 0.5479166666666667 0.2611111111111111 0.5458333333333333 0.27037037037037037 0.5416666666666666 0.2759259259259259 0.5317708333333333 0.2518518518518518 0.5302083333333333 0.24074074074074073 0.5317708333333333 0.23333333333333334 0.5354166666666667 0.22777777777777777 0.5395833333333333 0.22685185185185186 0.5427083333333333 0.23055555555555557
2 0.5338541666666666 0.912962962962963 0.5359375 0.9166666666666666 0.5359375 0.9259259259259259 0.5317708333333333 0.9342592592592592 0.528125 0.9333333333333333 0.5270833333333333 0.9231481481481482 0.5296875 0.9138888888888889 0.5333333333333333 0.912962962962963
2 0.5557291666666667 0.5106481481481482 0.00625 0.01574074074074074
2 0.6 0.4564814814814815 0.6041666666666666 0.45555555555555555 0.6057291666666667 0.4601851851851852 0.6052083333333333 0.4703703703703704 0.6015625 0.47314814814814815 0.5989583333333334 0.4675925925925926 0.6 0.45740740740740743
2 0.5348958333333333 0.5722222222222222 0.540625 0.5824074074074074 0.5416666666666666 0.6018518518518519 0.5380208333333333 0.6157407407407407 0.534375 0.6203703703703703 0.5286458333333334 0.6185185185185185 0.525 0.6083333333333333 0.5255208333333333 0.5842592592592593 0.5286458333333334 0.575925925925926 0.534375 0.5722222222222222
2 0.596875 0.5 0.6 0.5064814814814815 0.6 0.5175925925925926 0.5963541666666666 0.525 0.5942708333333333 0.525 0.5916666666666667 0.5175925925925926 0.5921875 0.5055555555555555 0.5963541666666666 0.5
2 0.603125 0.5722222222222222 0.6067708333333334 0.5824074074074074 0.6072916666666667 0.5972222222222222 0.6052083333333333 0.6083333333333333 0.5984375 0.6157407407407407 0.5958333333333333 0.6138888888888889 0.5927083333333333 0.6018518518518519 0.5932291666666667 0.587037037037037 0.5947916666666667 0.5768518518518518 0.5973958333333333 0.5722222222222222 0.6026041666666667 0.5722222222222222
2 0.534375 0.8453703703703703 0.5369791666666667 0.850925925925926 0.5375 0.8592592592592593 0.5359375 0.8685185185185185 0.5317708333333333 0.8740740740740741 0.528125 0.8722222222222222 0.5265625 0.8601851851851852 0.528125 0.850925925925926 0.5338541666666666 0.8453703703703703
2 0.5359375 0.7416666666666667 0.5380208333333333 0.7453703703703703 0.5375 0.7555555555555555 0.5328125 0.7564814814814815 0.5328125 0.7462962962962963 0.5354166666666667 0.7425925925925926
2 0.5463541666666667 0.35555555555555557 0.5520833333333334 0.3675925925925926 0.5536458333333333 0.3888888888888889 0.5515625 0.3990740740740741 0.5447916666666667 0.4046296296296296 0.5375 0.39444444444444443 0.5354166666666667 0.37407407407407406 0.5390625 0.35833333333333334 0.5416666666666666 0.35462962962962963 0.5458333333333333 0.35555555555555557
1 0.7072916666666667 0 0.7041666666666667 0.005555555555555556 0.6932291666666667 0.008333333333333333 0.6765625 0.02962962962962963 0.6364583333333333 0.04259259259259259 0.621875 0.05092592592592592 0.6182291666666667 0.04814814814814815 0.6171875 0.03518518518518519 0.6171875 0.007407407407407408 0.6197916666666666 0 0.7067708333333333 0