0 0.5010416666666667 0.687962962962963 0.5052083333333334 0.6944444444444444 0.5067708333333333 0.7074074074074074 0.4979166666666667 0.7342592592592593 0.4901041666666667 0.7694444444444445 0.4427083333333333 0.9481481481481482 0.4401041666666667 0.9601851851851851 0.4432291666666667 0.9722222222222222 0.4427083333333333 0.9787037037037037 0.43802083333333336 0.9888888888888889 0.4270833333333333 0.9851851851851852 0.42135416666666664 0.9787037037037037 0.41458333333333336 0.9694444444444444 0.41354166666666664 0.9601851851851851 0.4166666666666667 0.950925925925926 0.42604166666666665 0.9435185185185185 0.4354166666666667 0.9120370370370371 0.44375 0.8740740740740741 0.4635416666666667 0.812037037037037 0.4640625 0.8 0.4713541666666667 0.762962962962963 0.48802083333333335 0.6990740740740741 0.49375 0.6898148148148148 0.5005208333333333 0.687962962962963
0 0.40260416666666665 0.887962962962963 0.03958333333333333 0.07592592592592592
0 0.5036458333333333 0.42824074074074076 0.022916666666666665 0.028703703703703703
0 0.5192708333333333 0.7185185185185186 0.5239583333333333 0.725925925925926 0.5385416666666667 0.7675925925925926 0.5385416666666667 0.7814814814814814 0.5317708333333333 0.7898148148148149 0.51875 0.7703703703703704 0.5057291666666667 0.7444444444444445 0.5078125 0.7296296296296296 0.5140625 0.7185185185185186 0.51875 0.7185185185185186
0 0.4786458333333333 0.662962962962963 0.48385416666666664 0.6694444444444444 0.484375 0.6777777777777778 0.465625 0.7388888888888889 0.46458333333333335 0.7574074074074074 0.46041666666666664 0.7638888888888888 0.4484375 0.7592592592592593 0.44375 0.7509259259259259 0.4427083333333333 0.7425925925925926 0.45364583333333336 0.7212962962962963 0.4713541666666667 0.6675925925925926 0.4734375 0.6638888888888889 0.478125 0.662962962962963
0 0.3692708333333333 0.5574074074074075 0.39114583333333336 0.6064814814814815 0.39895833333333336 0.6259259259259259 0.4041666666666667 0.6462962962962963 0.42552083333333335 0.6972222222222222 0.4348958333333333 0.7083333333333334 0.4348958333333333 0.7212962962962963 0.4265625 0.7305555555555555 0.42239583333333336 0.7268518518518519 0.4161458333333333 0.7 0.39739583333333334 0.6564814814814814 0.3885416666666667 0.6407407407407407 0.3640625 0.5796296296296296 0.3619791666666667 0.5648148148148148 0.365625 0.5583333333333333 0.36875 0.5574074074074075
0 0.49270833333333336 0.22592592592592592 0.4953125 0.21944444444444444 0.5010416666666667 0.21481481481481482 0.5083333333333333 0.21388888888888888 0.5104166666666666 0.21851851851851853 0.5078125 0.23703703703703705 0.5322916666666667 0.3851851851851852 0.5322916666666667 0.3925925925925926 0.5286458333333334 0.39814814814814814 0.5255208333333333 0.39814814814814814 0.5151041666666667 0.3425925925925926 0.5015625 0.2490740740740741 0.4984375 0.2351851851851852 0.49322916666666666 0.22685185185185186
0 0.49635416666666665 0.34629629629629627 0.4973958333333333 0.35555555555555557 0.490625 0.3768518518518518 0.4869791666666667 0.38055555555555554 0.48125 0.375 0.4791666666666667 0.3675925925925926 0.4796875 0.36203703703703705 0.49166666666666664 0.3453703703703704 0.49583333333333335 0.34629629629629627
0 0.51875 0.7703703703703704 0.5302083333333333 0.7907407407407407 0.5302083333333333 0.8 0.528125 0.8027777777777778 0.5229166666666667 0.8 0.5130208333333334 0.7833333333333333 0.5140625 0.7722222222222223 0.5182291666666666 0.7703703703703704
0 0.509375 0.7768518518518519 0.5239583333333333 0.8027777777777778 0.53125 0.8101851851851852 0.5369791666666667 0.8231481481481482 0.5359375 0.837037037037037 0.5328125 0.8444444444444444 0.5270833333333333 0.85 0.5229166666666667 0.8490740740740741 0.5197916666666667 0.8435185185185186 0.4984375 0.7953703703703704 0.5005208333333333 0.7824074074074074 0.5046875 0.7768518518518519 0.5088541666666667 0.7768518518518519
0 0.4479166666666667 0.7685185185185185 0.4552083333333333 0.7833333333333333 0.4552083333333333 0.8027777777777778 0.4505208333333333 0.8092592592592592 0.4453125 0.8111111111111111 0.4427083333333333 0.8111111111111111 0.4395833333333333 0.8046296296296296 0.4197916666666667 0.812962962962963 0.415625 0.812037037037037 0.41354166666666664 0.8055555555555556 0.41510416666666666 0.7916666666666666 0.4354166666666667 0.7824074074074074 0.4427083333333333 0.7712962962962963 0.4473958333333333 0.7694444444444445
0 0.5479166666666667 0.8101851851851852 0.5526041666666667 0.8138888888888889 0.5526041666666667 0.8194444444444444 0.5484375 0.8296296296296296 0.5479166666666667 0.8111111111111111
0 0.5395833333333333 0.7768518518518519 0.5463541666666667 0.7777777777777778 0.546875 0.8666666666666667 0.5473958333333333 0.8731481481481481 0.553125 0.8777777777777778 0.553125 0.8925925925925926 0.5510416666666667 0.8962962962962963 0.5296875 0.8953703703703704 0.5265625 0.8907407407407407 0.5270833333333333 0.875 0.5307291666666667 0.8712962962962963 0.5322916666666667 0.8518518518518519 0.5380208333333333 0.8333333333333334 0.5364583333333334 0.8185185185185185 0.5317708333333333 0.8101851851851852 0.53125 0.7888888888888889 0.5380208333333333 0.7842592592592592 0.5395833333333333 0.7777777777777778
2 0.5494791666666666 0.7564814814814815 0.553125 0.7648148148148148 0.5541666666666667 0.7814814814814814 0.5515625 0.7962962962962963 0.5484375 0.8027777777777778 0.5463541666666667 0.7953703703703704 0.5463541666666667 0.7814814814814814 0.5447916666666667 0.7777777777777778 0.5395833333333333 0.7768518518518519 0.5390625 0.7657407407407407 0.5432291666666667 0.7574074074074074 0.5489583333333333 0.7564814814814815
2 0.4791666666666667 0.42685185185185187 0.4817708333333333 0.42592592592592593 0.484375 0.43148148148148147 0.48385416666666664 0.4398148148148148 0.4796875 0.44166666666666665 0.478125 0.4361111111111111 0.4791666666666667 0.42777777777777776
2 0.5078125 0.6824074074074075 0.5140625 0.6935185185185185 0.5145833333333333 0.712037037037037 0.5067708333333333 0.7314814814814815 0.5015625 0.7268518518518519 0.5072916666666667 0.700925925925926 0.5010416666666667 0.6861111111111111 0.5020833333333333 0.6833333333333333 0.5072916666666667 0.6824074074074075
2 0.465625 0.42407407407407405 0.4671875 0.4361111111111111 0.4635416666666667 0.44166666666666665 0.46041666666666664 0.42962962962962964 0.46197916666666666 0.42407407407407405 0.46510416666666665 0.42407407407407405
2 0.48541666666666666 0.5185185185185185 0.4890625 0.525 0.4890625 0.5342592592592592 0.4859375 0.5407407407407407 0.4828125 0.5407407407407407 0.48020833333333335 0.5342592592592592 0.48125 0.5222222222222223 0.48489583333333336 0.5185185185185185
2 0.45260416666666664 0.4722222222222222 0.4578125 0.4787037037037037 0.45989583333333334 0.4861111111111111 0.4609375 0.5046296296296297 0.4578125 0.5194444444444445 0.4510416666666667 0.5277777777777778 0.4421875 0.5231481481481481 0.43854166666666666 0.5064814814814815 0.43854166666666666 0.49444444444444446 0.4432291666666667 0.4759259259259259 0.44895833333333335 0.47129629629629627 0.45208333333333334 0.4722222222222222
2 0.44479166666666664 0.2722222222222222 0.45 0.2777777777777778 0.45208333333333334 0.28703703703703703 0.4505208333333333 0.30185185185185187 0.44635416666666666 0.3055555555555556 0.4421875 0.3037037037037037 0.4390625 0.29074074074074074 0.4395833333333333 0.27870370370370373 0.44427083333333334 0.2722222222222222
2 0.5453125 0.40925925925925927 0.5479166666666667 0.4064814814814815 0.553125 0.4074074074074074 0.5588541666666667 0.42685185185185187 0.55625 0.44907407407407407 0.5515625 0.4546296296296296 0.5479166666666667 0.4537037037037037 0.5447916666666667 0.44814814814814813 0.5427083333333333 0.43703703703703706 0.5427083333333333 0.4212962962962963 0.5453125 0.4101851851851852
2 0.5260416666666666 0.43796296296296294 0.5296875 0.44814814814814813 0.5286458333333334 0.4601851851851852 0.5260416666666666 0.4648148148148148 0.521875 0.4638888888888889 0.5192708333333333 0.4564814814814815 0.5203125 0.44074074074074077 0.5255208333333333 0.43796296296296294
2 0.596875 0.29814814814814816 0.6010416666666667 0.3055555555555556 0.6026041666666667 0.31574074074074077 0.6020833333333333 0.33240740740740743 0.596875 0.3425925925925926 0.5921875 0.3398148148148148 0.5890625 0.32592592592592595 0.5901041666666667 0.3055555555555556 0.5927083333333333 0.29907407407407405 0.5963541666666666 0.29814814814814816
2 0.5518229166666667 0.6611111111111111 0.0078125 0.020370370370370372
2 0.525 0.5787037037037037 0.5265625 0.5907407407407408 0.5244791666666667 0.5944444444444444 0.5208333333333334 0.5907407407407408 0.5213541666666667 0.5814814814814815 0.5244791666666667 0.5787037037037037
2 0.5338541666666666 0.65 0.5385416666666667 0.6620370370370371 0.5385416666666667 0.6787037037037037 0.5359375 0.6907407407407408 0.5296875 0.6990740740740741 0.525 0.6972222222222222 0.5223958333333333 0.6907407407407408 0.5208333333333334 0.6712962962962963 0.5265625 0.6518518518518519 0.5291666666666667 0.649074074074074 0.5333333333333333 0.65
2 0.5208333333333334 0.2777777777777778 0.5265625 0.2814814814814815 0.5317708333333333 0.3 0.5302083333333333 0.32037037037037036 0.5244791666666667 0.33055555555555555 0.5203125 0.3138888888888889 0.5203125 0.3055555555555556 0.5239583333333333 0.31296296296296294 0.5260416666666666 0.3074074074074074 0.5255208333333333 0.3 0.521875 0.29444444444444445 0.51875 0.2972222222222222 0.5161458333333333 0.28888888888888886 0.5161458333333333 0.2814814814814815 0.5203125 0.2777777777777778
2 0.5239583333333333 0.4722222222222222 0.5286458333333334 0.48055555555555557 0.5302083333333333 0.49722222222222223 0.528125 0.5074074074074074 0.5229166666666667 0.5138888888888888 0.5177083333333333 0.5092592592592593 0.5151041666666667 0.49166666666666664 0.5177083333333333 0.47685185185185186 0.5234375 0.4722222222222222
2 0.54375 0.537962962962963 0.5463541666666667 0.537962962962963 0.5479166666666667 0.5435185185185185 0.5473958333333333 0.5509259259259259 0.54375 0.5518518518518518 0.54375 0.5388888888888889
2 0.5317708333333333 0.7166666666666667 0.5348958333333333 0.7240740740740741 0.5348958333333333 0.7342592592592593 0.5302083333333333 0.7444444444444445 0.525 0.725925925925926 0.5276041666666667 0.7185185185185186 0.53125 0.7166666666666667
2 0.44166666666666665 0.5203703703703704 0.4421875 0.5296296296296297 0.43854166666666666 0.5361111111111111 0.4359375 0.5342592592592592 0.4354166666666667 0.524074074074074 0.43697916666666664 0.5194444444444445 0.44114583333333335 0.5203703703703704
2 0.540625 0.3416666666666667 0.5458333333333333 0.3490740740740741 0.5484375 0.3638888888888889 0.5473958333333333 0.38055555555555554 0.5411458333333333 0.3907407407407407 0.5364583333333334 0.3907407407407407 0.5333333333333333 0.387037037037037 0.5296875 0.362962962962963 0.5333333333333333 0.3453703703703704 0.5401041666666667 0.3416666666666667
2 0.5 0.7287037037037037 0.5041666666666667 0.7388888888888889 0.5020833333333333 0.7620370370370371 0.4973958333333333 0.7703703703703704 0.4895833333333333 0.7703703703703704 0.5 0.7296296296296296
2 0.50625 0.8157407407407408 0.515625 0.8324074074074074 0.5088541666666667 0.8333333333333334 0.50625 0.8277777777777777 0.50625 0.8166666666666667
2 0.5307291666666667 0.7981481481481482 0.5317708333333333 0.812962962962963 0.528125 0.812037037037037 0.5255208333333333 0.8046296296296296 0.5260416666666666 0.8009259259259259 0.5302083333333333 0.799074074074074
1 0.7072916666666667 0 0.7041666666666667 0.005555555555555556 0.6942708333333333 0.007407407407407408 0.6765625 0.028703703703703703 0.6520833333333333 0.03611111111111111 0.6234375 0.05 0.6177083333333333 0.046296296296296294 0.6171875 0.008333333333333333 0.6203125 0.000925925925925926 0.7067708333333333 0