0 0.4984375 0.4759259259259259 0.5057291666666667 0.48333333333333334 0.5083333333333333 0.4898148148148148 0.5088541666666667 0.49907407407407406 0.48385416666666664 0.5462962962962963 0.478125 0.5518518518518518 0.4708333333333333 0.5462962962962963 0.46979166666666666 0.5333333333333333 0.4859375 0.49537037037037035 0.48854166666666665 0.4842592592592593 0.4921875 0.47685185185185186 0.4979166666666667 0.4759259259259259
0 0.8354166666666667 0.7185185185185186 0.840625 0.7305555555555555 0.84375 0.75 0.8729166666666667 0.8268518518518518 0.871875 0.8379629629629629 0.8635416666666667 0.8453703703703703 0.8557291666666667 0.8379629629629629 0.8333333333333334 0.775 0.8203125 0.7537037037037037 0.8161458333333333 0.7398148148148148 0.8161458333333333 0.7333333333333333 0.8223958333333333 0.7231481481481481 0.8348958333333333 0.7185185185185186
0 0.5755208333333334 0.36203703703703705 0.58125 0.3768518518518518 0.58125 0.39444444444444443 0.59375 0.43703703703703706 0.59375 0.4462962962962963 0.5880208333333333 0.4546296296296296 0.5848958333333333 0.4546296296296296 0.5807291666666666 0.44814814814814813 0.5682291666666667 0.4083333333333333 0.5604166666666667 0.3925925925925926 0.5578125 0.3824074074074074 0.5598958333333334 0.3712962962962963 0.5635416666666667 0.3648148148148148 0.575 0.36203703703703705
0 0.3614583333333333 0.30462962962962964 0.3651041666666667 0.3194444444444444 0.36354166666666665 0.32592592592592595 0.3385416666666667 0.3333333333333333 0.328125 0.3416666666666667 0.32395833333333335 0.34074074074074073 0.32083333333333336 0.3314814814814815 0.31927083333333334 0.31203703703703706 0.32083333333333336 0.30648148148148147 0.325 0.3055555555555556 0.33177083333333335 0.31203703703703706 0.3453125 0.30648148148148147 0.3609375 0.30462962962962964
0 0.7255208333333333 0.5 0.7864583333333334 0.6083333333333333 0.7984375 0.6203703703703703 0.7979166666666667 0.6314814814814815 0.7911458333333333 0.6407407407407407 0.7869791666666667 0.6425925925925926 0.784375 0.6398148148148148 0.7786458333333334 0.6222222222222222 0.7213541666666666 0.5185185185185185 0.71875 0.5111111111111111 0.71875 0.5046296296296297 0.7213541666666666 0.5 0.725 0.5
0 0.46822916666666664 0.29259259259259257 0.46979166666666666 0.3277777777777778 0.4739583333333333 0.33611111111111114 0.4739583333333333 0.34444444444444444 0.4666666666666667 0.3527777777777778 0.45989583333333334 0.35 0.45625 0.33796296296296297 0.45989583333333334 0.3296296296296296 0.45989583333333334 0.2953703703703704 0.4630208333333333 0.29074074074074074 0.46770833333333334 0.29259259259259257
0 0.6989583333333333 0.700925925925926 0.7015625 0.7027777777777777 0.7036458333333333 0.7111111111111111 0.7015625 0.7203703703703703 0.590625 0.7342592592592593 0.5848958333333333 0.7361111111111112 0.5786458333333333 0.7435185185185185 0.5744791666666667 0.7416666666666667 0.5723958333333333 0.725 0.5734375 0.7157407407407408 0.5776041666666667 0.712037037037037 0.5848958333333333 0.7175925925925926 0.5927083333333333 0.7175925925925926 0.6984375 0.700925925925926
0 0.6411458333333333 0.49537037037037035 0.65 0.49907407407407406 0.6578125 0.4981481481481482 0.659375 0.5009259259259259 0.659375 0.5111111111111111 0.6557291666666667 0.5222222222222223 0.6395833333333333 0.5101851851851852 0.6369791666666667 0.5 0.640625 0.49537037037037035
0 0.5880208333333333 0.2222222222222222 0.6020833333333333 0.24259259259259258 0.6380208333333334 0.31666666666666665 0.6432291666666666 0.31851851851851853 0.6479166666666667 0.325 0.6505208333333333 0.3351851851851852 0.65 0.34444444444444444 0.6463541666666667 0.3527777777777778 0.6375 0.35833333333333334 0.6333333333333333 0.3574074074074074 0.6302083333333334 0.35185185185185186 0.6255208333333333 0.3296296296296296 0.5848958333333333 0.2462962962962963 0.58125 0.22962962962962963 0.584375 0.22314814814814815 0.5875 0.2222222222222222
2 0.540625 0.375 0.5447916666666667 0.38333333333333336 0.5442708333333334 0.38796296296296295 0.5395833333333333 0.3925925925925926 0.5328125 0.3907407407407407 0.5296875 0.3814814814814815 0.5333333333333333 0.375 0.5401041666666667 0.375
2 0.4421875 0.7814814814814814 0.4505208333333333 0.7935185185185185 0.45260416666666664 0.8101851851851852 0.446875 0.8277777777777777 0.4354166666666667 0.837037037037037 0.42604166666666665 0.8361111111111111 0.41822916666666665 0.8287037037037037 0.41458333333333336 0.8175925925925925 0.41458333333333336 0.8037037037037037 0.41822916666666665 0.7925925925925926 0.425 0.7833333333333333 0.4317708333333333 0.7796296296296297 0.44166666666666665 0.7814814814814814
2 0.3880208333333333 0.26296296296296295 0.3927083333333333 0.26851851851851855 0.39375 0.2759259259259259 0.39010416666666664 0.2833333333333333 0.3848958333333333 0.2861111111111111 0.3729166666666667 0.2833333333333333 0.3697916666666667 0.27314814814814814 0.37552083333333336 0.2638888888888889 0.3875 0.26296296296296295
2 0.6135416666666667 0.5981481481481481 0.6229166666666667 0.6027777777777777 0.6302083333333334 0.6194444444444445 0.6296875 0.6305555555555555 0.6265625 0.6370370370370371 0.6161458333333333 0.6425925925925926 0.6088541666666667 0.6407407407407407 0.6015625 0.6342592592592593 0.596875 0.6185185185185185 0.5984375 0.6092592592592593 0.6015625 0.6037037037037037 0.6130208333333333 0.5981481481481481
2 0.27447916666666666 0.7388888888888889 0.2828125 0.7481481481481481 0.2833333333333333 0.7611111111111111 0.2765625 0.775 0.26666666666666666 0.7814814814814814 0.25677083333333334 0.7768518518518519 0.25416666666666665 0.7722222222222223 0.2526041666666667 0.7611111111111111 0.2546875 0.7527777777777778 0.2604166666666667 0.7444444444444445 0.2682291666666667 0.7388888888888889 0.27395833333333336 0.7388888888888889
2 0.41302083333333334 0.2962962962962963 0.4166666666666667 0.3 0.4166666666666667 0.30648148148148147 0.4119791666666667 0.3111111111111111 0.4041666666666667 0.30925925925925923 0.403125 0.30277777777777776 0.40625 0.2972222222222222 0.4125 0.2962962962962963
2 0.4359375 0.42407407407407405 0.4421875 0.42962962962962964 0.44375 0.44166666666666665 0.4401041666666667 0.45 0.43385416666666665 0.4537037037037037 0.4239583333333333 0.45185185185185184 0.4203125 0.4462962962962963 0.4192708333333333 0.4388888888888889 0.4239583333333333 0.42777777777777776 0.4354166666666667 0.42407407407407405
2 0.5317708333333333 0.27685185185185185 0.5348958333333333 0.2814814814814815 0.5359375 0.28888888888888886 0.5333333333333333 0.29444444444444445 0.5265625 0.2972222222222222 0.5182291666666666 0.2962962962962963 0.5130208333333334 0.28888888888888886 0.5125 0.2824074074074074 0.5182291666666666 0.2759259259259259 0.53125 0.27685185185185185
2 0.5640625 0.49722222222222223 0.56875 0.5046296296296297 0.5708333333333333 0.5148148148148148 0.5677083333333334 0.5259259259259259 0.5604166666666667 0.5305555555555556 0.5463541666666667 0.5259259259259259 0.5421875 0.5194444444444445 0.5411458333333333 0.5083333333333333 0.5447916666666667 0.5 0.5494791666666666 0.4962962962962963 0.5635416666666667 0.49722222222222223
2 0.42083333333333334 0.6527777777777778 0.4239583333333333 0.6611111111111111 0.421875 0.6666666666666666 0.4192708333333333 0.6675925925925926 0.41354166666666664 0.6657407407407407 0.4125 0.6583333333333333 0.41510416666666666 0.6537037037037037 0.4203125 0.6527777777777778
2 0.3145833333333333 0.5259259259259259 0.3171875 0.5287037037037037 0.3171875 0.537962962962963 0.3104166666666667 0.5462962962962963 0.3020833333333333 0.5444444444444444 0.3 0.5407407407407407 0.3 0.5333333333333333 0.3067708333333333 0.525 0.3140625 0.5259259259259259
2 0.27760416666666665 0.6416666666666667 0.28541666666666665 0.6509259259259259 0.2859375 0.6648148148148149 0.2760416666666667 0.6833333333333333 0.26510416666666664 0.6888888888888889 0.25833333333333336 0.687037037037037 0.2515625 0.6796296296296296 0.25 0.6731481481481482 0.25052083333333336 0.6620370370370371 0.25364583333333335 0.6537037037037037 0.2630208333333333 0.6435185185185185 0.27708333333333335 0.6416666666666667
2 0.490625 0.6518518518518519 0.49583333333333335 0.6648148148148149 0.4953125 0.6814814814814815 0.4822916666666667 0.6935185185185185 0.47552083333333334 0.6935185185185185 0.46822916666666664 0.6888888888888889 0.4630208333333333 0.6796296296296296 0.4625 0.6648148148148149 0.4671875 0.6537037037037037 0.4734375 0.6481481481481481 0.484375 0.6472222222222223 0.4901041666666667 0.6518518518518519
2 0.6994791666666667 0.3388888888888889 0.7015625 0.3435185185185185 0.6994791666666667 0.35 0.6927083333333334 0.3490740740740741 0.6901041666666666 0.3453703703703704 0.6921875 0.33796296296296297 0.6989583333333333 0.3388888888888889
2 0.3921875 0.43333333333333335 0.39739583333333334 0.4388888888888889 0.39791666666666664 0.45092592592592595 0.39427083333333335 0.4564814814814815 0.3880208333333333 0.45925925925925926 0.3770833333333333 0.4546296296296296 0.375 0.44722222222222224 0.37604166666666666 0.44166666666666665 0.38125 0.4351851851851852 0.39166666666666666 0.43333333333333335
1 0.18541666666666667 0.1425925925925926 0.18802083333333333 0.14537037037037037 0.190625 0.15648148148148147 0.196875 0.1638888888888889 0.20052083333333334 0.175 0.21197916666666666 0.24074074074074073 0.21510416666666668 0.2759259259259259 0.21822916666666667 0.28703703703703703 0.2171875 0.29074074074074074 0.20416666666666666 0.2935185185185185 0.19114583333333332 0.2935185185185185 0.1890625 0.29074074074074074 0.18229166666666666 0.24166666666666667 0.1703125 0.1787037037037037 0.17135416666666667 0.17037037037037037 0.17447916666666666 0.1648148148148148 0.1734375 0.14814814814814814 0.17760416666666667 0.14351851851851852 0.18489583333333334 0.1425925925925926
1 0.9640625 0.5824074074074074 0.9807291666666667 0.5962962962962963 0.9880208333333333 0.6092592592592593 0.9895833333333334 0.6175925925925926 0.9833333333333333 0.6314814814814815 0.9817708333333334 0.6407407407407407 0.9901041666666667 0.649074074074074 0.9958333333333333 0.6611111111111111 0.9973958333333334 0.6768518518518518 0.9953125 0.6861111111111111 0.9864583333333333 0.7018518518518518 0.9802083333333333 0.7185185185185186 0.9666666666666667 0.7657407407407407 0.9604166666666667 0.7712962962962963 0.9390625 0.7611111111111111 0.9182291666666667 0.7416666666666667 0.9046875 0.7231481481481481 0.903125 0.7092592592592593 0.9078125 0.6925925925925925 0.9192708333333334 0.6694444444444444 0.9322916666666666 0.6203703703703703 0.9390625 0.6148148148148148 0.9598958333333333 0.6185185185185185 0.9651041666666667 0.6092592592592593 0.965625 0.6018518518518519 0.9598958333333333 0.5851851851851851 0.9635416666666666 0.5824074074074074
1 0.9984375 0.6675925925925926 0.996875 0.6601851851851852 0.9890625 0.6462962962962963 0.9838541666666667 0.6416666666666667 0.9838541666666667 0.6333333333333333 0.9864583333333333 0.6287037037037037 0.9979166666666667 0.6175925925925926 0.9994791666666667 0.6175925925925926 0.9989583333333333 0.6675925925925926
1 0.9760416666666667 0.5305555555555556 0.9885416666666667 0.5351851851851852 0.9895833333333334 0.5453703703703704 0.9848958333333333 0.55 0.9729166666666667 0.5509259259259259 0.9682291666666667 0.5574074074074075 0.9645833333333333 0.5703703703703704 0.9666666666666667 0.5740740740740741 0.9703125 0.5740740740740741 0.9708333333333333 0.5796296296296296 0.9697916666666667 0.5824074074074074 0.9625 0.5805555555555556 0.9583333333333334 0.5842592592592593 0.9609375 0.6027777777777777 0.9598958333333333 0.6101851851851852 0.953125 0.6129629629629629 0.9494791666666667 0.6092592592592593 0.9453125 0.6111111111111112 0.9432291666666667 0.6092592592592593 0.9427083333333334 0.6037037037037037 0.9401041666666666 0.612037037037037 0.9317708333333333 0.6194444444444445 0.9229166666666667 0.6435185185185185 0.921875 0.6564814814814814 0.9151041666666667 0.674074074074074 0.90625 0.6666666666666666 0.9020833333333333 0.6583333333333333 0.9026041666666667 0.6296296296296297 0.9078125 0.6092592592592593 0.9177083333333333 0.5898148148148148 0.9302083333333333 0.5805555555555556 0.9385416666666667 0.5666666666666667 0.9442708333333333 0.562962962962963 0.9541666666666667 0.5305555555555556 0.9755208333333333 0.5305555555555556
1 0.22734375 0.2111111111111111 0.0421875 0.16111111111111112