0 0.24114583333333334 0.34629629629629627 0.24635416666666668 0.35185185185185186 0.25052083333333336 0.3685185185185185 0.2682291666666667 0.3851851851851852 0.28958333333333336 0.4 0.32447916666666665 0.4351851851851852 0.33125 0.4361111111111111 0.35208333333333336 0.44907407407407407 0.3880208333333333 0.4787037037037037 0.39375 0.49074074074074076 0.39427083333333335 0.5018518518518519 0.3875 0.5120370370370371 0.38333333333333336 0.5120370370370371 0.36822916666666666 0.4962962962962963 0.24427083333333333 0.39537037037037037 0.240625 0.39351851851851855 0.234375 0.3990740740740741 0.22916666666666666 0.3972222222222222 0.225 0.38981481481481484 0.22708333333333333 0.37037037037037035 0.23385416666666667 0.35185185185185186 0.240625 0.34629629629629627
0 0.2765625 0.2916666666666667 0.28177083333333336 0.30092592592592593 0.2869791666666667 0.31851851851851853 0.30052083333333335 0.34074074074074073 0.3026041666666667 0.35185185185185186 0.29739583333333336 0.3611111111111111 0.290625 0.35833333333333334 0.2760416666666667 0.3351851851851852 0.265625 0.3287037037037037 0.26145833333333335 0.3212962962962963 0.2609375 0.3101851851851852 0.2635416666666667 0.30185185185185187 0.2708333333333333 0.29259259259259257 0.2760416666666667 0.2916666666666667
0 0.5322916666666667 0.49444444444444446 0.534375 0.48703703703703705 0.5385416666666667 0.48703703703703705 0.5479166666666667 0.5138888888888888 0.5447916666666667 0.524074074074074 0.5369791666666667 0.525 0.534375 0.5166666666666667 0.5328125 0.49537037037037035
0 0.36875 0.5120370370370371 0.3770833333333333 0.525 0.3765625 0.5361111111111111 0.35104166666666664 0.5675925925925925 0.3463541666666667 0.5694444444444444 0.3416666666666667 0.5685185185185185 0.33697916666666666 0.5564814814814815 0.3375 0.5537037037037037 0.359375 0.5138888888888888 0.3625 0.5101851851851852 0.36822916666666666 0.5120370370370371
0 0.36354166666666665 0.39814814814814814 0.37552083333333336 0.41759259259259257 0.4078125 0.4527777777777778 0.4078125 0.4648148148148148 0.40260416666666665 0.4722222222222222 0.3927083333333333 0.4666666666666667 0.365625 0.4388888888888889 0.3567708333333333 0.43796296296296294 0.35208333333333336 0.43148148148148147 0.3515625 0.42314814814814816 0.3541666666666667 0.4083333333333333 0.35885416666666664 0.4 0.36302083333333335 0.39814814814814814
0 0.4635416666666667 0.25462962962962965 0.4671875 0.2611111111111111 0.4666666666666667 0.2712962962962963 0.42916666666666664 0.32037037037037036 0.41770833333333335 0.3296296296296296 0.3890625 0.3675925925925926 0.3854166666666667 0.37962962962962965 0.3807291666666667 0.3861111111111111 0.37552083333333336 0.38425925925925924 0.37135416666666665 0.37592592592592594 0.3703125 0.3685185185185185 0.3723958333333333 0.36203703703703705 0.3875 0.3509259259259259 0.4119791666666667 0.3175925925925926 0.42083333333333334 0.30185185185185187 0.4552083333333333 0.25833333333333336 0.4630208333333333 0.25462962962962965
0 0.6541666666666667 0.48703703703703705 0.6578125 0.49166666666666664 0.6604166666666667 0.5018518518518519 0.6609375 0.5148148148148148 0.6583333333333333 0.5185185185185185 0.6479166666666667 0.5138888888888888 0.5645833333333333 0.5574074074074075 0.5604166666666667 0.5574074074074075 0.5572916666666666 0.5509259259259259 0.5572916666666666 0.5453703703703704 0.5885416666666666 0.5268518518518519 0.6411458333333333 0.5027777777777778 0.6489583333333333 0.49722222222222223 0.6536458333333334 0.487962962962963
0 0.5786458333333333 0.4648148148148148 0.5869791666666667 0.48518518518518516 0.5875 0.49074074074074076 0.5848958333333333 0.49537037037037035 0.58125 0.49537037037037035 0.5677083333333334 0.47962962962962963 0.5671875 0.47314814814814815 0.5703125 0.4666666666666667 0.5744791666666667 0.46296296296296297 0.578125 0.4648148148148148
0 0.3458333333333333 0.524074074074074 0.34791666666666665 0.5277777777777778 0.346875 0.5370370370370371 0.33541666666666664 0.5546296296296296 0.3302083333333333 0.5518518518518518 0.3302083333333333 0.5435185185185185 0.3390625 0.525 0.3416666666666667 0.5222222222222223 0.3453125 0.524074074074074
0 0.3385416666666667 0.4981481481481482 0.34427083333333336 0.5083333333333333 0.34375 0.5185185185185185 0.3296875 0.5425925925925926 0.3255208333333333 0.5555555555555556 0.3182291666666667 0.5657407407407408 0.31354166666666666 0.5657407407407408 0.3072916666666667 0.5601851851851852 0.30364583333333334 0.5509259259259259 0.30364583333333334 0.5407407407407407 0.32760416666666664 0.5037037037037037 0.3338541666666667 0.49722222222222223 0.3380208333333333 0.4981481481481482
0 0.32916666666666666 0.34629629629629627 0.3359375 0.3490740740740741 0.3411458333333333 0.3851851851851852 0.3484375 0.40185185185185185 0.3489583333333333 0.4074074074074074 0.340625 0.4203703703703704 0.3296875 0.4203703703703704 0.3260416666666667 0.41203703703703703 0.325 0.39814814814814814 0.32864583333333336 0.3925925925925926 0.32395833333333335 0.3537037037037037 0.325 0.3490740740740741 0.32864583333333336 0.34629629629629627
0 0.32447916666666665 0.5842592592592593 0.3255208333333333 0.5898148148148148 0.3234375 0.5935185185185186 0.3203125 0.5935185185185186 0.3145833333333333 0.5861111111111111 0.32395833333333335 0.5842592592592593
0 0.2890625 0.5481481481481482 0.2911458333333333 0.5546296296296296 0.3020833333333333 0.5574074074074075 0.3125 0.5675925925925925 0.32083333333333336 0.5648148148148148 0.3255208333333333 0.5564814814814815 0.3375 0.5555555555555556 0.34010416666666665 0.5675925925925925 0.34427083333333336 0.5703703703703704 0.34427083333333336 0.5796296296296296 0.34375 0.5824074074074074 0.29010416666666666 0.5842592592592593 0.2875 0.5944444444444444 0.2791666666666667 0.5944444444444444 0.27708333333333335 0.5907407407407408 0.2765625 0.5685185185185185 0.27760416666666665 0.5527777777777778 0.28020833333333334 0.5472222222222223 0.28854166666666664 0.5481481481481482
2 0.35052083333333334 0.5694444444444444 0.35520833333333335 0.5768518518518518 0.35572916666666665 0.5879629629629629 0.34739583333333335 0.5962962962962963 0.3375 0.5944444444444444 0.3296875 0.5851851851851851 0.3416666666666667 0.5824074074074074 0.34375 0.5796296296296296 0.34427083333333336 0.5703703703703704 0.35 0.5694444444444444
2 0.5411458333333333 0.46296296296296297 0.5416666666666666 0.4675925925925926 0.5385416666666667 0.4722222222222222 0.5338541666666666 0.47129629629629627 0.5328125 0.4638888888888889 0.5359375 0.46111111111111114 0.540625 0.46296296296296297
2 0.3734375 0.5027777777777778 0.3854166666666667 0.512962962962963 0.3890625 0.5111111111111111 0.39375 0.5018518518518519 0.396875 0.5037037037037037 0.3963541666666667 0.5175925925925926 0.3890625 0.5259259259259259 0.3807291666666667 0.5259259259259259 0.3734375 0.5185185185185185 0.3697916666666667 0.5120370370370371 0.3729166666666667 0.5027777777777778
2 0.540625 0.4305555555555556 0.5432291666666667 0.43425925925925923 0.540625 0.44166666666666665 0.5359375 0.44166666666666665 0.5328125 0.4351851851851852 0.5359375 0.4305555555555556 0.5401041666666667 0.4305555555555556
2 0.48489583333333336 0.4648148148148148 0.4895833333333333 0.4722222222222222 0.4890625 0.47685185185185186 0.4859375 0.48055555555555557 0.48072916666666665 0.48055555555555557 0.47708333333333336 0.475 0.4786458333333333 0.4666666666666667 0.484375 0.4648148148148148
2 0.5098958333333333 0.39444444444444443 0.515625 0.40555555555555556 0.515625 0.41574074074074074 0.5119791666666667 0.425 0.5046875 0.4305555555555556 0.4973958333333333 0.4305555555555556 0.4890625 0.425 0.48489583333333336 0.41574074074074074 0.484375 0.4074074074074074 0.4869791666666667 0.3972222222222222 0.4942708333333333 0.39166666666666666 0.503125 0.3907407407407407 0.509375 0.39444444444444443
2 0.6229166666666667 0.39166666666666666 0.6276041666666666 0.3972222222222222 0.628125 0.40185185185185185 0.625 0.4111111111111111 0.6197916666666666 0.4148148148148148 0.6114583333333333 0.41203703703703703 0.609375 0.40370370370370373 0.6125 0.39444444444444443 0.6223958333333334 0.39166666666666666
2 0.5494791666666666 0.5787037037037037 0.5526041666666667 0.5851851851851851 0.5520833333333334 0.5944444444444444 0.5411458333333333 0.6046296296296296 0.5286458333333334 0.6 0.5255208333333333 0.5916666666666667 0.5260416666666666 0.5851851851851851 0.5291666666666667 0.5796296296296296 0.5354166666666667 0.575925925925926 0.5489583333333333 0.5787037037037037
2 0.5307291666666667 0.5342592592592592 0.534375 0.537962962962963 0.5354166666666667 0.5444444444444444 0.5291666666666667 0.5527777777777778 0.5213541666666667 0.55 0.5197916666666667 0.5407407407407407 0.5229166666666667 0.5351851851851852 0.5302083333333333 0.5342592592592592
2 0.6078125 0.6592592592592592 0.6130208333333333 0.6648148148148149 0.6135416666666667 0.6722222222222223 0.609375 0.6796296296296296 0.6036458333333333 0.6824074074074075 0.5916666666666667 0.6796296296296296 0.5885416666666666 0.6675925925925926 0.5947916666666667 0.6592592592592592 0.6072916666666667 0.6592592592592592
2 0.4088541666666667 0.5851851851851851 0.41458333333333336 0.5898148148148148 0.41458333333333336 0.5962962962962963 0.4125 0.5981481481481481 0.4041666666666667 0.5953703703703703 0.4041666666666667 0.5879629629629629 0.4083333333333333 0.5851851851851851
2 0.453125 0.5370370370370371 0.4557291666666667 0.5407407407407407 0.45364583333333336 0.5472222222222223 0.44895833333333335 0.5472222222222223 0.446875 0.5435185185185185 0.4479166666666667 0.537962962962963 0.45260416666666664 0.5370370370370371
2 0.4036458333333333 0.5370370370370371 0.4114583333333333 0.5425925925925926 0.4161458333333333 0.5518518518518518 0.4140625 0.5638888888888889 0.4046875 0.5694444444444444 0.3927083333333333 0.5638888888888889 0.3880208333333333 0.5527777777777778 0.3890625 0.5444444444444444 0.3927083333333333 0.5398148148148149 0.403125 0.5370370370370371
2 0.6229166666666667 0.5287037037037037 0.625 0.5351851851851852 0.6229166666666667 0.5472222222222223 0.6125 0.5564814814814815 0.6010416666666667 0.5537037037037037 0.5953125 0.5435185185185185 0.6046875 0.5361111111111111 0.609375 0.5361111111111111 0.6052083333333333 0.5425925925925926 0.6083333333333333 0.5462962962962963 0.6125 0.5453703703703704 0.615625 0.5388888888888889 0.6145833333333334 0.5324074074074074 0.6223958333333334 0.5287037037037037
2 0.5046875 0.5268518518518519 0.5114583333333333 0.5296296296296297 0.515625 0.5370370370370371 0.5135416666666667 0.5481481481481482 0.5052083333333334 0.5537037037037037 0.49583333333333335 0.55 0.4921875 0.5407407407407407 0.4947916666666667 0.5314814814814814 0.5041666666666667 0.5268518518518519
2 0.4786458333333333 0.5777777777777777 0.4786458333333333 0.5824074074074074 0.47552083333333334 0.5851851851851851 0.4713541666666667 0.5842592592592593 0.4708333333333333 0.5777777777777777 0.478125 0.5777777777777777
2 0.3729166666666667 0.5444444444444444 0.3770833333333333 0.549074074074074 0.3770833333333333 0.5592592592592592 0.36822916666666666 0.562037037037037 0.36302083333333335 0.5564814814814815 0.3625 0.5537037037037037 0.3651041666666667 0.55 0.3723958333333333 0.5453703703703704
2 0.4864583333333333 0.3851851851851852 0.4895833333333333 0.3907407407407407 0.4875 0.3972222222222222 0.48072916666666665 0.39537037037037037 0.4796875 0.3907407407407407 0.48072916666666665 0.3861111111111111 0.4859375 0.3851851851851852
2 0.5822916666666667 0.5546296296296296 0.5880208333333333 0.5611111111111111 0.5890625 0.5722222222222222 0.5848958333333333 0.5814814814814815 0.5765625 0.5861111111111111 0.5708333333333333 0.5861111111111111 0.5640625 0.5805555555555556 0.5614583333333333 0.5731481481481482 0.5614583333333333 0.5648148148148148 0.5635416666666667 0.5592592592592592 0.56875 0.5555555555555556 0.5770833333333333 0.5527777777777778 0.5817708333333333 0.5546296296296296
2 0.34791666666666665 0.48148148148148145 0.37135416666666665 0.5 0.365625 0.5074074074074074 0.35260416666666666 0.5037037037037037 0.34791666666666665 0.49537037037037035 0.34791666666666665 0.4824074074074074
2 0.3125 0.5157407407407407 0.315625 0.5111111111111111 0.3223958333333333 0.5111111111111111 0.31302083333333336 0.5277777777777778 0.3125 0.5166666666666667
2 0.3296875 0.5453703703703704 0.33229166666666665 0.5546296296296296 0.3302083333333333 0.5564814814814815 0.32395833333333335 0.5564814814814815 0.32447916666666665 0.55 0.32916666666666666 0.5453703703703704
1 0.8072916666666666 0.7055555555555556 0.8119791666666667 0.7092592592592593 0.8182291666666667 0.7574074074074074 0.8302083333333333 0.8194444444444444 0.8296875 0.8277777777777777 0.8255208333333334 0.8342592592592593 0.8270833333333333 0.850925925925926 0.8182291666666667 0.8574074074074074 0.8130208333333333 0.8555555555555555 0.809375 0.8425925925925926 0.8036458333333333 0.8379629629629629 0.8005208333333333 0.8277777777777777 0.7927083333333333 0.7870370370370371 0.7848958333333333 0.7231481481481481 0.7822916666666667 0.7138888888888889 0.7822916666666667 0.7092592592592593 0.8067708333333333 0.7055555555555556
1 0.04895833333333333 0.23055555555555557 0.06458333333333334 0.24074074074074073 0.0859375 0.262037037037037 0.09635416666666667 0.2777777777777778 0.09791666666666667 0.28703703703703703 0.0953125 0.29907407407407405 0.08333333333333333 0.32314814814814813 0.07135416666666666 0.3712962962962963 0.06770833333333333 0.37962962962962965 0.06145833333333333 0.38425925925925924 0.03958333333333333 0.3814814814814815 0.034895833333333334 0.3907407407407407 0.034375 0.3972222222222222 0.04010416666666667 0.412962962962963 0.0375 0.4166666666666667 0.022395833333333334 0.4064814814814815 0.0140625 0.39444444444444443 0.0109375 0.38055555555555554 0.016666666666666666 0.3675925925925926 0.017708333333333333 0.3592592592592593 0.007291666666666667 0.34444444444444444 0.003125 0.3333333333333333 0.0026041666666666665 0.3212962962962963 0.0046875 0.31296296296296294 0.015104166666666667 0.2953703703703704 0.0234375 0.2712962962962963 0.03229166666666667 0.2361111111111111 0.03854166666666667 0.22870370370370371 0.0484375 0.23055555555555557
1 0.0078125 0.24722222222222223 0.022395833333333334 0.25092592592592594 0.025520833333333333 0.25555555555555554 0.013541666666666667 0.29907407407407405 0.0015625 0.3148148148148148 0 0.3148148148148148 0 0.24814814814814815 0.007291666666666667 0.24722222222222223
1 0.08958333333333333 0.32407407407407407 0.0984375 0.3435185185185185 0.09791666666666667 0.3675925925925926 0.0953125 0.3814814814814815 0.08489583333333334 0.4064814814814815 0.06927083333333334 0.41944444444444445 0.06510416666666667 0.4287037037037037 0.05625 0.4361111111111111 0.05 0.4601851851851852 0.04479166666666667 0.4703703703703704 0.027604166666666666 0.4703703703703704 0.016145833333333335 0.4666666666666667 0.011458333333333333 0.46296296296296297 0.011979166666666667 0.4564814814814815 0.016145833333333335 0.45092592592592595 0.029166666666666667 0.44814814814814813 0.0359375 0.4305555555555556 0.034375 0.425 0.0296875 0.4222222222222222 0.0296875 0.4185185185185185 0.0375 0.4185185185185185 0.041666666666666664 0.4148148148148148 0.0375 0.39444444444444443 0.0390625 0.3888888888888889 0.04635416666666667 0.3851851851851852 0.059375 0.3888888888888889 0.0671875 0.3814814814814815 0.078125 0.35555555555555557 0.084375 0.325 0.0890625 0.32407407407407407
1 0.7765625 0.7083333333333334 0.7802083333333333 0.712037037037037 0.7838541666666666 0.7268518518518519 0.79375 0.8 0.79375 0.8148148148148148 0.790625 0.8333333333333334 0.79375 0.8629629629629629 0.7869791666666667 0.8694444444444445 0.7791666666666667 0.8666666666666667 0.7776041666666667 0.8472222222222222 0.7651041666666667 0.8138888888888889 0.7609375 0.7703703703703704 0.753125 0.7194444444444444 0.7552083333333334 0.7092592592592593 0.7760416666666666 0.7083333333333334