0 0.6104166666666667 0.3138888888888889 0.6130208333333333 0.3194444444444444 0.6140625 0.33425925925925926 0.6135416666666667 0.3509259259259259 0.6109375 0.35648148148148145 0.6057291666666667 0.35648148148148145 0.6015625 0.34814814814814815 0.5604166666666667 0.3509259259259259 0.55625 0.34444444444444444 0.55625 0.33611111111111114 0.5661458333333333 0.32685185185185184 0.6026041666666667 0.32407407407407407 0.60625 0.3138888888888889 0.6098958333333333 0.3138888888888889
0 0.6953125 0.5111111111111111 0.7020833333333333 0.5185185185185185 0.70625 0.5277777777777778 0.70625 0.5472222222222223 0.6958333333333333 0.5601851851851852 0.68125 0.5722222222222222 0.6744791666666666 0.5842592592592593 0.6536458333333334 0.600925925925926 0.628125 0.65 0.6223958333333334 0.6546296296296297 0.6109375 0.674074074074074 0.5916666666666667 0.6990740740740741 0.5864583333333333 0.7027777777777777 0.5802083333333333 0.7 0.5755208333333334 0.6898148148148148 0.575 0.6814814814814815 0.578125 0.6722222222222223 0.6760416666666667 0.5398148148148149 0.6817708333333333 0.5212962962962963 0.6911458333333333 0.5111111111111111 0.6947916666666667 0.5111111111111111
0 0.425 0.5444444444444444 0.4171875 0.5314814814814814 0.4036458333333333 0.4981481481481482 0.403125 0.4888888888888889 0.40625 0.48518518518518516 0.41041666666666665 0.4861111111111111 0.44375 0.5592592592592592 0.4557291666666667 0.5814814814814815 0.46458333333333335 0.5916666666666667 0.46458333333333335 0.6055555555555555 0.45677083333333335 0.6138888888888889 0.453125 0.6129629629629629 0.44947916666666665 0.6055555555555555 0.4484375 0.5898148148148148 0.42552083333333335 0.5444444444444444
0 0.534375 0.3388888888888889 0.5536458333333333 0.3537037037037037 0.5635416666666667 0.3537037037037037 0.5682291666666667 0.3611111111111111 0.5671875 0.38055555555555554 0.5609375 0.3907407407407407 0.55625 0.3907407407407407 0.5494791666666666 0.38055555555555554 0.5328125 0.36666666666666664 0.528125 0.35833333333333334 0.5276041666666667 0.34629629629629627 0.5302083333333333 0.34074074074074073 0.5338541666666666 0.3388888888888889
0 0.5817708333333333 0.49722222222222223 0.5859375 0.5074074074074074 0.5859375 0.5157407407407407 0.5822916666666667 0.5203703703703704 0.5677083333333334 0.5277777777777778 0.5640625 0.5231481481481481 0.5640625 0.5157407407407407 0.5723958333333333 0.5074074074074074 0.5776041666666667 0.49722222222222223 0.58125 0.49722222222222223
0 0.6984375 0.5675925925925925 0.703125 0.5787037037037037 0.7036458333333333 0.5916666666666667 0.6958333333333333 0.6 0.684375 0.6055555555555555 0.671875 0.6194444444444445 0.6635416666666667 0.6148148148148148 0.6640625 0.5981481481481481 0.6807291666666667 0.5814814814814815 0.6885416666666667 0.5666666666666667 0.6963541666666667 0.5648148148148148 0.6979166666666666 0.5675925925925925
0 0.38697916666666665 0.41388888888888886 0.390625 0.41759259259259257 0.39166666666666666 0.42407407407407405 0.38697916666666665 0.43333333333333335 0.32708333333333334 0.49444444444444446 0.32135416666666666 0.5027777777777778 0.3171875 0.5157407407407407 0.3140625 0.5175925925925926 0.30885416666666665 0.512962962962963 0.30625 0.5046296296296297 0.3067708333333333 0.49444444444444446 0.3177083333333333 0.4888888888888889 0.32760416666666664 0.47962962962962963 0.3494791666666667 0.4564814814814815 0.35520833333333335 0.4462962962962963 0.38645833333333335 0.4148148148148148
0 0.45989583333333334 0.38796296296296295 0.4666666666666667 0.387037037037037 0.47239583333333335 0.41203703703703703 0.4708333333333333 0.4203703703703704 0.4666666666666667 0.4203703703703704 0.4630208333333333 0.41388888888888886 0.45729166666666665 0.3972222222222222 0.45989583333333334 0.3888888888888889
0 0.4083333333333333 0.425 0.4125 0.4324074074074074 0.4119791666666667 0.45740740740740743 0.4109375 0.46296296296296297 0.4083333333333333 0.4648148148148148 0.4041666666666667 0.4601851851851852 0.39947916666666666 0.4351851851851852 0.4010416666666667 0.42777777777777776 0.4078125 0.425
0 0.4114583333333333 0.31574074074074077 0.4166666666666667 0.31851851851851853 0.4359375 0.3074074074074074 0.4427083333333333 0.30648148148148147 0.44583333333333336 0.3194444444444444 0.4427083333333333 0.3296296296296296 0.428125 0.33796296296296297 0.41354166666666664 0.3509259259259259 0.4088541666666667 0.3490740740740741 0.4036458333333333 0.33425925925925926 0.4041666666666667 0.32222222222222224 0.4109375 0.31574074074074077
0 0.6489583333333333 0.32037037037037036 0.653125 0.32407407407407407 0.6546875 0.33425925925925926 0.6479166666666667 0.36203703703703705 0.64375 0.3675925925925926 0.6401041666666667 0.36574074074074076 0.6401041666666667 0.35185185185185186 0.64375 0.325 0.6484375 0.32037037037037036
0 0.6614583333333334 0.5953703703703703 0.6651041666666667 0.6046296296296296 0.6625 0.6129629629629629 0.671875 0.6240740740740741 0.6864583333333333 0.6518518518518519 0.6880208333333333 0.6601851851851852 0.6796875 0.6731481481481482 0.6677083333333333 0.649074074074074 0.6635416666666667 0.6333333333333333 0.6552083333333333 0.6166666666666667 0.646875 0.6157407407407407 0.6541666666666667 0.600925925925926 0.6609375 0.5962962962962963
0 0.6598958333333333 0.6231481481481481 0.6651041666666667 0.6425925925925926 0.6609375 0.65 0.6567708333333333 0.6481481481481481 0.621875 0.7037037037037037 0.6119791666666666 0.7018518518518518 0.6109375 0.6888888888888889 0.6125 0.6814814814814815 0.640625 0.6351851851851852 0.6427083333333333 0.6231481481481481 0.6463541666666667 0.6175925925925926 0.65 0.6138888888888889 0.65625 0.6175925925925926 0.659375 0.6231481481481481
2 0.6890625 0.4740740740740741 0.6942708333333333 0.48055555555555557 0.696875 0.4888888888888889 0.6963541666666667 0.49444444444444446 0.6901041666666666 0.5018518518518519 0.6786458333333333 0.49907407407407406 0.6739583333333333 0.49444444444444446 0.6713541666666667 0.48703703703703705 0.6723958333333333 0.47962962962962963 0.6765625 0.47314814814814815 0.6885416666666667 0.4740740740740741
2 0.7177083333333333 0.4537037037037037 0.7234375 0.462037037037037 0.7239583333333334 0.47129629629629627 0.7213541666666666 0.4777777777777778 0.7166666666666667 0.48148148148148145 0.709375 0.48148148148148145 0.7026041666666667 0.47685185185185186 0.6984375 0.46944444444444444 0.6984375 0.46111111111111114 0.7015625 0.4537037037037037 0.7052083333333333 0.45092592592592595 0.7109375 0.45 0.7171875 0.4537037037037037
2 0.5979166666666667 0.4898148148148148 0.6020833333333333 0.49444444444444446 0.6020833333333333 0.5018518518518519 0.6 0.5046296296296297 0.59375 0.5046296296296297 0.5901041666666667 0.4981481481481482 0.5916666666666667 0.49074074074074076 0.5973958333333333 0.4898148148148148
2 0.3859375 0.3351851851851852 0.39166666666666666 0.3398148148148148 0.3927083333333333 0.35 0.39010416666666664 0.35555555555555557 0.38125 0.36018518518518516 0.3697916666666667 0.3574074074074074 0.3671875 0.3509259259259259 0.36770833333333336 0.34444444444444444 0.3729166666666667 0.337037037037037 0.3854166666666667 0.3351851851851852
2 0.6760416666666667 0.7111111111111111 0.6807291666666667 0.7166666666666667 0.6828125 0.725925925925926 0.6822916666666666 0.7342592592592593 0.6786458333333333 0.7379629629629629 0.6677083333333333 0.7342592592592593 0.6625 0.7231481481481481 0.6625 0.7185185185185186 0.665625 0.712037037037037 0.6708333333333333 0.7092592592592593 0.6755208333333333 0.7111111111111111
2 0.40989583333333335 0.5287037037037037 0.4125 0.5324074074074074 0.41354166666666664 0.5398148148148149 0.4114583333333333 0.5444444444444444 0.40520833333333334 0.5481481481481482 0.3984375 0.5462962962962963 0.3963541666666667 0.5416666666666666 0.3963541666666667 0.5351851851851852 0.4015625 0.5277777777777778 0.409375 0.5287037037037037
2 0.5333333333333333 0.6166666666666667 0.5385416666666667 0.6231481481481481 0.5369791666666667 0.6287037037037037 0.5333333333333333 0.6305555555555555 0.5291666666666667 0.6277777777777778 0.528125 0.6231481481481481 0.5328125 0.6166666666666667
2 0.5291666666666667 0.6259259259259259 0.5338541666666666 0.6305555555555555 0.5375 0.6472222222222223 0.5338541666666666 0.6564814814814814 0.5255208333333333 0.6620370370370371 0.5145833333333333 0.6564814814814814 0.5114583333333333 0.6509259259259259 0.5104166666666666 0.6398148148148148 0.5119791666666667 0.6333333333333333 0.5166666666666667 0.6277777777777778 0.5286458333333334 0.6259259259259259
2 0.3890625 0.49074074074074076 0.39375 0.49907407407407406 0.39479166666666665 0.5111111111111111 0.390625 0.5194444444444445 0.3828125 0.525 0.3692708333333333 0.5222222222222223 0.365625 0.5148148148148148 0.3651041666666667 0.5055555555555555 0.36875 0.49722222222222223 0.375 0.49074074074074076 0.3885416666666667 0.49074074074074076
2 0.39166666666666666 0.4638888888888889 0.009375 0.011111111111111112
2 0.6807291666666667 0.4398148148148148 0.6875 0.44537037037037036 0.6927083333333334 0.45555555555555555 0.6911458333333333 0.4666666666666667 0.6848958333333334 0.4722222222222222 0.671875 0.4703703703703704 0.6635416666666667 0.45555555555555555 0.6645833333333333 0.44814814814814813 0.6682291666666667 0.44166666666666665 0.6802083333333333 0.4398148148148148
2 0.6828125 0.7333333333333333 0.6890625 0.7398148148148148 0.6890625 0.7462962962962963 0.6864583333333333 0.75 0.6817708333333333 0.7490740740740741 0.678125 0.7435185185185185 0.6776041666666667 0.737037037037037 0.6822916666666666 0.7333333333333333
2 0.3692708333333333 0.4166666666666667 0.3734375 0.425 0.35572916666666665 0.44537037037037036 0.3515625 0.4444444444444444 0.346875 0.43796296296296294 0.3458333333333333 0.4287037037037037 0.34791666666666665 0.4222222222222222 0.3572916666666667 0.41388888888888886 0.36875 0.4166666666666667
2 0.7390625 0.4351851851851852 0.74375 0.4425925925925926 0.7432291666666667 0.44907407407407407 0.7411458333333333 0.45092592592592595 0.734375 0.44907407407407407 0.7317708333333334 0.4444444444444444 0.7317708333333334 0.4388888888888889 0.7338541666666667 0.4351851851851852 0.7385416666666667 0.4351851851851852
2 0.50625 0.39537037037037037 0.5098958333333333 0.4 0.5078125 0.40555555555555556 0.5015625 0.4027777777777778 0.5015625 0.39814814814814814 0.5057291666666667 0.39537037037037037
2 0.4828125 0.31203703703703706 0.484375 0.31851851851851853 0.48125 0.32314814814814813 0.47708333333333336 0.32314814814814813 0.4739583333333333 0.31666666666666665 0.47708333333333336 0.3111111111111111 0.4822916666666667 0.31203703703703706
2 0.5578125 0.42592592592592593 0.5645833333333333 0.43148148148148147 0.5671875 0.43796296296296294 0.5661458333333333 0.44814814814814813 0.5604166666666667 0.4546296296296296 0.546875 0.4537037037037037 0.5421875 0.44814814814814813 0.5401041666666667 0.44074074074074077 0.5416666666666666 0.43148148148148147 0.5458333333333333 0.42685185185185187 0.5572916666666666 0.42592592592592593
2 0.509375 0.3212962962962963 0.5135416666666667 0.3277777777777778 0.5135416666666667 0.3314814814814815 0.509375 0.33611111111111114 0.5041666666666667 0.33611111111111114 0.49947916666666664 0.33055555555555555 0.5015625 0.32222222222222224 0.5088541666666667 0.3212962962962963
2 0.5541666666666667 0.30833333333333335 0.5604166666666667 0.31203703703703706 0.5645833333333333 0.32407407407407407 0.5635416666666667 0.3287037037037037 0.5567708333333333 0.33425925925925926 0.5458333333333333 0.33240740740740743 0.5395833333333333 0.32407407407407407 0.5395833333333333 0.3175925925925926 0.5432291666666667 0.3111111111111111 0.5536458333333333 0.30833333333333335
2 0.7036458333333333 0.43333333333333335 0.7088541666666667 0.4388888888888889 0.7098958333333333 0.44722222222222224 0.703125 0.45185185185185184 0.696875 0.44907407407407407 0.69375 0.44166666666666665 0.6947916666666667 0.4351851851851852 0.703125 0.43333333333333335
2 0.6364583333333333 0.4324074074074074 0.6421875 0.43148148148148147 0.6442708333333333 0.43425925925925923 0.6442708333333333 0.4398148148148148 0.6401041666666667 0.44166666666666665 0.6359375 0.43796296296296294 0.6364583333333333 0.43333333333333335
2 0.43697916666666664 0.40370370370370373 0.4432291666666667 0.4083333333333333 0.44583333333333336 0.4212962962962963 0.4401041666666667 0.4324074074074074 0.4328125 0.4361111111111111 0.42135416666666664 0.43148148148148147 0.41822916666666665 0.42685185185185187 0.41770833333333335 0.4185185185185185 0.425 0.4064814814814815 0.43645833333333334 0.40370370370370373
1 0.18541666666666667 0.1425925925925926 0.1890625 0.14907407407407408 0.190625 0.1574074074074074 0.19635416666666666 0.16203703703703703 0.2 0.175 0.21354166666666666 0.26481481481481484 0.2125 0.2898148148148148 0.19427083333333334 0.2935185185185185 0.1890625 0.29259259259259257 0.1875 0.28888888888888886 0.18125 0.24166666666666667 0.16927083333333334 0.1814814814814815 0.16927083333333334 0.175 0.17395833333333333 0.1648148148148148 0.17291666666666666 0.14722222222222223 0.17760416666666667 0.1425925925925926 0.18489583333333334 0.1425925925925926
1 0.9635416666666666 0.5824074074074074 0.98125 0.5981481481481481 0.9875 0.6092592592592593 0.9890625 0.6194444444444445 0.9828125 0.6314814814814815 0.9817708333333334 0.6388888888888888 0.9921875 0.6546296296296297 0.9973958333333334 0.6685185185185185 0.9973958333333334 0.674074074074074 0.9947916666666666 0.6861111111111111 0.9864583333333333 0.6990740740740741 0.9765625 0.7268518518518519 0.9671875 0.762962962962963 0.9614583333333333 0.7703703703703704 0.9526041666666667 0.7694444444444445 0.9276041666666667 0.7518518518518519 0.9078125 0.7296296296296296 0.9026041666666667 0.7203703703703703 0.9015625 0.712037037037037 0.9041666666666667 0.7 0.9166666666666666 0.675 0.9296875 0.6231481481481481 0.9380208333333333 0.6148148148148148 0.959375 0.6175925925925926 0.9651041666666667 0.6055555555555555 0.959375 0.5851851851851851 0.9630208333333333 0.5824074074074074
1 0.9979166666666667 0.6666666666666666 0.9833333333333333 0.6388888888888888 0.9854166666666667 0.6296296296296297 0.9979166666666667 0.6157407407407407 0.9994791666666667 0.6157407407407407 0.9984375 0.6666666666666666
1 0.9739583333333334 0.5287037037037037 0.9875 0.5351851851851852 0.9875 0.5425925925925926 0.984375 0.5472222222222223 0.9729166666666667 0.5481481481481482 0.96875 0.5527777777777778 0.9635416666666666 0.5740740740740741 0.9697916666666667 0.5777777777777777 0.9692708333333333 0.5805555555555556 0.9598958333333333 0.5805555555555556 0.9572916666666667 0.5842592592592593 0.9578125 0.5953703703703703 0.9552083333333333 0.5990740740740741 0.959375 0.600925925925926 0.9598958333333333 0.6074074074074074 0.9427083333333334 0.5990740740740741 0.9375 0.6129629629629629 0.93125 0.6185185185185185 0.9213541666666667 0.6444444444444445 0.9161458333333333 0.6722222222222223 0.9119791666666667 0.6759259259259259 0.9072916666666667 0.6722222222222223 0.9010416666666666 0.6583333333333333 0.9020833333333333 0.6277777777777778 0.9078125 0.6074074074074074 0.9182291666666667 0.5879629629629629 0.9302083333333333 0.5796296296296296 0.9359375 0.5685185185185185 0.9432291666666667 0.562962962962963 0.953125 0.5314814814814814 0.9734375 0.5287037037037037
1 0.21822916666666667 0.13055555555555556 0.22135416666666666 0.1361111111111111 0.22291666666666668 0.15555555555555556 0.23541666666666666 0.18888888888888888 0.2421875 0.2564814814814815 0.246875 0.2824074074074074 0.2453125 0.28888888888888886 0.23802083333333332 0.29074074074074074 0.21927083333333333 0.28888888888888886 0.215625 0.275 0.2078125 0.22037037037037038 0.20572916666666666 0.18888888888888888 0.20833333333333334 0.175 0.20885416666666667 0.15462962962962962 0.20625 0.14722222222222223 0.20572916666666666 0.13703703703703704 0.20989583333333334 0.13055555555555556 0.21770833333333334 0.13055555555555556