0 0.4828125 0.6944444444444444 0.4869791666666667 0.7046296296296296 0.4869791666666667 0.7138888888888889 0.48385416666666664 0.7212962962962963 0.46927083333333336 0.7212962962962963 0.45 0.7268518518518519 0.4119791666666667 0.7453703703703703 0.403125 0.7435185185185185 0.40208333333333335 0.7361111111111112 0.4036458333333333 0.7324074074074074 0.4239583333333333 0.7212962962962963 0.4296875 0.7212962962962963 0.46770833333333334 0.7046296296296296 0.4786458333333333 0.6944444444444444 0.4822916666666667 0.6944444444444444
0 0.3651041666666667 0.4324074074074074 0.36822916666666666 0.43703703703703706 0.36875 0.4462962962962963 0.36770833333333336 0.46944444444444444 0.3640625 0.47314814814814815 0.359375 0.4722222222222222 0.3572916666666667 0.4638888888888889 0.3614583333333333 0.43333333333333335 0.3645833333333333 0.4324074074074074
0 0.4036458333333333 0.3296296296296296 0.4078125 0.33611111111111114 0.40572916666666664 0.3453703703703704 0.40625 0.35648148148148145 0.4192708333333333 0.4101851851851852 0.4348958333333333 0.4962962962962963 0.4354166666666667 0.5037037037037037 0.4328125 0.5138888888888888 0.42916666666666664 0.5111111111111111 0.42604166666666665 0.5009259259259259 0.39895833333333336 0.35833333333333334 0.3921875 0.3425925925925926 0.3932291666666667 0.3351851851851852 0.3958333333333333 0.3314814814814815 0.403125 0.3296296296296296
0 0.434375 0.5666666666666667 0.4427083333333333 0.5740740740740741 0.4671875 0.6064814814814815 0.46822916666666664 0.6166666666666667 0.4661458333333333 0.6268518518518519 0.45989583333333334 0.637962962962963 0.45625 0.6398148148148148 0.446875 0.6324074074074074 0.44427083333333334 0.6268518518518519 0.44375 0.6194444444444445 0.425 0.5888888888888889 0.4234375 0.5824074074074074 0.425 0.5722222222222222 0.42916666666666664 0.5666666666666667 0.43385416666666665 0.5666666666666667
0 0.3453125 0.3907407407407407 0.35104166666666664 0.3962962962962963 0.35104166666666664 0.4046296296296296 0.34479166666666666 0.45092592592592595 0.34270833333333334 0.45555555555555555 0.3338541666666667 0.4527777777777778 0.3307291666666667 0.44814814814814813 0.3302083333333333 0.44074074074074077 0.33541666666666664 0.4287037037037037 0.3411458333333333 0.39351851851851855 0.34479166666666666 0.3907407407407407
0 0.35833333333333334 0.42592592592592593 0.3609375 0.4287037037037037 0.3614583333333333 0.4361111111111111 0.3572916666666667 0.4601851851851852 0.3546875 0.4564814814814815 0.353125 0.44537037037037036 0.34791666666666665 0.44166666666666665 0.34791666666666665 0.43333333333333335 0.353125 0.42592592592592593 0.3578125 0.42592592592592593
0 0.32916666666666666 0.32314814814814813 0.33229166666666665 0.32592592592592595 0.3338541666666667 0.3333333333333333 0.3328125 0.362962962962963 0.33541666666666664 0.39166666666666666 0.33489583333333334 0.4222222222222222 0.3338541666666667 0.43425925925925923 0.3302083333333333 0.4398148148148148 0.3302083333333333 0.4462962962962963 0.33645833333333336 0.4564814814814815 0.3375 0.46296296296296297 0.3380208333333333 0.49166666666666664 0.33541666666666664 0.4981481481481482 0.33125 0.4981481481481482 0.3296875 0.4925925925925926 0.3234375 0.34444444444444444 0.31979166666666664 0.33055555555555555 0.3229166666666667 0.32407407407407407 0.32864583333333336 0.32314814814814813
0 0.3927083333333333 0.6537037037037037 0.3953125 0.6620370370370371 0.39427083333333335 0.6694444444444444 0.3885416666666667 0.6851851851851852 0.3765625 0.7324074074074074 0.3614583333333333 0.774074074074074 0.3453125 0.837037037037037 0.34322916666666664 0.8592592592592593 0.33697916666666666 0.8722222222222222 0.3302083333333333 0.8712962962962963 0.325 0.8666666666666667 0.3229166666666667 0.8601851851851852 0.3234375 0.8453703703703703 0.3307291666666667 0.8324074074074074 0.33645833333333336 0.8148148148148148 0.37916666666666665 0.6601851851851852 0.38385416666666666 0.6527777777777778 0.3921875 0.6537037037037037
0 0.38958333333333334 0.412962962962963 0.39479166666666665 0.4166666666666667 0.3953125 0.42407407407407405 0.3828125 0.4305555555555556 0.375 0.4287037037037037 0.37447916666666664 0.4166666666666667 0.3802083333333333 0.412962962962963 0.3890625 0.412962962962963
2 0.35052083333333334 0.5648148148148148 0.353125 0.5833333333333334 0.35 0.5907407407407408 0.3463541666666667 0.5898148148148148 0.34427083333333336 0.5842592592592593 0.3453125 0.5685185185185185 0.35 0.5648148148148148
2 0.37395833333333334 0.4222222222222222 0.38229166666666664 0.4324074074074074 0.3807291666666667 0.44537037037037036 0.375 0.44722222222222224 0.371875 0.4388888888888889 0.37395833333333334 0.42314814814814816
2 0.390625 0.4287037037037037 0.3958333333333333 0.42592592592592593 0.39895833333333336 0.43333333333333335 0.39791666666666664 0.4444444444444444 0.3927083333333333 0.44722222222222224 0.38958333333333334 0.44074074074074077 0.390625 0.42962962962962964
2 0.39166666666666666 0.38981481481481484 0.39427083333333335 0.39537037037037037 0.39375 0.40555555555555556 0.39010416666666664 0.4064814814814815 0.3885416666666667 0.4 0.3890625 0.39166666666666666 0.39114583333333336 0.3907407407407407
2 0.3859375 0.34074074074074073 0.39010416666666664 0.3490740740740741 0.38958333333333334 0.3611111111111111 0.3854166666666667 0.3638888888888889 0.38229166666666664 0.36018518518518516 0.38177083333333334 0.35 0.3854166666666667 0.3416666666666667
2 0.40182291666666664 0.42453703703703705 0.0078125 0.017592592592592594
2 0.42083333333333334 0.6694444444444444 0.4276041666666667 0.6861111111111111 0.42864583333333334 0.7027777777777777 0.4265625 0.7129629629629629 0.41875 0.7222222222222222 0.41510416666666666 0.7212962962962963 0.4109375 0.7138888888888889 0.4083333333333333 0.7018518518518518 0.4083333333333333 0.687037037037037 0.41302083333333334 0.6712962962962963 0.4203125 0.6694444444444444
2 0.3848958333333333 0.3296296296296296 0.38645833333333335 0.3398148148148148 0.3828125 0.34444444444444444 0.3807291666666667 0.3416666666666667 0.3807291666666667 0.3351851851851852 0.384375 0.3296296296296296
2 0.42135416666666664 0.36203703703703705 0.4270833333333333 0.3675925925925926 0.43072916666666666 0.3814814814814815 0.42916666666666664 0.4027777777777778 0.4265625 0.4111111111111111 0.42135416666666664 0.41574074074074074 0.41822916666666665 0.40370370370370373 0.42291666666666666 0.3990740740740741 0.4239583333333333 0.38425925925925924 0.42083333333333334 0.3787037037037037 0.41770833333333335 0.3787037037037037 0.415625 0.38425925925925924 0.415625 0.39537037037037037 0.41302083333333334 0.3824074074074074 0.41458333333333336 0.36666666666666664 0.42083333333333334 0.36203703703703705
2 0.37161458333333336 0.48842592592592593 0.008854166666666666 0.019444444444444445
2 0.4161458333333333 0.5120370370370371 0.421875 0.5203703703703704 0.425 0.5333333333333333 0.4239583333333333 0.5527777777777778 0.41770833333333335 0.5648148148148148 0.4114583333333333 0.5638888888888889 0.40729166666666666 0.5574074074074075 0.4046875 0.5407407407407407 0.4078125 0.5175925925925926 0.415625 0.5120370370370371
2 0.35625 0.3111111111111111 0.3614583333333333 0.32222222222222224 0.3625 0.33611111111111114 0.35885416666666664 0.3537037037037037 0.3546875 0.35833333333333334 0.34739583333333335 0.35462962962962963 0.34479166666666666 0.3425925925925926 0.34479166666666666 0.3296296296296296 0.3494791666666667 0.31296296296296294 0.35572916666666665 0.3111111111111111
2 0.3958333333333333 0.1712962962962963 0.39947916666666666 0.18333333333333332 0.4005208333333333 0.20092592592592592 0.39739583333333334 0.21388888888888888 0.39166666666666666 0.2212962962962963 0.38697916666666665 0.2212962962962963 0.38385416666666666 0.2175925925925926 0.38125 0.19444444444444445 0.3859375 0.17314814814814813 0.38958333333333334 0.16944444444444445 0.3953125 0.1712962962962963
2 0.4119791666666667 0.462037037037037 0.41770833333333335 0.47129629629629627 0.4192708333333333 0.49722222222222223 0.4171875 0.5064814814814815 0.4109375 0.512962962962963 0.40625 0.512962962962963 0.40208333333333335 0.5083333333333333 0.39947916666666666 0.4962962962962963 0.39947916666666666 0.48148148148148145 0.4041666666666667 0.4648148148148148 0.4114583333333333 0.462037037037037
2 0.32135416666666666 0.22777777777777777 0.32447916666666665 0.23703703703703705 0.325 0.25277777777777777 0.3203125 0.26481481481481484 0.315625 0.2638888888888889 0.31354166666666666 0.2601851851851852 0.31197916666666664 0.2490740740740741 0.3145833333333333 0.23148148148148148 0.3171875 0.22777777777777777 0.32083333333333336 0.22777777777777777
2 0.425 0.5 0.4296875 0.5083333333333333 0.434375 0.5092592592592593 0.4348958333333333 0.5120370370370371 0.43333333333333335 0.525 0.4265625 0.5277777777777778 0.42291666666666666 0.5166666666666667 0.425 0.5009259259259259
2 0.346875 0.4425925925925926 0.35052083333333334 0.44166666666666665 0.3536458333333333 0.4462962962962963 0.3578125 0.4722222222222222 0.3541666666666667 0.4842592592592593 0.3489583333333333 0.4824074074074074 0.34479166666666666 0.46111111111111114 0.34479166666666666 0.45092592592592595 0.346875 0.44351851851851853
2 0.35104166666666664 0.5648148148148148 0.35572916666666665 0.5648148148148148 0.3578125 0.575 0.3567708333333333 0.5824074074074074 0.35260416666666666 0.587037037037037 0.35104166666666664 0.5657407407407408
2 0.4505208333333333 0.4935185185185185 0.4515625 0.5046296296296297 0.44947916666666665 0.5092592592592593 0.44479166666666664 0.5064814814814815 0.44427083333333334 0.49444444444444446 0.446875 0.49074074074074076 0.45 0.4935185185185185
2 0.3203125 0.5888888888888889 0.32447916666666665 0.5944444444444444 0.32760416666666664 0.6129629629629629 0.3260416666666667 0.6268518518518519 0.32135416666666666 0.6342592592592593 0.315625 0.6333333333333333 0.31145833333333334 0.6203703703703703 0.31302083333333336 0.5953703703703703 0.3171875 0.5888888888888889 0.31979166666666664 0.5888888888888889
2 0.4440104166666667 0.3888888888888889 0.013020833333333334 0.03333333333333333
1 0.2703125 0 0.28489583333333335 0 0.2828125 0.006481481481481481 0.2708333333333333 0
1 0.21927083333333333 0 0.2677083333333333 0 0.2791666666666667 0.006481481481481481 0.284375 0.011111111111111112 0.28489583333333335 0.03796296296296296 0.284375 0.05555555555555555 0.2791666666666667 0.058333333333333334 0.26510416666666664 0.049074074074074076 0.22708333333333333 0.03518518518518519 0.21927083333333333 0.028703703703703703 0.21927083333333333 0.000925925925925926