0 0.603125 0.3435185185185185 0.60625 0.3490740740740741 0.6041666666666666 0.40555555555555556 0.6072916666666667 0.5287037037037037 0.6026041666666667 0.5370370370370371 0.5984375 0.5361111111111111 0.5973958333333333 0.5296296296296297 0.5963541666666666 0.37407407407407406 0.5927083333333333 0.35185185185185186 0.5942708333333333 0.34444444444444444 0.6026041666666667 0.3435185185185185
0 0.6393229166666666 0.4527777777777778 0.016145833333333335 0.027777777777777776
0 0.6203125 0.25555555555555554 0.621875 0.2564814814814815 0.6208333333333333 0.2740740740740741 0.6223958333333334 0.28888888888888886 0.6197916666666666 0.2935185185185185 0.6161458333333333 0.2916666666666667 0.6083333333333333 0.26481481481481484 0.6119791666666666 0.2574074074074074 0.6197916666666666 0.25555555555555554
0 0.590625 0.2074074074074074 0.5921875 0.22037037037037038 0.5807291666666666 0.26296296296296295 0.5807291666666666 0.27870370370370373 0.5765625 0.287962962962963 0.5729166666666666 0.29074074074074074 0.5609375 0.28425925925925927 0.5567708333333333 0.26851851851851855 0.5682291666666667 0.24351851851851852 0.5760416666666667 0.21203703703703702 0.5828125 0.20277777777777778 0.5901041666666667 0.2074074074074074
0 0.628125 0.45092592592592595 0.6302083333333334 0.4527777777777778 0.6322916666666667 0.4666666666666667 0.6473958333333333 0.6046296296296296 0.6473958333333333 0.6194444444444445 0.6401041666666667 0.6314814814814815 0.6401041666666667 0.6407407407407407 0.6416666666666667 0.6435185185185185 0.6489583333333333 0.6416666666666667 0.6510416666666666 0.6444444444444445 0.65625 0.6888888888888889 0.6635416666666667 0.7 0.6635416666666667 0.7083333333333334 0.6604166666666667 0.7138888888888889 0.6546875 0.7194444444444444 0.6489583333333333 0.7203703703703703 0.64375 0.7194444444444444 0.6390625 0.7092592592592593 0.6390625 0.7 0.6427083333333333 0.6888888888888889 0.6421875 0.6805555555555556 0.6213541666666667 0.5287037037037037 0.6197916666666666 0.49074074074074076 0.6145833333333334 0.4685185185185185 0.6140625 0.4601851851851852 0.615625 0.45555555555555555 0.6276041666666666 0.45092592592592595
0 0.6041666666666666 0.5796296296296296 0.03125 0.18703703703703703
0 0.6515625 0.4842592592592593 0.6583333333333333 0.4925925925925926 0.6770833333333334 0.4935185185185185 0.6796875 0.49722222222222223 0.6802083333333333 0.5046296296296297 0.675 0.5111111111111111 0.6567708333333333 0.5111111111111111 0.6489583333333333 0.5175925925925926 0.6432291666666666 0.5111111111111111 0.6421875 0.4962962962962963 0.6453125 0.48703703703703705 0.6510416666666666 0.4842592592592593
0 0.6671875 0.5560185185185185 0.0125 0.03611111111111111
0 0.6817708333333333 0.5907407407407408 0.6869791666666667 0.600925925925926 0.6848958333333334 0.6101851851851852 0.6755208333333333 0.6148148148148148 0.6458333333333334 0.6435185185185185 0.6401041666666667 0.6398148148148148 0.640625 0.6314814814814815 0.6447916666666667 0.6240740740740741 0.6598958333333333 0.6101851851851852 0.6671875 0.6074074074074074 0.675 0.5944444444444444 0.68125 0.5907407407407408
2 0.6307291666666667 0.7074074074074074 0.6354166666666666 0.712037037037037 0.6375 0.7185185185185186 0.6375 0.7333333333333333 0.6338541666666667 0.7481481481481481 0.6276041666666666 0.7537037037037037 0.6234375 0.7490740740740741 0.6197916666666666 0.7305555555555555 0.6229166666666667 0.7129629629629629 0.6302083333333334 0.7074074074074074
2 0.625 0.6185185185185185 0.6276041666666666 0.6240740740740741 0.6276041666666666 0.6314814814814815 0.6239583333333333 0.637962962962963 0.6197916666666666 0.6333333333333333 0.6197916666666666 0.6231481481481481 0.621875 0.6185185185185185 0.6244791666666667 0.6185185185185185
2 0.6411458333333333 0.7935185185185185 0.6453125 0.7962962962962963 0.6489583333333333 0.8074074074074075 0.6494791666666667 0.8268518518518518 0.6473958333333333 0.8361111111111111 0.6411458333333333 0.8435185185185186 0.6354166666666666 0.8425925925925926 0.6328125 0.8361111111111111 0.6317708333333333 0.8138888888888889 0.6354166666666666 0.799074074074074 0.640625 0.7944444444444444
2 0.5622395833333333 0.487962962962963 0.0067708333333333336 0.016666666666666666
2 0.615625 0.4203703703703704 0.6177083333333333 0.4305555555555556 0.6140625 0.4361111111111111 0.6119791666666666 0.43425925925925923 0.6114583333333333 0.42407407407407405 0.6151041666666667 0.4203703703703704
2 0.5614583333333333 0.39166666666666666 0.5661458333333333 0.4046296296296296 0.565625 0.41759259259259257 0.5619791666666667 0.42314814814814816 0.5572916666666666 0.42314814814814816 0.5541666666666667 0.4148148148148148 0.5546875 0.39814814814814814 0.5572916666666666 0.3925925925925926 0.5609375 0.39166666666666666
2 0.6010416666666667 0.7962962962962963 0.603125 0.799074074074074 0.6041666666666666 0.812037037037037 0.5984375 0.8240740740740741 0.5932291666666667 0.8212962962962963 0.5921875 0.8111111111111111 0.5942708333333333 0.7981481481481482 0.6005208333333333 0.7962962962962963
2 0.5677083333333334 0.3296296296296296 0.5729166666666666 0.3416666666666667 0.575 0.36203703703703705 0.5723958333333333 0.375 0.5671875 0.38333333333333336 0.559375 0.38055555555555554 0.5552083333333333 0.36944444444444446 0.5536458333333333 0.3574074074074074 0.5541666666666667 0.3435185185185185 0.5572916666666666 0.3333333333333333 0.5609375 0.3287037037037037 0.5671875 0.3296296296296296
2 0.6098958333333333 0.3907407407407407 0.6125 0.39444444444444443 0.6119791666666666 0.40370370370370373 0.6098958333333333 0.4064814814814815 0.6067708333333334 0.40370370370370373 0.6067708333333334 0.39351851851851855 0.609375 0.39166666666666666
2 0.6182291666666667 0.3296296296296296 0.6203125 0.3416666666666667 0.6177083333333333 0.34629629629629627 0.6140625 0.34074074074074073 0.6151041666666667 0.3314814814814815 0.6177083333333333 0.3296296296296296
2 0.6791666666666667 0.6462962962962963 0.6822916666666666 0.65 0.6822916666666666 0.6611111111111111 0.6796875 0.6648148148148149 0.6765625 0.6638888888888889 0.675 0.6592592592592592 0.6755208333333333 0.65 0.6786458333333333 0.6462962962962963
2 0.6286458333333333 0.7583333333333333 0.6328125 0.7712962962962963 0.6328125 0.7898148148148149 0.6296875 0.8037037037037037 0.6229166666666667 0.8111111111111111 0.6182291666666667 0.8101851851851852 0.6161458333333333 0.8064814814814815 0.6140625 0.7962962962962963 0.6140625 0.7833333333333333 0.6177083333333333 0.7675925925925926 0.621875 0.7611111111111111 0.628125 0.7583333333333333
2 0.5994791666666667 0.7296296296296296 0.6005208333333333 0.7398148148148148 0.5979166666666667 0.7453703703703703 0.5942708333333333 0.7444444444444445 0.59375 0.7361111111111112 0.5953125 0.7305555555555555 0.5989583333333334 0.7296296296296296
2 0.6270833333333333 0.7537037037037037 0.6317708333333333 0.7518518518518519 0.6333333333333333 0.7555555555555555 0.6317708333333333 0.7694444444444445 0.6270833333333333 0.762962962962963 0.6270833333333333 0.7546296296296297
2 0.590625 0.7268518518518519 0.59375 0.7379629629629629 0.5927083333333333 0.7574074074074074 0.5838541666666667 0.7731481481481481 0.5796875 0.7731481481481481 0.5760416666666667 0.7685185185185185 0.5729166666666666 0.7444444444444445 0.575 0.737037037037037 0.5833333333333334 0.7351851851851852 0.5833333333333334 0.7398148148148148 0.5796875 0.7444444444444445 0.5791666666666667 0.7518518518518519 0.5817708333333333 0.7583333333333333 0.584375 0.7592592592592593 0.5885416666666666 0.7472222222222222 0.5880208333333333 0.7388888888888889 0.5848958333333333 0.7324074074074074 0.5901041666666667 0.7268518518518519
2 0.5817708333333333 0.6861111111111111 0.5885416666666666 0.6981481481481482 0.5895833333333333 0.7175925925925926 0.5885416666666666 0.7268518518518519 0.5776041666666667 0.7398148148148148 0.5755208333333334 0.7398148148148148 0.5692708333333333 0.725925925925926 0.5682291666666667 0.7055555555555556 0.5734375 0.6888888888888889 0.58125 0.6861111111111111
2 0.5864583333333333 0.36944444444444446 0.5911458333333334 0.38333333333333336 0.5916666666666667 0.3990740740740741 0.5885416666666666 0.41388888888888886 0.5838541666666667 0.41944444444444445 0.5786458333333333 0.41944444444444445 0.5729166666666666 0.4101851851851852 0.5703125 0.3990740740740741 0.5703125 0.3861111111111111 0.575 0.36944444444444446 0.5859375 0.36944444444444446
2 0.5578125 0.5157407407407407 0.5614583333333333 0.5314814814814814 0.5578125 0.5453703703703704 0.5505208333333333 0.5398148148148149 0.5494791666666666 0.5305555555555556 0.5526041666666667 0.5175925925925926 0.5572916666666666 0.5157407407407407
2 0.5484375 0.5287037037037037 0.5546875 0.5453703703703704 0.5588541666666667 0.5444444444444444 0.55625 0.5546296296296296 0.553125 0.5564814814814815 0.5489583333333333 0.5537037037037037 0.5458333333333333 0.5453703703703704 0.5484375 0.5296296296296297
2 0.609375 0.6925925925925925 0.6104166666666667 0.7 0.6135416666666667 0.6953703703703704 0.6125 0.687037037037037 0.609375 0.6916666666666667 0.609375 0.6925925925925925
2 0.6145833333333334 0.674074074074074 0.6177083333333333 0.6777777777777778 0.6197916666666666 0.687037037037037 0.6197916666666666 0.7027777777777777 0.6182291666666667 0.7064814814814815 0.6130208333333333 0.7138888888888889 0.6104166666666667 0.7138888888888889 0.6041666666666666 0.7027777777777777 0.6046875 0.6861111111111111 0.6088541666666667 0.6759259259259259 0.6140625 0.675
2 0.6171875 0.6694444444444444 0.6229166666666667 0.6842592592592592 0.6223958333333334 0.7 0.6177083333333333 0.7166666666666667 0.6114583333333333 0.7212962962962963 0.6078125 0.7175925925925926 0.60625 0.7083333333333334 0.6114583333333333 0.7138888888888889 0.6192708333333333 0.7027777777777777 0.6192708333333333 0.6842592592592592 0.6166666666666667 0.6768518518518518 0.6088541666666667 0.6768518518518518 0.6088541666666667 0.6712962962962963 0.6114583333333333 0.6685185185185185 0.6166666666666667 0.6694444444444444
1 0.7161458333333334 0 0.7322916666666667 0 0.7192708333333333 0.006481481481481481 0.7166666666666667 0.005555555555555556 0.7161458333333334 0.000925925925925926
1 0.7171875 0.009259259259259259 0.7276041666666667 0.006481481481481481 0.7354166666666667 0 0.7807291666666667 0 0.7807291666666667 0.030555555555555555 0.7791666666666667 0.032407407407407406 0.7588541666666667 0.04351851851851852 0.7390625 0.049074074074074076 0.7322916666666667 0.05555555555555555 0.7213541666666666 0.06018518518518518 0.7171875 0.06018518518518518 0.7161458333333334 0.053703703703703705 0.7171875 0.010185185185185186