0 0.3645833333333333 0.23981481481481481 0.3807291666666667 0.2740740740740741 0.3802083333333333 0.2814814814814815 0.37604166666666666 0.29259259259259257 0.36875 0.2861111111111111 0.36041666666666666 0.25462962962962965 0.35989583333333336 0.24722222222222223 0.3640625 0.23981481481481481
0 0.43645833333333334 0.649074074074074 0.4505208333333333 0.6851851851851852 0.46875 0.7222222222222222 0.4744791666666667 0.7407407407407407 0.5130208333333334 0.825 0.51875 0.8361111111111111 0.5234375 0.8379629629629629 0.5296875 0.8342592592592593 0.5375 0.8472222222222222 0.5385416666666667 0.8555555555555555 0.534375 0.8703703703703703 0.5229166666666667 0.8824074074074074 0.5151041666666667 0.8824074074074074 0.5114583333333333 0.8777777777777778 0.5088541666666667 0.8527777777777777 0.43645833333333334 0.6935185185185185 0.4239583333333333 0.6703703703703704 0.42239583333333336 0.6638888888888889 0.4234375 0.6592592592592592 0.4317708333333333 0.6481481481481481 0.4359375 0.649074074074074
0 0.4015625 0.5481481481481482 0.4083333333333333 0.5768518518518518 0.4083333333333333 0.5824074074074074 0.40572916666666664 0.587037037037037 0.4015625 0.5824074074074074 0.39791666666666664 0.5694444444444444 0.3932291666666667 0.5638888888888889 0.3953125 0.5527777777777778 0.4010416666666667 0.5481481481481482
0 0.3890625 0.7509259259259259 0.39114583333333336 0.7555555555555555 0.39114583333333336 0.7620370370370371 0.3890625 0.7648148148148148 0.37864583333333335 0.7694444444444445 0.37395833333333334 0.7685185185185185 0.371875 0.7648148148148148 0.371875 0.7583333333333333 0.37552083333333336 0.75 0.3734375 0.712037037037037 0.37604166666666666 0.7018518518518518 0.3807291666666667 0.7018518518518518 0.38333333333333336 0.7055555555555556 0.3859375 0.7435185185185185 0.3885416666666667 0.7509259259259259
0 0.3541666666666667 0.6611111111111111 0.36041666666666666 0.6666666666666666 0.37083333333333335 0.6675925925925926 0.3734375 0.674074074074074 0.3734375 0.6805555555555556 0.3692708333333333 0.6851851851851852 0.35833333333333334 0.6851851851851852 0.353125 0.6907407407407408 0.34479166666666666 0.687037037037037 0.3421875 0.6814814814814815 0.3421875 0.6722222222222223 0.346875 0.6601851851851852 0.3536458333333333 0.6611111111111111
0 0.4791666666666667 0.8361111111111111 0.4875 0.8444444444444444 0.490625 0.8592592592592593 0.4901041666666667 0.8712962962962963 0.48333333333333334 0.8870370370370371 0.4609375 0.8824074074074074 0.4427083333333333 0.8888888888888888 0.4390625 0.8888888888888888 0.43645833333333334 0.8824074074074074 0.43645833333333334 0.8703703703703703 0.4390625 0.8638888888888889 0.45989583333333334 0.8546296296296296 0.471875 0.8398148148148148 0.4786458333333333 0.8361111111111111
0 0.5557291666666667 0.6129629629629629 0.5619791666666667 0.6185185185185185 0.5635416666666667 0.6268518518518519 0.5572916666666666 0.6444444444444445 0.5484375 0.6564814814814814 0.5458333333333333 0.6564814814814814 0.54375 0.6518518518518519 0.546875 0.6212962962962963 0.5515625 0.6138888888888889 0.5552083333333333 0.6129629629629629
0 0.3255208333333333 0.6148148148148148 0.33697916666666666 0.6157407407407407 0.3380208333333333 0.6194444444444445 0.3359375 0.7 0.32916666666666666 0.700925925925926 0.3260416666666667 0.6944444444444444 0.3265625 0.6305555555555555 0.3223958333333333 0.6203703703703703 0.325 0.6157407407407407
0 0.3723958333333333 0.4675925925925926 0.029166666666666667 0.07777777777777778
0 0.5760416666666667 0.47129629629629627 0.5833333333333334 0.48148148148148145 0.5838541666666667 0.49074074074074076 0.5802083333333333 0.49722222222222223 0.5739583333333333 0.5 0.5671875 0.5083333333333333 0.5083333333333333 0.6138888888888889 0.5041666666666667 0.6138888888888889 0.5020833333333333 0.6074074074074074 0.50625 0.5953703703703703 0.5635416666666667 0.4925925925925926 0.5677083333333334 0.4777777777777778 0.5755208333333334 0.47129629629629627
0 0.5713541666666667 0.6833333333333333 0.5708333333333333 0.674074074074074 0.5770833333333333 0.662962962962963 0.58125 0.662962962962963 0.5942708333333333 0.6990740740740741 0.5921875 0.7055555555555556 0.5890625 0.7074074074074074 0.5776041666666667 0.687962962962963 0.571875 0.6833333333333333
0 0.36822916666666666 0.49444444444444446 0.375 0.5083333333333333 0.37135416666666665 0.5425925925925926 0.36822916666666666 0.612037037037037 0.3723958333333333 0.6324074074074074 0.3723958333333333 0.6407407407407407 0.3697916666666667 0.6481481481481481 0.36822916666666666 0.6509259259259259 0.3609375 0.6481481481481481 0.35833333333333334 0.6444444444444445 0.3578125 0.6388888888888888 0.36041666666666666 0.6268518518518519 0.3645833333333333 0.5203703703703704 0.36770833333333336 0.49537037037037035
0 0.48541666666666666 0.3592592592592593 0.4979166666666667 0.36666666666666664 0.5005208333333333 0.37407407407407406 0.49947916666666664 0.38425925925925924 0.49322916666666666 0.40185185185185185 0.48854166666666665 0.4537037037037037 0.4864583333333333 0.4601851851851852 0.475 0.4564814814814815 0.47239583333333335 0.45 0.4786458333333333 0.3907407407407407 0.47604166666666664 0.3768518518518518 0.4765625 0.36666666666666664 0.4791666666666667 0.36018518518518516 0.48489583333333336 0.3592592592592593
2 0.375 0.7759259259259259 0.3796875 0.7833333333333333 0.3828125 0.8009259259259259 0.38229166666666664 0.8166666666666667 0.3770833333333333 0.825 0.3734375 0.8240740740740741 0.3697916666666667 0.8185185185185185 0.36666666666666664 0.799074074074074 0.36875 0.7833333333333333 0.37447916666666664 0.7759259259259259
2 0.4859375 0.3509259259259259 0.48854166666666665 0.3592592592592593 0.4859375 0.3638888888888889 0.47708333333333336 0.3611111111111111 0.47760416666666666 0.35462962962962963 0.48020833333333335 0.3509259259259259 0.48541666666666666 0.3509259259259259
2 0.3671875 0.2796296296296296 0.3776041666666667 0.2962962962962963 0.3765625 0.3101851851851852 0.37135416666666665 0.32037037037037036 0.3645833333333333 0.3175925925925926 0.3614583333333333 0.30648148148148147 0.3625 0.28888888888888886 0.36666666666666664 0.2796296296296296
2 0.5895833333333333 0.2740740740740741 0.590625 0.2851851851851852 0.5869791666666667 0.29259259259259257 0.58125 0.28888888888888886 0.5807291666666666 0.28055555555555556 0.5838541666666667 0.27314814814814814 0.5890625 0.2740740740740741
2 0.4953125 0.26481481481481484 0.5020833333333333 0.2740740740740741 0.5041666666666667 0.29907407407407405 0.49947916666666664 0.31666666666666665 0.4942708333333333 0.32314814814814813 0.48802083333333335 0.32222222222222224 0.48333333333333334 0.3148148148148148 0.48125 0.29259259259259257 0.48541666666666666 0.27314814814814814 0.4890625 0.2675925925925926 0.4947916666666667 0.26481481481481484
2 0.44427083333333334 0.1675925925925926 0.44895833333333335 0.1712962962962963 0.45208333333333334 0.18333333333333332 0.45208333333333334 0.1935185185185185 0.44947916666666665 0.20555555555555555 0.44479166666666664 0.21296296296296297 0.4401041666666667 0.21296296296296297 0.4348958333333333 0.20277777777777778 0.4359375 0.17962962962962964 0.4401041666666667 0.16944444444444445 0.44375 0.1685185185185185
2 0.3645833333333333 0.6481481481481481 0.3697916666666667 0.6462962962962963 0.371875 0.625 0.375 0.6342592592592593 0.375 0.6481481481481481 0.3729166666666667 0.6574074074074074 0.36822916666666666 0.662962962962963 0.3645833333333333 0.6620370370370371 0.36041666666666666 0.6527777777777778 0.3609375 0.6472222222222223 0.3640625 0.6481481481481481
2 0.3265625 0.41574074074074074 0.3302083333333333 0.42685185185185187 0.3307291666666667 0.4425925925925926 0.32864583333333336 0.4537037037037037 0.3260416666666667 0.45740740740740743 0.3203125 0.45555555555555555 0.31666666666666665 0.44166666666666665 0.31875 0.4203703703703704 0.32135416666666666 0.41574074074074074 0.3260416666666667 0.41574074074074074
2 0.43854166666666666 0.6990740740740741 0.44166666666666665 0.7064814814814815 0.4395833333333333 0.7129629629629629 0.4401041666666667 0.7268518518518519 0.4421875 0.7305555555555555 0.4453125 0.7305555555555555 0.44947916666666665 0.7240740740740741 0.45260416666666664 0.7296296296296296 0.4505208333333333 0.7425925925925926 0.44635416666666666 0.7472222222222222 0.4390625 0.7435185185185185 0.43385416666666665 0.725925925925926 0.43385416666666665 0.7083333333333334 0.4359375 0.6981481481481482 0.43802083333333336 0.6990740740740741
2 0.3984375 0.5111111111111111 0.00625 0.016666666666666666
2 0.3859375 0.5055555555555555 0.3885416666666667 0.5083333333333333 0.39166666666666666 0.5194444444444445 0.39166666666666666 0.5351851851851852 0.3880208333333333 0.5453703703703704 0.38229166666666664 0.5425925925925926 0.37864583333333335 0.5305555555555556 0.3796875 0.5120370370370371 0.38177083333333334 0.5064814814814815 0.3854166666666667 0.5055555555555555
2 0.4192708333333333 0.5324074074074074 0.4244791666666667 0.5453703703703704 0.42291666666666666 0.5592592592592592 0.41822916666666665 0.562037037037037 0.4140625 0.5537037037037037 0.41458333333333336 0.5388888888888889 0.41875 0.5333333333333333
2 0.3307291666666667 0.5666666666666667 0.3338541666666667 0.5768518518518518 0.334375 0.5953703703703703 0.3333333333333333 0.6055555555555555 0.3296875 0.6101851851851852 0.3260416666666667 0.6092592592592593 0.3229166666666667 0.6037037037037037 0.3203125 0.5851851851851851 0.3229166666666667 0.5685185185185185 0.3255208333333333 0.5648148148148148 0.3302083333333333 0.5666666666666667
2 0.39375 0.6111111111111112 0.3984375 0.6203703703703703 0.3984375 0.6314814814814815 0.39375 0.6388888888888888 0.38958333333333334 0.6351851851851852 0.3880208333333333 0.6277777777777778 0.38958333333333334 0.6138888888888889 0.3932291666666667 0.6111111111111112
2 0.4015625 0.29814814814814816 0.40625 0.3055555555555556 0.40625 0.3175925925925926 0.4041666666666667 0.325 0.39895833333333336 0.32685185185185184 0.3958333333333333 0.3194444444444444 0.396875 0.30462962962962964 0.4010416666666667 0.29907407407407405
2 0.49166666666666664 0.42592592592592593 0.4953125 0.4324074074074074 0.49375 0.4444444444444444 0.4890625 0.44351851851851853 0.49114583333333334 0.42685185185185187
2 0.4234375 0.6222222222222222 0.4322916666666667 0.6314814814814815 0.43385416666666665 0.6462962962962963 0.42864583333333334 0.649074074074074 0.42552083333333335 0.6370370370370371 0.421875 0.6388888888888888 0.42083333333333334 0.6546296296296297 0.42291666666666666 0.6703703703703704 0.4197916666666667 0.6675925925925926 0.4166666666666667 0.6564814814814814 0.4171875 0.6314814814814815 0.42291666666666666 0.6222222222222222
2 0.4348958333333333 0.6351851851851852 0.43802083333333336 0.6425925925925926 0.43854166666666666 0.6509259259259259 0.4348958333333333 0.6472222222222223 0.434375 0.6361111111111111
1 0.22083333333333333 0 0.28229166666666666 0 0.3067708333333333 0.012037037037037037 0.31354166666666666 0.018518518518518517 0.31354166666666666 0.058333333333333334 0.31197916666666664 0.062037037037037036 0.3067708333333333 0.062037037037037036 0.2526041666666667 0.040740740740740744 0.23229166666666667 0.018518518518518517 0.221875 0.016666666666666666 0.22083333333333333 0.000925925925925926
1 0.28489583333333335 0 0.3140625 0 0.31302083333333336 0.012037037037037037 0.28541666666666665 0