0 0.5153645833333333 0.2490740740740741 0.04114583333333333 0.12222222222222222
0 0.5328125 0.32222222222222224 0.5828125 0.4074074074074074 0.5989583333333334 0.42685185185185187 0.5989583333333334 0.44074074074074077 0.5927083333333333 0.44907407407407407 0.5880208333333333 0.44907407407407407 0.5838541666666667 0.4351851851851852 0.5729166666666666 0.41388888888888886 0.5291666666666667 0.3416666666666667 0.5265625 0.325 0.5291666666666667 0.3212962962962963 0.5322916666666667 0.32222222222222224
0 0.48125 0.2712962962962963 0.48489583333333336 0.2824074074074074 0.48489583333333336 0.2916666666666667 0.48072916666666665 0.2962962962962963 0.47708333333333336 0.2935185185185185 0.4661458333333333 0.29444444444444445 0.4630208333333333 0.287962962962963 0.46458333333333335 0.2824074074074074 0.47604166666666664 0.27870370370370373 0.48072916666666665 0.2712962962962963
0 0.42135416666666664 0.30185185185185187 0.44427083333333334 0.3314814814814815 0.4322916666666667 0.34074074074074073 0.4140625 0.325 0.4125 0.3138888888888889 0.41458333333333336 0.30648148148148147 0.42083333333333334 0.30185185185185187
0 0.43385416666666665 0.21666666666666667 0.4401041666666667 0.21666666666666667 0.44479166666666664 0.23425925925925925 0.44479166666666664 0.24074074074074073 0.4427083333333333 0.24537037037037038 0.4354166666666667 0.2462962962962963 0.4328125 0.2351851851851852 0.43385416666666665 0.2175925925925926
0 0.40572916666666664 0.22592592592592592 0.4088541666666667 0.22962962962962963 0.4140625 0.25 0.41302083333333334 0.25833333333333336 0.4083333333333333 0.2574074074074074 0.4036458333333333 0.2518518518518518 0.3984375 0.23981481481481481 0.3984375 0.23055555555555557 0.4005208333333333 0.22685185185185186 0.40520833333333334 0.22592592592592592
0 0.5645833333333333 0.022222222222222223 0.56875 0.025 0.5713541666666667 0.03333333333333333 0.5703125 0.14722222222222223 0.5682291666666667 0.18611111111111112 0.5692708333333333 0.22777777777777777 0.5671875 0.2657407407407407 0.571875 0.3 0.56875 0.3101851851851852 0.5614583333333333 0.3148148148148148 0.55 0.3111111111111111 0.5479166666666667 0.28888888888888886 0.5520833333333334 0.27870370370370373 0.5526041666666667 0.25 0.5520833333333334 0.032407407407407406 0.5552083333333333 0.024074074074074074 0.5640625 0.022222222222222223
0 0.490625 0.37222222222222223 0.49635416666666665 0.375 0.5010416666666667 0.38981481481481484 0.4979166666666667 0.4074074074074074 0.496875 0.45555555555555555 0.49375 0.46296296296296297 0.48854166666666665 0.46574074074074073 0.48385416666666664 0.4638888888888889 0.48072916666666665 0.4564814814814815 0.4791666666666667 0.4111111111111111 0.47552083333333334 0.4009259259259259 0.4739583333333333 0.38796296296296295 0.4796875 0.375 0.4901041666666667 0.37222222222222223
0 0.4703125 0.17962962962962964 0.4739583333333333 0.18425925925925926 0.4744791666666667 0.19444444444444445 0.4708333333333333 0.21203703703703702 0.4708333333333333 0.24166666666666667 0.46770833333333334 0.24722222222222223 0.4630208333333333 0.2462962962962963 0.46145833333333336 0.24166666666666667 0.46041666666666664 0.20925925925925926 0.45625 0.20092592592592592 0.4557291666666667 0.19444444444444445 0.45989583333333334 0.18055555555555555 0.46979166666666666 0.17962962962962964
2 0.6270833333333333 0.31666666666666665 0.6296875 0.32037037037037036 0.628125 0.3277777777777778 0.6229166666666667 0.3277777777777778 0.6203125 0.32407407407407407 0.621875 0.3175925925925926 0.6265625 0.31666666666666665
2 0.55 0.24351851851851852 0.5520833333333334 0.24722222222222223 0.5515625 0.25555555555555554 0.5458333333333333 0.2574074074074074 0.5432291666666667 0.25462962962962965 0.5432291666666667 0.24722222222222223 0.5494791666666666 0.24444444444444444
2 0.3619791666666667 0.2833333333333333 0.3645833333333333 0.2898148148148148 0.36302083333333335 0.2962962962962963 0.36041666666666666 0.29814814814814816 0.35572916666666665 0.29814814814814816 0.35208333333333336 0.28888888888888886 0.35572916666666665 0.2833333333333333 0.3614583333333333 0.2833333333333333
2 0.5005208333333333 0.2962962962962963 0.5015625 0.2916666666666667 0.5078125 0.29074074074074074 0.5088541666666667 0.3 0.503125 0.30092592592592593 0.5010416666666667 0.2972222222222222
2 0.48385416666666664 0.30833333333333335 0.48854166666666665 0.3101851851851852 0.49114583333333334 0.3148148148148148 0.49114583333333334 0.33055555555555555 0.484375 0.337037037037037 0.4765625 0.337037037037037 0.46875 0.3277777777777778 0.46822916666666664 0.3212962962962963 0.4708333333333333 0.3138888888888889 0.48333333333333334 0.30925925925925923
2 0.4005208333333333 0.3296296296296296 0.40572916666666664 0.337037037037037 0.4046875 0.3453703703703704 0.4010416666666667 0.35 0.39375 0.35 0.3885416666666667 0.3416666666666667 0.390625 0.3333333333333333 0.4 0.3296296296296296
2 0.44635416666666666 0.3333333333333333 0.45260416666666664 0.3425925925925926 0.45416666666666666 0.35555555555555557 0.45260416666666664 0.36574074074074076 0.4432291666666667 0.3768518518518518 0.43697916666666664 0.3768518518518518 0.4317708333333333 0.37222222222222223 0.42864583333333334 0.3574074074074074 0.4354166666666667 0.337037037037037 0.44583333333333336 0.3333333333333333
2 0.6234375 0.3416666666666667 0.6296875 0.3453703703703704 0.634375 0.3527777777777778 0.6354166666666666 0.3685185185185185 0.6296875 0.3768518518518518 0.6229166666666667 0.3787037037037037 0.6104166666666667 0.37222222222222223 0.6057291666666667 0.362962962962963 0.6078125 0.34814814814814815 0.6130208333333333 0.3435185185185185 0.6229166666666667 0.3416666666666667
2 0.38697916666666665 0.17407407407407408 0.3885416666666667 0.17962962962962964 0.3848958333333333 0.18518518518518517 0.37916666666666665 0.18425925925925926 0.3776041666666667 0.17777777777777778 0.38125 0.17314814814814813 0.38645833333333335 0.17407407407407408
2 0.40208333333333335 0.2777777777777778 0.40520833333333334 0.28888888888888886 0.4046875 0.2953703703703704 0.3932291666666667 0.3074074074074074 0.3875 0.3074074074074074 0.378125 0.30092592592592593 0.37604166666666666 0.2935185185185185 0.3765625 0.2861111111111111 0.3796875 0.2796296296296296 0.38645833333333335 0.2740740740740741 0.39375 0.27314814814814814 0.4015625 0.2777777777777778
2 0.5901041666666667 0.21574074074074073 0.5973958333333333 0.22314814814814815 0.5994791666666667 0.2351851851851852 0.5973958333333333 0.24074074074074073 0.5895833333333333 0.24537037037037038 0.5796875 0.24444444444444444 0.571875 0.2324074074074074 0.5723958333333333 0.22314814814814815 0.5744791666666667 0.21944444444444444 0.5833333333333334 0.21481481481481482 0.5895833333333333 0.21574074074074073
2 0.36302083333333335 0.3351851851851852 0.37135416666666665 0.34074074074074073 0.37447916666666664 0.35555555555555557 0.3703125 0.36574074074074076 0.35989583333333336 0.37407407407407406 0.35260416666666666 0.37407407407407406 0.34791666666666665 0.37037037037037035 0.34322916666666664 0.3611111111111111 0.34322916666666664 0.3527777777777778 0.3484375 0.34074074074074073 0.3625 0.3351851851851852
2 0.5395833333333333 0.22962962962962963 0.5401041666666667 0.21944444444444444 0.5458333333333333 0.21574074074074073 0.5510416666666667 0.21851851851851853 0.5515625 0.23055555555555557 0.55 0.23333333333333334 0.5442708333333334 0.23333333333333334 0.5401041666666667 0.22962962962962963
2 0.3776041666666667 0.3476851851851852 0.011458333333333333 0.017592592592592594
2 0.64375 0.4203703703703704 0.646875 0.42592592592592593 0.6447916666666667 0.43333333333333335 0.6385416666666667 0.4324074074074074 0.6364583333333333 0.42777777777777776 0.6369791666666667 0.4222222222222222 0.6432291666666666 0.4203703703703704
2 0.4078125 0.287962962962963 0.4109375 0.29259259259259257 0.4078125 0.29814814814814816 0.4036458333333333 0.2962962962962963 0.4041666666666667 0.2898148148148148 0.40729166666666666 0.287962962962963
2 0.5098958333333333 0.37037037037037035 0.5130208333333334 0.37962962962962965 0.5125 0.387037037037037 0.5057291666666667 0.39166666666666666 0.5010416666666667 0.38981481481481484 0.49635416666666665 0.37222222222222223 0.5010416666666667 0.36944444444444446 0.509375 0.37037037037037035
2 0.43697916666666664 0.15925925925925927 0.4395833333333333 0.1648148148148148 0.43854166666666666 0.175 0.4296875 0.18333333333333332 0.4166666666666667 0.1787037037037037 0.41354166666666664 0.16944444444444445 0.41458333333333336 0.16296296296296298 0.4234375 0.15555555555555556 0.4322916666666667 0.15555555555555556 0.43645833333333334 0.15925925925925927
2 0.4234375 0.3972222222222222 0.42864583333333334 0.3925925925925926 0.4354166666666667 0.3925925925925926 0.4401041666666667 0.4009259259259259 0.4390625 0.4111111111111111 0.4354166666666667 0.4148148148148148 0.42916666666666664 0.4148148148148148 0.42239583333333336 0.4074074074074074 0.4234375 0.39814814814814814
2 0.5432291666666667 0.4888888888888889 0.5463541666666667 0.49444444444444446 0.5458333333333333 0.5009259259259259 0.5432291666666667 0.5037037037037037 0.5380208333333333 0.5027777777777778 0.5354166666666667 0.49722222222222223 0.5364583333333334 0.49074074074074076 0.5427083333333333 0.4888888888888889
2 0.5786458333333333 0.3398148148148148 0.5848958333333333 0.34814814814814815 0.5859375 0.3574074074074074 0.5822916666666667 0.36944444444444446 0.5765625 0.3731481481481482 0.5640625 0.37037037037037035 0.559375 0.36574074074074076 0.5557291666666667 0.35555555555555557 0.5583333333333333 0.3425925925925926 0.5630208333333333 0.33796296296296297 0.5734375 0.337037037037037 0.578125 0.3398148148148148
2 0.40260416666666665 0.41759259259259257 0.4078125 0.425 0.409375 0.4398148148148148 0.4046875 0.45092592592592595 0.3958333333333333 0.45740740740740743 0.38333333333333336 0.4546296296296296 0.378125 0.44537037037037036 0.3770833333333333 0.4351851851851852 0.37916666666666665 0.42685185185185187 0.38645833333333335 0.41759259259259257 0.40208333333333335 0.41759259259259257
1 0.975 0.44166666666666665 0.9869791666666666 0.4564814814814815 0.9921875 0.46944444444444444 0.9822916666666667 0.487962962962963 0.9958333333333333 0.5138888888888888 0.996875 0.5259259259259259 0.9953125 0.5333333333333333 0.9848958333333333 0.549074074074074 0.9739583333333334 0.575 0.9640625 0.6083333333333333 0.9552083333333333 0.6203703703703703 0.9453125 0.6185185185185185 0.9213541666666667 0.6 0.9119791666666667 0.575 0.9052083333333333 0.5444444444444444 0.9166666666666666 0.5231481481481481 0.9322916666666666 0.4722222222222222 0.9416666666666667 0.46574074074074073 0.9598958333333333 0.4703703703703704 0.9677083333333333 0.45925925925925926 0.9651041666666667 0.4425925925925926 0.9682291666666667 0.4388888888888889 0.9744791666666667 0.44166666666666665
1 0.9994791666666667 0.5277777777777778 0.9994791666666667 0.5953703703703703 0.990625 0.6018518518518519 0.9770833333333333 0.600925925925926 0.9703125 0.5953703703703703 0.9697916666666667 0.5916666666666667 0.9734375 0.5777777777777777 0.9864583333333333 0.5472222222222223 0.9989583333333333 0.5277777777777778
1 0.1734375 0 0.2046875 0 0.2109375 0.044444444444444446 0.2140625 0.05555555555555555 0.21458333333333332 0.075 0.22083333333333333 0.0962962962962963 0.22239583333333332 0.10925925925925926 0.22239583333333332 0.11574074074074074 0.2203125 0.11666666666666667 0.19635416666666666 0.1175925925925926 0.1921875 0.11481481481481481 0.1734375 0.000925925925925926
1 0.9765625 0.38333333333333336 0.9921875 0.387037037037037 0.9947916666666666 0.39166666666666666 0.99375 0.3972222222222222 0.9880208333333333 0.4027777777777778 0.9760416666666667 0.40555555555555556 0.9713541666666666 0.4111111111111111 0.9697916666666667 0.4222222222222222 0.9739583333333334 0.42685185185185187 0.9744791666666667 0.43425925925925923 0.9635416666666666 0.44166666666666665 0.965625 0.45740740740740743 0.9630208333333333 0.46296296296296297 0.9578125 0.4666666666666667 0.9411458333333333 0.4638888888888889 0.9328125 0.4703703703703704 0.9208333333333333 0.4981481481481482 0.91875 0.5120370370370371 0.9145833333333333 0.5231481481481481 0.9098958333333333 0.5222222222222223 0.9026041666666667 0.5111111111111111 0.9015625 0.5055555555555555 0.9041666666666667 0.4787037037037037 0.9114583333333334 0.45740740740740743 0.9192708333333334 0.44166666666666665 0.9359375 0.42962962962962964 0.9421875 0.4185185185185185 0.9489583333333333 0.412962962962963 0.9541666666666667 0.3990740740740741 0.95625 0.387037037037037 0.9588541666666667 0.38333333333333336 0.9760416666666667 0.38333333333333336
1 0.209375 0 0.23645833333333333 0 0.2515625 0.11203703703703703 0.24895833333333334 0.11574074074074074 0.22604166666666667 0.11574074074074074 0.22395833333333334 0.11203703703703703 0.22135416666666666 0.09166666666666666 0.215625 0.07407407407407407 0.21458333333333332 0.05462962962962963 0.21145833333333333 0.04259259259259259 0.209375 0.000925925925925926