0 0.49166666666666664 0.5555555555555556 0.49583333333333335 0.562037037037037 0.4973958333333333 0.5703703703703704 0.4953125 0.5842592592592593 0.49635416666666665 0.6101851851851852 0.49270833333333336 0.6138888888888889 0.4875 0.6138888888888889 0.4859375 0.6111111111111112 0.48333333333333334 0.5925925925925926 0.47760416666666666 0.5731481481481482 0.47760416666666666 0.5675925925925925 0.48072916666666665 0.5592592592592592 0.484375 0.5555555555555556 0.49114583333333334 0.5555555555555556
0 0.3765625 0.6935185185185185 0.3802083333333333 0.6953703703703704 0.3807291666666667 0.7027777777777777 0.36614583333333334 0.7185185185185186 0.3625 0.7175925925925926 0.3609375 0.7129629629629629 0.3609375 0.6990740740740741 0.37604166666666666 0.6944444444444444
0 0.30364583333333334 0.5472222222222223 0.309375 0.5564814814814815 0.3104166666666667 0.575 0.303125 0.5842592592592593 0.29270833333333335 0.5824074074074074 0.28020833333333334 0.5916666666666667 0.2765625 0.5916666666666667 0.27239583333333334 0.587037037037037 0.27291666666666664 0.575 0.29635416666666664 0.55 0.303125 0.5472222222222223
0 0.42604166666666665 0.7324074074074074 0.49322916666666666 0.775 0.5046875 0.7768518518518519 0.50625 0.7870370370370371 0.5052083333333334 0.7962962962962963 0.503125 0.7981481481481482 0.48385416666666664 0.7814814814814814 0.428125 0.75 0.42083333333333334 0.7416666666666667 0.42083333333333334 0.7342592592592593 0.42552083333333335 0.7324074074074074
0 0.48072916666666665 0.7861111111111111 0.4875 0.7861111111111111 0.5010416666666667 0.8 0.5130208333333334 0.8 0.5192708333333333 0.812037037037037 0.5171875 0.8231481481481482 0.5119791666666667 0.8268518518518518 0.49166666666666664 0.8175925925925925 0.48125 0.8185185185185185 0.47760416666666666 0.8092592592592592 0.48072916666666665 0.7870370370370371
0 0.3885416666666667 0.37777777777777777 0.39166666666666666 0.37962962962962965 0.39479166666666665 0.387037037037037 0.3963541666666667 0.3990740740740741 0.39479166666666665 0.4074074074074074 0.34010416666666665 0.43703703703703706 0.33697916666666666 0.44722222222222224 0.32864583333333336 0.4564814814814815 0.3234375 0.45555555555555555 0.3171875 0.44166666666666665 0.3140625 0.42314814814814816 0.3140625 0.41203703703703703 0.31614583333333335 0.4074074074074074 0.3229166666666667 0.40185185185185185 0.33697916666666666 0.40555555555555556 0.37916666666666665 0.37962962962962965 0.3880208333333333 0.37777777777777777
0 0.7489583333333333 0.41574074074074074 0.7541666666666667 0.4185185185185185 0.7572916666666667 0.42777777777777776 0.75625 0.4425925925925926 0.7510416666666667 0.44907407407407407 0.5744791666666667 0.47129629629629627 0.571875 0.4824074074074074 0.5682291666666667 0.48518518518518516 0.5625 0.4842592592592593 0.5604166666666667 0.4740740740740741 0.5598958333333334 0.4388888888888889 0.5635416666666667 0.43333333333333335 0.5708333333333333 0.4351851851851852 0.5734375 0.44166666666666665 0.578125 0.44166666666666665 0.7484375 0.41574074074074074
0 0.59375 0.5148148148148148 0.6 0.5222222222222223 0.603125 0.5324074074074074 0.6036458333333333 0.5416666666666666 0.6020833333333333 0.5472222222222223 0.5994791666666667 0.5509259259259259 0.5895833333333333 0.5537037037037037 0.5572916666666666 0.5916666666666667 0.5510416666666667 0.5814814814814815 0.5552083333333333 0.5666666666666667 0.5786458333333333 0.537962962962963 0.5885416666666666 0.5166666666666667 0.5932291666666667 0.5148148148148148
0 0.4276041666666667 0.8148148148148148 0.4828125 0.8333333333333334 0.5083333333333333 0.8361111111111111 0.509375 0.8472222222222222 0.50625 0.8537037037037037 0.4765625 0.8416666666666667 0.42604166666666665 0.8277777777777777 0.4234375 0.825 0.42239583333333336 0.8175925925925925 0.4270833333333333 0.8148148148148148
0 0.6166666666666667 0.7694444444444445 0.628125 0.7787037037037037 0.6375 0.7805555555555556 0.6421875 0.7870370370370371 0.64375 0.7925925925925926 0.6427083333333333 0.8055555555555556 0.6359375 0.8175925925925925 0.6302083333333334 0.8148148148148148 0.6255208333333333 0.8037037037037037 0.6015625 0.7833333333333333 0.6010416666666667 0.7722222222222223 0.6036458333333333 0.7648148148148148 0.6088541666666667 0.7638888888888888 0.6161458333333333 0.7694444444444445
0 0.48125 0.4824074074074074 0.4869791666666667 0.49166666666666664 0.4875 0.5074074074074074 0.484375 0.5120370370370371 0.47604166666666664 0.5120370370370371 0.45625 0.5268518518518519 0.4515625 0.525 0.4505208333333333 0.512962962962963 0.48072916666666665 0.4824074074074074
0 0.5307291666666667 0.4287037037037037 0.5411458333333333 0.46111111111111114 0.5385416666666667 0.47129629629629627 0.5328125 0.475 0.5270833333333333 0.4666666666666667 0.525 0.44166666666666665 0.5255208333333333 0.43148148148148147 0.5302083333333333 0.4287037037037037
0 0.33541666666666664 0.6675925925925926 0.3390625 0.6712962962962963 0.3489583333333333 0.6731481481481482 0.35052083333333334 0.6796296296296296 0.346875 0.6833333333333333 0.3375 0.6824074074074075 0.3328125 0.6851851851851852 0.32916666666666666 0.6814814814814815 0.32916666666666666 0.6712962962962963 0.3307291666666667 0.6666666666666666 0.33489583333333334 0.6675925925925926
2 0.5270833333333333 0.5944444444444444 0.5296875 0.5972222222222222 0.5296875 0.6027777777777777 0.5270833333333333 0.6064814814814815 0.5208333333333334 0.6027777777777777 0.5223958333333333 0.5953703703703703 0.5265625 0.5944444444444444
2 0.5479166666666667 0.6111111111111112 0.55 0.6138888888888889 0.5505208333333333 0.6203703703703703 0.546875 0.6268518518518519 0.5411458333333333 0.6259259259259259 0.5390625 0.6175925925925926 0.5411458333333333 0.612037037037037 0.5473958333333333 0.6111111111111112
2 0.5291666666666667 0.6907407407407408 0.5375 0.6990740740740741 0.5375 0.7074074074074074 0.5328125 0.7166666666666667 0.5244791666666667 0.7203703703703703 0.5140625 0.7166666666666667 0.5114583333333333 0.7101851851851851 0.5109375 0.700925925925926 0.51875 0.6907407407407408 0.5286458333333334 0.6907407407407408
2 0.565625 0.7666666666666667 0.56875 0.7694444444444445 0.5692708333333333 0.775 0.5640625 0.7796296296296297 0.5604166666666667 0.7787037037037037 0.5588541666666667 0.7703703703703704 0.5651041666666666 0.7666666666666667
2 0.5380208333333333 0.6314814814814815 0.5385416666666667 0.637962962962963 0.5364583333333334 0.6425925925925926 0.5307291666666667 0.6416666666666667 0.5296875 0.6333333333333333 0.5338541666666666 0.6296296296296297 0.5375 0.6314814814814815
2 0.315625 0.4425925925925926 0.3229166666666667 0.45555555555555555 0.33125 0.4564814814814815 0.33229166666666665 0.46296296296296297 0.33177083333333335 0.4722222222222222 0.32760416666666664 0.48148148148148145 0.3171875 0.48703703703703705 0.30625 0.4824074074074074 0.3 0.4722222222222222 0.29739583333333336 0.46111111111111114 0.2984375 0.4527777777777778 0.303125 0.4444444444444444 0.3078125 0.44166666666666665 0.3151041666666667 0.4425925925925926
2 0.4734375 0.5648148148148148 0.47708333333333336 0.5703703703703704 0.47760416666666666 0.5805555555555556 0.47239583333333335 0.5861111111111111 0.4640625 0.5842592592592593 0.46145833333333336 0.5740740740740741 0.465625 0.5657407407407408 0.47291666666666665 0.5648148148148148
2 0.5364583333333334 0.6425925925925926 0.5385416666666667 0.65 0.5354166666666667 0.6546296296296297 0.5302083333333333 0.6546296296296297 0.5270833333333333 0.65 0.5296875 0.6416666666666667 0.5359375 0.6425925925925926
2 0.4119791666666667 0.6212962962962963 0.41875 0.6296296296296297 0.41875 0.6398148148148148 0.4161458333333333 0.6453703703703704 0.4088541666666667 0.65 0.4036458333333333 0.649074074074074 0.3984375 0.6435185185185185 0.3958333333333333 0.6361111111111111 0.3958333333333333 0.6296296296296297 0.4010416666666667 0.6212962962962963 0.4114583333333333 0.6212962962962963
2 0.5614583333333333 0.6685185185185185 0.565625 0.675 0.565625 0.6842592592592592 0.5609375 0.6935185185185185 0.5536458333333333 0.6981481481481482 0.5401041666666667 0.6925925925925925 0.5390625 0.675 0.5484375 0.6657407407407407 0.5609375 0.6685185185185185
2 0.5958333333333333 0.6268518518518519 0.6005208333333333 0.6361111111111111 0.5989583333333334 0.6472222222222223 0.5932291666666667 0.6546296296296297 0.5869791666666667 0.6574074074074074 0.5802083333333333 0.6574074074074074 0.575 0.6537037037037037 0.5729166666666666 0.65 0.571875 0.6370370370370371 0.5755208333333334 0.6296296296296297 0.5828125 0.6240740740740741 0.5953125 0.6268518518518519
2 0.4703125 0.6175925925925926 0.475 0.6194444444444445 0.47552083333333334 0.6268518518518519 0.4739583333333333 0.6296296296296297 0.46822916666666664 0.6287037037037037 0.4661458333333333 0.6222222222222222 0.46979166666666666 0.6185185185185185
2 0.51875 0.6268518518518519 0.5234375 0.6296296296296297 0.5270833333333333 0.6361111111111111 0.5255208333333333 0.6462962962962963 0.51875 0.6527777777777778 0.5088541666666667 0.6518518518518519 0.5041666666666667 0.6425925925925926 0.5041666666666667 0.6361111111111111 0.5078125 0.6287037037037037 0.5182291666666666 0.6268518518518519
2 0.4505208333333333 0.6083333333333333 0.46041666666666664 0.6157407407407407 0.46197916666666666 0.6305555555555555 0.45625 0.6416666666666667 0.44583333333333336 0.6444444444444445 0.434375 0.6342592592592593 0.4328125 0.6222222222222222 0.4390625 0.6101851851851852 0.45 0.6083333333333333
2 0.44583333333333336 0.39166666666666666 0.44947916666666665 0.3972222222222222 0.4505208333333333 0.4074074074074074 0.4479166666666667 0.41388888888888886 0.4427083333333333 0.41759259259259257 0.4354166666666667 0.4148148148148148 0.4322916666666667 0.40925925925925927 0.4317708333333333 0.4009259259259259 0.4348958333333333 0.39166666666666666 0.4453125 0.39166666666666666
2 0.4703125 0.7175925925925926 0.478125 0.7231481481481481 0.48020833333333335 0.7305555555555555 0.4765625 0.7425925925925926 0.4703125 0.7462962962962963 0.46041666666666664 0.7425925925925926 0.45625 0.7305555555555555 0.45989583333333334 0.7212962962962963 0.46979166666666666 0.7175925925925926
2 0.4166666666666667 0.5833333333333334 0.42135416666666664 0.5861111111111111 0.4239583333333333 0.5935185185185186 0.42291666666666666 0.6 0.41875 0.6046296296296296 0.4114583333333333 0.6037037037037037 0.40729166666666666 0.5962962962962963 0.4088541666666667 0.5851851851851851 0.4161458333333333 0.5833333333333334
2 0.5520833333333334 0.5953703703703703 0.5526041666666667 0.6046296296296296 0.5484375 0.6074074074074074 0.5447916666666667 0.6055555555555555 0.5442708333333334 0.5981481481481481 0.5463541666666667 0.5944444444444444 0.5515625 0.5953703703703703
2 0.43333333333333335 0.6324074074074074 0.44114583333333335 0.6435185185185185 0.4421875 0.65 0.43854166666666666 0.6601851851851852 0.4296875 0.6657407407407407 0.41822916666666665 0.6611111111111111 0.41354166666666664 0.65 0.4203125 0.6324074074074074 0.4328125 0.6324074074074074
2 0.40260416666666665 0.7129629629629629 0.4083333333333333 0.7166666666666667 0.4119791666666667 0.725925925925926 0.4088541666666667 0.737037037037037 0.403125 0.7407407407407407 0.39166666666666666 0.7379629629629629 0.3859375 0.7268518518518519 0.38645833333333335 0.7185185185185186 0.39010416666666664 0.7138888888888889 0.40208333333333335 0.7129629629629629
1 0.04375 0.3388888888888889 0.06770833333333333 0.35555555555555557 0.07708333333333334 0.36574074074074076 0.0921875 0.387037037037037 0.09322916666666667 0.3972222222222222 0.0890625 0.4111111111111111 0.07604166666666666 0.4361111111111111 0.07239583333333334 0.45925925925925926 0.065625 0.4722222222222222 0.0625 0.48333333333333334 0.0546875 0.49166666666666664 0.03229166666666667 0.4888888888888889 0.026041666666666668 0.5009259259259259 0.026041666666666668 0.5055555555555555 0.030729166666666665 0.5175925925925926 0.026041666666666668 0.5222222222222223 0.015104166666666667 0.512962962962963 0.003125 0.4935185185185185 0.003125 0.4842592592592593 0.0125 0.4703703703703704 0 0.4527777777777778 0 0.41944444444444445 0.0125 0.4027777777777778 0.030729166666666665 0.3453703703703704 0.03697916666666667 0.33796296296296297 0.043229166666666666 0.3388888888888889
1 0.009375 0.3574074074074074 0.022395833333333334 0.3611111111111111 0.022916666666666665 0.36666666666666664 0.0125 0.4009259259259259 0.0015625 0.4166666666666667 0 0.4166666666666667 0 0.36018518518518516 0.008854166666666666 0.3574074074074074
1 0.08125 0.43333333333333335 0.09166666666666666 0.45 0.090625 0.4759259259259259 0.08333333333333333 0.5009259259259259 0.07395833333333333 0.5166666666666667 0.059375 0.5277777777777778 0.05364583333333333 0.5398148148148149 0.04739583333333333 0.5435185185185185 0.03958333333333333 0.5685185185185185 0.034895833333333334 0.575 0.019791666666666666 0.575925925925926 0 0.5694444444444444 0 0.5611111111111111 0.018229166666666668 0.5518518518518518 0.023958333333333335 0.5435185185185185 0.026041666666666668 0.5361111111111111 0.020833333333333332 0.5324074074074074 0.0203125 0.5277777777777778 0.021875 0.5222222222222223 0.029166666666666667 0.5231481481481481 0.03125 0.5203703703703704 0.03177083333333333 0.5148148148148148 0.028125 0.5046296296296297 0.030208333333333334 0.49722222222222223 0.034895833333333334 0.4925925925925926 0.05416666666666667 0.4935185185185185 0.0609375 0.487962962962963 0.075 0.45925925925925926 0.0765625 0.4398148148148148 0.08072916666666667 0.43425925925925923
1 0.76875 0.8305555555555556 0.7739583333333333 0.8407407407407408 0.784375 0.9074074074074074 0.7854166666666667 0.9324074074074075 0.7833333333333333 0.9629629629629629 0.7864583333333334 0.9824074074074074 0.7859375 0.9935185185185185 0.7833333333333333 0.9962962962962963 0.7729166666666667 0.9962962962962963 0.7713541666666667 0.9935185185185185 0.7703125 0.9777777777777777 0.765625 0.9666666666666667 0.7567708333333333 0.9296296296296296 0.7536458333333333 0.9111111111111111 0.753125 0.8916666666666667 0.7473958333333334 0.8592592592592593 0.7463541666666667 0.8388888888888889 0.7479166666666667 0.8314814814814815 0.7682291666666666 0.8314814814814815
1 0.7989583333333333 0.8287037037037037 0.8036458333333333 0.8314814814814815 0.8109375 0.8824074074074074 0.8234375 0.9490740740740741 0.8192708333333333 0.9611111111111111 0.8197916666666667 0.9805555555555555 0.8125 0.9861111111111112 0.8067708333333333 0.9842592592592593 0.8026041666666667 0.9703703703703703 0.7921875 0.9527777777777777 0.7817708333333333 0.8916666666666667 0.778125 0.8453703703703703 0.775 0.8379629629629629 0.7760416666666666 0.8314814814814815 0.7984375 0.8287037037037037