0 0.4114583333333333 0.7444444444444445 0.41354166666666664 0.7472222222222222 0.41354166666666664 0.7518518518518519 0.4088541666666667 0.7759259259259259 0.40625 0.7805555555555556 0.4036458333333333 0.7805555555555556 0.3984375 0.775 0.39791666666666664 0.7675925925925926 0.4078125 0.7462962962962963 0.4109375 0.7453703703703703
0 0.5104166666666666 0.1361111111111111 0.5145833333333333 0.14722222222222223 0.5265625 0.1648148148148148 0.5375 0.17777777777777778 0.5567708333333333 0.1935185185185185 0.5864583333333333 0.22685185185185186 0.5895833333333333 0.23425925925925925 0.5890625 0.24351851851851852 0.5869791666666667 0.24722222222222223 0.5796875 0.24351851851851852 0.5177083333333333 0.1712962962962963 0.5015625 0.15833333333333333 0.5 0.1527777777777778 0.5015625 0.14074074074074075 0.5057291666666667 0.13518518518518519 0.5098958333333333 0.1361111111111111
0 0.440625 0.09907407407407408 0.44947916666666665 0.11574074074074074 0.46875 0.13703703703703704 0.4708333333333333 0.15092592592592594 0.46510416666666665 0.16111111111111112 0.4557291666666667 0.1574074074074074 0.4390625 0.1398148148148148 0.43333333333333335 0.14074074074074075 0.4265625 0.13148148148148148 0.425 0.11944444444444445 0.428125 0.10462962962962963 0.43385416666666665 0.09907407407407408 0.4401041666666667 0.09907407407407408
0 0.5307291666666667 0.7222222222222222 0.5328125 0.7333333333333333 0.5286458333333334 0.7453703703703703 0.5010416666666667 0.7824074074074074 0.490625 0.7898148148148149 0.46979166666666666 0.8185185185185185 0.4640625 0.8361111111111111 0.46041666666666664 0.837037037037037 0.45677083333333335 0.8351851851851851 0.4546875 0.8296296296296296 0.45416666666666666 0.8185185185185185 0.45677083333333335 0.812037037037037 0.46197916666666666 0.8101851851851852 0.46927083333333336 0.8018518518518518 0.5166666666666667 0.7351851851851852 0.5255208333333333 0.7240740740740741 0.5302083333333333 0.7222222222222222
0 0.35104166666666664 0.7231481481481481 0.3541666666666667 0.7305555555555555 0.3536458333333333 0.737037037037037 0.334375 0.7648148148148148 0.32760416666666664 0.7601851851851852 0.3255208333333333 0.7435185185185185 0.33229166666666665 0.7333333333333333 0.35052083333333334 0.7231481481481481
0 0.4625 0.7435185185185185 0.4635416666666667 0.7527777777777778 0.459375 0.7814814814814814 0.45677083333333335 0.7851851851851852 0.4510416666666667 0.7833333333333333 0.4473958333333333 0.7722222222222223 0.45208333333333334 0.762962962962963 0.45625 0.7472222222222222 0.4583333333333333 0.7435185185185185 0.46197916666666666 0.7435185185185185
0 0.42291666666666666 0.18611111111111112 0.4265625 0.19907407407407407 0.4234375 0.20925925925925926 0.39739583333333334 0.22962962962962963 0.3921875 0.24074074074074073 0.38385416666666666 0.24814814814814815 0.3770833333333333 0.24537037037037038 0.3723958333333333 0.23703703703703705 0.37083333333333335 0.22685185185185186 0.3723958333333333 0.2111111111111111 0.38229166666666664 0.2037037037037037 0.3875 0.2064814814814815 0.3921875 0.20462962962962963 0.3984375 0.1962962962962963 0.41302083333333334 0.18611111111111112 0.42239583333333336 0.18611111111111112
0 0.3109375 0.09537037037037037 0.31614583333333335 0.09722222222222222 0.321875 0.10740740740740741 0.321875 0.11388888888888889 0.3182291666666667 0.12129629629629629 0.3171875 0.13148148148148148 0.3125 0.33796296296296297 0.3109375 0.3425925925925926 0.3020833333333333 0.3416666666666667 0.2994791666666667 0.337037037037037 0.2989583333333333 0.3296296296296296 0.30520833333333336 0.12037037037037036 0.3 0.10925925925925926 0.3 0.10092592592592593 0.3104166666666667 0.09537037037037037
0 0.5151041666666667 0.49722222222222223 0.51875 0.5 0.5223958333333333 0.5083333333333333 0.5239583333333333 0.5166666666666667 0.5229166666666667 0.5305555555555556 0.515625 0.5398148148148149 0.5041666666666667 0.5407407407407407 0.4869791666666667 0.5546296296296296 0.4828125 0.5546296296296296 0.4786458333333333 0.55 0.4765625 0.5425925925925926 0.47708333333333336 0.5324074074074074 0.4984375 0.512962962962963 0.5072916666666667 0.5 0.5145833333333333 0.49722222222222223
0 0.28020833333333334 0.4462962962962963 0.2859375 0.4537037037037037 0.2947916666666667 0.48055555555555557 0.2942708333333333 0.4898148148148148 0.290625 0.4935185185185185 0.2869791666666667 0.49166666666666664 0.278125 0.47314814814814815 0.2703125 0.4638888888888889 0.2708333333333333 0.4546296296296296 0.27395833333333336 0.44907407407407407 0.2796875 0.4462962962962963
0 0.32760416666666664 0.3472222222222222 0.3302083333333333 0.3527777777777778 0.3302083333333333 0.36203703703703705 0.3265625 0.36666666666666664 0.32135416666666666 0.36574074074074076 0.31666666666666665 0.35648148148148145 0.31614583333333335 0.3490740740740741 0.32708333333333334 0.3472222222222222
0 0.3567708333333333 0.22777777777777777 0.365625 0.2361111111111111 0.36666666666666664 0.24444444444444444 0.3609375 0.2537037037037037 0.3489583333333333 0.3111111111111111 0.3463541666666667 0.3148148148148148 0.3385416666666667 0.3101851851851852 0.3380208333333333 0.29907407407407405 0.3484375 0.25 0.34739583333333335 0.23333333333333334 0.3489583333333333 0.22870370370370371 0.35625 0.22777777777777777
0 0.390625 0.7018518518518518 0.3927083333333333 0.7055555555555556 0.4010416666666667 0.7546296296296297 0.39947916666666666 0.7601851851851852 0.39114583333333336 0.7648148148148148 0.3880208333333333 0.762962962962963 0.3880208333333333 0.7416666666666667 0.384375 0.7148148148148148 0.384375 0.7064814814814815 0.39010416666666664 0.7018518518518518
1 0.31197916666666664 0.987037037037037 0.3140625 0.9916666666666667 0.3140625 0.9990740740740741 0.2838541666666667 0.9990740740740741 0.31145833333333334 0.987037037037037
1 0.31197916666666664 0.937962962962963 0.31354166666666666 0.9407407407407408 0.31302083333333336 0.9805555555555555 0.3072916666666667 0.987037037037037 0.28177083333333336 0.9990740740740741 0.22083333333333333 0.9990740740740741 0.22083333333333333 0.9851851851851852 0.23177083333333334 0.9805555555555555 0.25729166666666664 0.9564814814814815 0.29322916666666665 0.9444444444444444 0.30572916666666666 0.9361111111111111 0.31145833333333334 0.937962962962963
2 0.40989583333333335 0.15833333333333333 0.41302083333333334 0.1648148148148148 0.4140625 0.18055555555555555 0.4114583333333333 0.18703703703703703 0.40520833333333334 0.19166666666666668 0.4010416666666667 0.18981481481481483 0.4005208333333333 0.1675925925925926 0.4036458333333333 0.16018518518518518 0.409375 0.15833333333333333
2 0.3177083333333333 0.45 0.3203125 0.45740740740740743 0.31979166666666664 0.46944444444444444 0.3177083333333333 0.4740740740740741 0.3145833333333333 0.47314814814814815 0.31197916666666664 0.4638888888888889 0.31302083333333336 0.4527777777777778 0.3171875 0.45
2 0.3265625 0.48518518518518516 0.009375 0.025925925925925925
2 0.4661458333333333 0.4564814814814815 0.4708333333333333 0.4648148148148148 0.47291666666666665 0.4787037037037037 0.4703125 0.49444444444444446 0.4671875 0.5009259259259259 0.4625 0.5037037037037037 0.4588541666666667 0.5027777777777778 0.45416666666666666 0.4962962962962963 0.4515625 0.4842592592592593 0.4515625 0.4740740740740741 0.45729166666666665 0.4583333333333333 0.465625 0.4564814814814815
2 0.48385416666666664 0.2638888888888889 0.4864583333333333 0.26666666666666666 0.4875 0.27685185185185185 0.4859375 0.28425925925925927 0.4822916666666667 0.28888888888888886 0.47760416666666666 0.28425925925925927 0.47708333333333336 0.2722222222222222 0.48020833333333335 0.26481481481481484 0.48333333333333334 0.2638888888888889
2 0.34479166666666666 0.6592592592592592 0.346875 0.6657407407407407 0.346875 0.6768518518518518 0.34427083333333336 0.6824074074074075 0.340625 0.6814814814814815 0.3380208333333333 0.6712962962962963 0.3385416666666667 0.662962962962963 0.3411458333333333 0.6583333333333333 0.34427083333333336 0.6592592592592592
2 0.35 0.5314814814814814 0.005208333333333333 0.014814814814814815
2 0.3328125 0.6259259259259259 0.33541666666666664 0.637962962962963 0.33541666666666664 0.6527777777777778 0.3333333333333333 0.6620370370370371 0.3296875 0.6666666666666666 0.3229166666666667 0.6592592592592592 0.32083333333333336 0.649074074074074 0.32083333333333336 0.6351851851851852 0.3223958333333333 0.6268518518518519 0.3260416666666667 0.6222222222222222 0.3296875 0.6222222222222222 0.33229166666666665 0.6259259259259259
2 0.41510416666666666 0.3111111111111111 0.42083333333333334 0.32407407407407407 0.42135416666666664 0.34074074074074073 0.41770833333333335 0.35555555555555557 0.4119791666666667 0.36203703703703705 0.4078125 0.36018518518518516 0.4041666666666667 0.3537037037037037 0.40260416666666665 0.3296296296296296 0.4078125 0.3138888888888889 0.41458333333333336 0.3111111111111111
2 0.4 0.562037037037037 0.4041666666666667 0.5657407407407408 0.40677083333333336 0.5768518518518518 0.40625 0.5935185185185186 0.4015625 0.6027777777777777 0.3958333333333333 0.6 0.3921875 0.5824074074074074 0.39375 0.5666666666666667 0.39947916666666666 0.562037037037037
2 0.3723958333333333 0.5472222222222223 0.37604166666666666 0.5583333333333333 0.3770833333333333 0.5731481481481482 0.375 0.5861111111111111 0.3703125 0.5935185185185186 0.36614583333333334 0.5925925925925926 0.3619791666666667 0.5851851851851851 0.35989583333333336 0.5583333333333333 0.3645833333333333 0.5481481481481482 0.36822916666666666 0.5453703703703704 0.371875 0.5472222222222223
2 0.45677083333333335 0.5935185185185186 0.4630208333333333 0.6074074074074074 0.4635416666666667 0.6277777777777778 0.4609375 0.6398148148148148 0.4557291666666667 0.6453703703703704 0.45 0.6444444444444445 0.44635416666666666 0.637962962962963 0.4427083333333333 0.6212962962962963 0.4427083333333333 0.6092592592592593 0.4479166666666667 0.5953703703703703 0.4510416666666667 0.5925925925925926 0.45625 0.5935185185185186
2 0.35 0.537962962962963 0.3546875 0.5462962962962963 0.35625 0.5564814814814815 0.35625 0.5703703703703704 0.353125 0.5814814814814815 0.35 0.5851851851851851 0.34427083333333336 0.5805555555555556 0.340625 0.5657407407407408 0.3421875 0.5453703703703704 0.3453125 0.5398148148148149 0.3494791666666667 0.537962962962963
2 0.4671875 0.19444444444444445 0.471875 0.20462962962962963 0.471875 0.2212962962962963 0.46822916666666664 0.23796296296296296 0.4630208333333333 0.2462962962962963 0.4578125 0.2462962962962963 0.45364583333333336 0.24074074074074073 0.4505208333333333 0.2212962962962963 0.453125 0.2064814814814815 0.4583333333333333 0.19537037037037036 0.4666666666666667 0.19444444444444445
2 0.3770833333333333 0.35462962962962963 0.37864583333333335 0.36574074074074076 0.3765625 0.36944444444444446 0.37395833333333334 0.3685185185185185 0.3729166666666667 0.362962962962963 0.37395833333333334 0.35648148148148145 0.3765625 0.35462962962962963
2 0.4015625 0.42083333333333334 0.00625 0.01574074074074074
2 0.40208333333333335 0.12222222222222222 0.40572916666666664 0.13055555555555556 0.40572916666666664 0.15092592592592594 0.4041666666666667 0.16018518518518518 0.39739583333333334 0.1712962962962963 0.39375 0.17037037037037037 0.39010416666666664 0.1648148148148148 0.3880208333333333 0.14629629629629629 0.3890625 0.13796296296296295 0.39375 0.1259259259259259 0.3984375 0.12129629629629629 0.4015625 0.12222222222222222