0 0.615625 0.7203703703703703 0.6203125 0.7305555555555555 0.6192708333333333 0.7444444444444445 0.5916666666666667 0.7768518518518519 0.5833333333333334 0.7824074074074074 0.5755208333333334 0.8055555555555556 0.5703125 0.8111111111111111 0.565625 0.8092592592592592 0.5578125 0.8 0.5526041666666667 0.7768518518518519 0.5546875 0.7666666666666667 0.5625 0.7555555555555555 0.5729166666666666 0.7583333333333333 0.6067708333333334 0.7194444444444444 0.6151041666666667 0.7203703703703703
0 0.5338541666666666 0.13518518518518519 0.54375 0.14814814814814814 0.5442708333333334 0.1648148148148148 0.5307291666666667 0.18333333333333332 0.5166666666666667 0.20925925925925926 0.5109375 0.21388888888888888 0.503125 0.2101851851851852 0.5015625 0.19444444444444445 0.5223958333333333 0.1537037037037037 0.5244791666666667 0.1425925925925926 0.5291666666666667 0.1361111111111111 0.5333333333333333 0.13518518518518519
0 0.4973958333333333 0.7268518518518519 0.5015625 0.7333333333333333 0.5067708333333333 0.7583333333333333 0.5203125 0.7981481481481482 0.5197916666666667 0.8074074074074075 0.5119791666666667 0.8166666666666667 0.509375 0.8166666666666667 0.5057291666666667 0.8111111111111111 0.49114583333333334 0.7657407407407407 0.4817708333333333 0.7555555555555555 0.48072916666666665 0.7509259259259259 0.48072916666666665 0.7435185185185185 0.48541666666666666 0.7342592592592593 0.49166666666666664 0.7277777777777777 0.496875 0.7268518518518519
0 0.38177083333333334 0.6722222222222223 0.3828125 0.6814814814814815 0.3802083333333333 0.6898148148148148 0.3807291666666667 0.6990740740740741 0.4140625 0.8925925925925926 0.41302083333333334 0.9018518518518519 0.4036458333333333 0.9064814814814814 0.4015625 0.9055555555555556 0.39947916666666666 0.8962962962962963 0.36770833333333336 0.6990740740740741 0.36041666666666666 0.6851851851851852 0.3619791666666667 0.6768518518518518 0.365625 0.6731481481481482 0.371875 0.6694444444444444 0.3796875 0.6694444444444444 0.38125 0.6722222222222223
0 0.5583333333333333 0.6240740740740741 0.5619791666666667 0.6305555555555555 0.5625 0.6407407407407407 0.5578125 0.65 0.5416666666666666 0.6444444444444445 0.5421875 0.6333333333333333 0.5526041666666667 0.625 0.5578125 0.6240740740740741
0 0.4114583333333333 0.43425925925925923 0.39791666666666664 0.2972222222222222 0.39427083333333335 0.28425925925925927 0.3953125 0.27870370370370373 0.40208333333333335 0.27685185185185185 0.40625 0.28055555555555556 0.40625 0.31203703703703706 0.41770833333333335 0.42592592592592593 0.41770833333333335 0.43425925925925923 0.4119791666666667 0.43425925925925923
0 0.378125 0.19074074074074074 0.38125 0.19444444444444445 0.38125 0.19814814814814816 0.37916666666666665 0.20925925925925926 0.3765625 0.26666666666666666 0.375 0.3398148148148148 0.37447916666666664 0.3453703703703704 0.3703125 0.3490740740740741 0.36770833333333336 0.3435185185185185 0.37083333333333335 0.23425925925925925 0.3703125 0.19907407407407407 0.371875 0.19166666666666668 0.3776041666666667 0.19074074074074074
0 0.459375 0.5287037037037037 0.4635416666666667 0.5342592592592592 0.46197916666666666 0.5444444444444444 0.42916666666666664 0.5666666666666667 0.425 0.5657407407407408 0.42083333333333334 0.5601851851851852 0.4203125 0.5472222222222223 0.42239583333333336 0.5425925925925926 0.4588541666666667 0.5287037037037037
0 0.6145833333333334 0.2037037037037037 0.6239583333333333 0.2111111111111111 0.628125 0.21851851851851853 0.6291666666666667 0.22777777777777777 0.6161458333333333 0.24814814814814815 0.6057291666666667 0.275 0.5994791666666667 0.2833333333333333 0.5947916666666667 0.2824074074074074 0.5911458333333334 0.2740740740740741 0.5911458333333334 0.26851851851851855 0.6046875 0.2324074074074074 0.6067708333333334 0.21296296296296297 0.6104166666666667 0.20555555555555555 0.6140625 0.2037037037037037
1 0.3416666666666667 -0.04259259259259259 0.08541666666666667 0.08703703703703704
1 0.29322916666666665 0 0.37604166666666666 0 0.3828125 0.006481481481481481 0.38229166666666664 0.049074074074074076 0.378125 0.05277777777777778 0.3619791666666667 0.04259259259259259 0.3229166666666667 0.02962962962962963 0.30625 0.008333333333333333 0.29739583333333336 0.006481481481481481 0.29322916666666665 0.000925925925925926
2 0.5864583333333333 0.36203703703703705 0.5932291666666667 0.37037037037037035 0.5958333333333333 0.3925925925925926 0.5932291666666667 0.4101851851851852 0.5848958333333333 0.4212962962962963 0.5796875 0.4203703703703704 0.575 0.4148148148148148 0.5708333333333333 0.39814814814814814 0.5708333333333333 0.38981481481481484 0.575 0.3712962962962963 0.5817708333333333 0.362962962962963 0.5859375 0.36203703703703705
2 0.48854166666666665 0.6694444444444444 0.49270833333333336 0.6824074074074075 0.49166666666666664 0.6935185185185185 0.4890625 0.6972222222222222 0.48541666666666666 0.6972222222222222 0.48125 0.687962962962963 0.4822916666666667 0.674074074074074 0.4859375 0.6685185185185185 0.48802083333333335 0.6694444444444444
2 0.6489583333333333 0.9462962962962963 0.653125 0.9527777777777777 0.6552083333333333 0.9648148148148148 0.6541666666666667 0.9740740740740741 0.6515625 0.9768518518518519 0.6458333333333334 0.9731481481481481 0.6416666666666667 0.9611111111111111 0.64375 0.9481481481481482 0.6484375 0.9462962962962963
2 0.5567708333333333 0.39814814814814814 0.5625 0.4046296296296296 0.5645833333333333 0.42407407407407405 0.5625 0.4351851851851852 0.55625 0.44351851851851853 0.5494791666666666 0.4398148148148148 0.5453125 0.4222222222222222 0.5489583333333333 0.40370370370370373 0.55625 0.39814814814814814
2 0.5911458333333334 0.8851851851851852 0.5984375 0.8981481481481481 0.6020833333333333 0.9222222222222223 0.6010416666666667 0.9361111111111111 0.59375 0.9453703703703704 0.5880208333333333 0.9444444444444444 0.5833333333333334 0.9388888888888889 0.5791666666666667 0.9287037037037037 0.5765625 0.9148148148148149 0.5765625 0.9018518518518519 0.5786458333333333 0.8916666666666667 0.5848958333333333 0.8833333333333333 0.590625 0.8851851851851852
2 0.3734375 0.44166666666666665 0.3723958333333333 0.42685185185185187 0.375 0.4212962962962963 0.37916666666666665 0.42407407407407405 0.3802083333333333 0.4361111111111111 0.378125 0.4425925925925926 0.37395833333333334 0.44166666666666665
2 0.4583333333333333 0.15648148148148147 0.46145833333333336 0.16111111111111112 0.4609375 0.1712962962962963 0.4588541666666667 0.17407407407407408 0.4557291666666667 0.1712962962962963 0.4557291666666667 0.16203703703703703 0.4578125 0.1574074074074074
2 0.5598958333333334 0.1712962962962963 0.5661458333333333 0.18333333333333332 0.5671875 0.20185185185185187 0.5635416666666667 0.21851851851851853 0.5557291666666667 0.22962962962962963 0.5520833333333334 0.22962962962962963 0.5463541666666667 0.22407407407407406 0.54375 0.21388888888888888 0.5432291666666667 0.19907407407407407 0.5458333333333333 0.18425925925925926 0.5515625 0.17314814814814813 0.559375 0.1712962962962963
2 0.471875 0.42314814814814816 0.4765625 0.43148148148148147 0.478125 0.44722222222222224 0.47552083333333334 0.46574074074074073 0.471875 0.47129629629629627 0.4661458333333333 0.4703703703703704 0.46041666666666664 0.4527777777777778 0.46041666666666664 0.4398148148148148 0.4625 0.42962962962962964 0.4661458333333333 0.4222222222222222 0.4713541666666667 0.42314814814814816
2 0.5442708333333334 0.2861111111111111 0.5489583333333333 0.29907407407407405 0.5489583333333333 0.3138888888888889 0.5458333333333333 0.32592592592592595 0.540625 0.33240740740740743 0.5338541666666666 0.3287037037037037 0.53125 0.3212962962962963 0.5307291666666667 0.3111111111111111 0.5348958333333333 0.29259259259259257 0.540625 0.2851851851851852 0.54375 0.2861111111111111
2 0.45625 0.29074074074074074 0.4630208333333333 0.30185185185185187 0.4635416666666667 0.31851851851851853 0.459375 0.33611111111111114 0.4552083333333333 0.3398148148148148 0.4484375 0.33611111111111114 0.44583333333333336 0.3138888888888889 0.4484375 0.29814814814814816 0.4515625 0.29259259259259257 0.4557291666666667 0.29074074074074074
2 0.49583333333333335 0.18796296296296297 0.5005208333333333 0.19444444444444445 0.503125 0.21388888888888888 0.49947916666666664 0.23148148148148148 0.49322916666666666 0.24074074074074073 0.4859375 0.23703703703703705 0.4822916666666667 0.22407407407407406 0.4822916666666667 0.21481481481481482 0.4875 0.1935185185185185 0.4953125 0.18796296296296297
2 0.47604166666666664 0.6851851851851852 0.4817708333333333 0.7064814814814815 0.48020833333333335 0.725 0.47604166666666664 0.7314814814814815 0.46927083333333336 0.7305555555555555 0.4630208333333333 0.7111111111111111 0.4630208333333333 0.6990740740740741 0.465625 0.6861111111111111 0.46822916666666664 0.6824074074074075 0.47552083333333334 0.6851851851851852
2 0.5385416666666667 0.55 0.5442708333333334 0.5555555555555556 0.5473958333333333 0.5694444444444444 0.5458333333333333 0.5888888888888889 0.5427083333333333 0.5953703703703703 0.5390625 0.5972222222222222 0.5328125 0.5953703703703703 0.5291666666666667 0.5888888888888889 0.5270833333333333 0.5787037037037037 0.5270833333333333 0.5694444444444444 0.5302083333333333 0.5555555555555556 0.534375 0.55 0.5380208333333333 0.55
2 0.590625 0.8481481481481481 0.5942708333333333 0.8703703703703703 0.5921875 0.8796296296296297 0.5895833333333333 0.8824074074074074 0.5848958333333333 0.8814814814814815 0.58125 0.8740740740740741 0.5796875 0.8546296296296296 0.5833333333333334 0.8453703703703703 0.5869791666666667 0.8444444444444444 0.5901041666666667 0.8481481481481481