0 0.46197916666666666 0.4601851851851852 0.46770833333333334 0.4685185185185185 0.46927083333333336 0.48148148148148145 0.46510416666666665 0.4925925925925926 0.46041666666666664 0.49537037037037035 0.45260416666666664 0.49166666666666664 0.43802083333333336 0.4935185185185185 0.4359375 0.48703703703703705 0.4359375 0.4777777777777778 0.45677083333333335 0.46111111111111114 0.46145833333333336 0.4601851851851852
0 0.3859375 0.25092592592592594 0.3885416666666667 0.25462962962962965 0.3885416666666667 0.2675925925925926 0.39114583333333336 0.28055555555555556 0.390625 0.2861111111111111 0.3885416666666667 0.287962962962963 0.3848958333333333 0.2861111111111111 0.38177083333333334 0.2722222222222222 0.3770833333333333 0.262037037037037 0.3776041666666667 0.25555555555555554 0.3854166666666667 0.25092592592592594
0 0.4578125 0.0962962962962963 0.4734375 0.14351851851851852 0.4734375 0.15092592592592594 0.46979166666666666 0.15925925925925927 0.46041666666666664 0.1638888888888889 0.4578125 0.16296296296296298 0.45260416666666664 0.15 0.45364583333333336 0.13148148148148148 0.4484375 0.10925925925925926 0.4484375 0.10277777777777777 0.4510416666666667 0.09537037037037037 0.45729166666666665 0.0962962962962963
0 0.36822916666666666 0.3592592592592593 0.3692708333333333 0.3685185185185185 0.3453125 0.487962962962963 0.34427083333333336 0.5083333333333333 0.34270833333333334 0.5111111111111111 0.3333333333333333 0.5092592592592593 0.33229166666666665 0.5009259259259259 0.33645833333333336 0.4935185185185185 0.3416666666666667 0.47129629629629627 0.359375 0.37222222222222223 0.36302083333333335 0.36018518518518516 0.36770833333333336 0.3592592592592593
0 0.3328125 0.46111111111111114 0.3390625 0.46574074074074073 0.34010416666666665 0.4722222222222222 0.33125 0.5018518518518519 0.33125 0.5231481481481481 0.32447916666666665 0.5342592592592592 0.3182291666666667 0.5305555555555556 0.31614583333333335 0.5212962962962963 0.32135416666666666 0.48518518518518516 0.3203125 0.46944444444444444 0.32395833333333335 0.46111111111111114 0.33229166666666665 0.46111111111111114
0 0.5494791666666666 0.16944444444444445 0.5552083333333333 0.18518518518518517 0.553125 0.2101851851851852 0.56875 0.2962962962962963 0.5682291666666667 0.3055555555555556 0.565625 0.3111111111111111 0.5567708333333333 0.31574074074074077 0.5520833333333334 0.31296296296296294 0.55 0.30648148148148147 0.5354166666666667 0.21574074074074073 0.5296875 0.2101851851851852 0.5244791666666667 0.19537037037037036 0.525 0.18611111111111112 0.5328125 0.175 0.5489583333333333 0.16944444444444445
0 0.534375 0.6064814814814815 0.5375 0.6129629629629629 0.5364583333333334 0.6259259259259259 0.5328125 0.6305555555555555 0.5328125 0.6388888888888888 0.5385416666666667 0.7814814814814814 0.5416666666666666 0.8111111111111111 0.5473958333333333 0.9388888888888889 0.5458333333333333 0.9518518518518518 0.540625 0.9574074074074074 0.5322916666666667 0.9555555555555556 0.5286458333333334 0.9462962962962963 0.5161458333333333 0.6324074074074074 0.5098958333333333 0.6277777777777778 0.5083333333333333 0.6212962962962963 0.5088541666666667 0.6111111111111112 0.5114583333333333 0.6083333333333333 0.5338541666666666 0.6064814814814815
0 0.45625 0.5907407407407408 0.46458333333333335 0.6018518518518519 0.4786458333333333 0.6398148148148148 0.49166666666666664 0.6611111111111111 0.4901041666666667 0.6731481481481482 0.4796875 0.6842592592592592 0.4765625 0.6842592592592592 0.471875 0.6787037037037037 0.46979166666666666 0.6592592592592592 0.44947916666666665 0.6074074074074074 0.44895833333333335 0.5981481481481481 0.4557291666666667 0.5907407407407408
0 0.32135416666666666 0.36203703703703705 0.3229166666666667 0.3712962962962963 0.3125 0.46944444444444444 0.31145833333333334 0.5101851851851852 0.309375 0.5166666666666667 0.3020833333333333 0.5148148148148148 0.30104166666666665 0.5074074074074074 0.3078125 0.4583333333333333 0.315625 0.3685185185185185 0.3171875 0.3638888888888889 0.32083333333333336 0.36203703703703705
0 0.3494791666666667 0.6814814814814815 0.3515625 0.6935185185185185 0.34322916666666664 0.7277777777777777 0.3421875 0.7444444444444445 0.33541666666666664 0.7555555555555555 0.32447916666666665 0.75 0.321875 0.7444444444444445 0.32135416666666666 0.7361111111111112 0.32916666666666666 0.7231481481481481 0.3390625 0.6833333333333333 0.3421875 0.6796296296296296 0.3489583333333333 0.6814814814814815
0 0.49270833333333336 0.41203703703703703 0.5036458333333333 0.45 0.5098958333333333 0.4648148148148148 0.5067708333333333 0.475 0.5010416666666667 0.4787037037037037 0.496875 0.4787037037037037 0.49375 0.4740740740740741 0.49322916666666666 0.45740740740740743 0.48489583333333336 0.4222222222222222 0.4859375 0.41388888888888886 0.4921875 0.41203703703703703
0 0.5385416666666667 0.5453703703703704 0.540625 0.5518518518518518 0.5385416666666667 0.5583333333333333 0.521875 0.5731481481481482 0.5177083333333333 0.5712962962962963 0.5151041666666667 0.5657407407407408 0.5140625 0.5583333333333333 0.5171875 0.55 0.5328125 0.5444444444444444 0.5380208333333333 0.5453703703703704
0 0.4046875 0.19722222222222222 0.40625 0.19907407407407407 0.40625 0.20555555555555555 0.4036458333333333 0.21388888888888888 0.40260416666666665 0.23148148148148148 0.4005208333333333 0.23425925925925925 0.39739583333333334 0.2324074074074074 0.3958333333333333 0.19907407407407407 0.39791666666666664 0.1962962962962963 0.4041666666666667 0.19722222222222222
2 0.4432291666666667 0.5453703703703704 0.007291666666666667 0.016666666666666666
2 0.43020833333333336 0.5703703703703704 0.4354166666666667 0.5703703703703704 0.4375 0.575925925925926 0.43697916666666664 0.587037037037037 0.4348958333333333 0.5898148148148148 0.43072916666666666 0.5888888888888889 0.42864583333333334 0.5833333333333334 0.43020833333333336 0.5712962962962963
2 0.3880208333333333 0.5203703703703704 0.3921875 0.5305555555555556 0.3932291666666667 0.5462962962962963 0.39010416666666664 0.562962962962963 0.3859375 0.5675925925925925 0.38125 0.5648148148148148 0.378125 0.5583333333333333 0.37604166666666666 0.5370370370370371 0.378125 0.525 0.38333333333333336 0.5194444444444445 0.3875 0.5203703703703704
2 0.34791666666666665 0.6046296296296296 0.35 0.6166666666666667 0.34739583333333335 0.6231481481481481 0.34375 0.6203703703703703 0.34270833333333334 0.6138888888888889 0.34322916666666664 0.6074074074074074 0.34739583333333335 0.6046296296296296
2 0.4231770833333333 0.5611111111111111 0.0078125 0.016666666666666666
2 0.5255208333333333 0.14074074074074075 0.53125 0.15 0.5328125 0.17037037037037037 0.525 0.18518518518518517 0.5244791666666667 0.2 0.5208333333333334 0.20185185185185187 0.515625 0.20092592592592592 0.5104166666666666 0.1935185185185185 0.5072916666666667 0.16944444444444445 0.5098958333333333 0.15555555555555556 0.515625 0.14444444444444443 0.521875 0.1398148148148148 0.525 0.14074074074074075
2 0.4583333333333333 0.43148148148148147 0.4630208333333333 0.4388888888888889 0.4635416666666667 0.4527777777777778 0.46197916666666666 0.45740740740740743 0.4578125 0.4601851851851852 0.4546875 0.4601851851851852 0.4515625 0.45092592592592595 0.45260416666666664 0.4361111111111111 0.4578125 0.43148148148148147
2 0.415625 0.5481481481481482 0.4203125 0.5527777777777778 0.4192708333333333 0.5666666666666667 0.415625 0.5685185185185185 0.41302083333333334 0.562962962962963 0.41302083333333334 0.5537037037037037 0.41510416666666666 0.549074074074074
2 0.42864583333333334 0.31666666666666665 0.4317708333333333 0.32407407407407407 0.4322916666666667 0.3398148148148148 0.4270833333333333 0.35555555555555557 0.42135416666666664 0.35555555555555557 0.41822916666666665 0.3509259259259259 0.415625 0.3333333333333333 0.4203125 0.3175925925925926 0.4234375 0.3148148148148148 0.428125 0.31666666666666665
2 0.39947916666666666 0.5685185185185185 0.4036458333333333 0.5731481481481482 0.40677083333333336 0.5861111111111111 0.40677083333333336 0.6018518518518519 0.4015625 0.6166666666666667 0.39375 0.6138888888888889 0.3885416666666667 0.5953703703703703 0.39166666666666666 0.5712962962962963 0.39895833333333336 0.5685185185185185
2 0.42291666666666666 0.6277777777777778 0.4270833333333333 0.6342592592592593 0.43020833333333336 0.6472222222222223 0.42916666666666664 0.6685185185185185 0.4234375 0.6787037037037037 0.4192708333333333 0.6777777777777778 0.41510416666666666 0.6722222222222223 0.4114583333333333 0.6546296296296297 0.4114583333333333 0.6425925925925926 0.41354166666666664 0.6333333333333333 0.415625 0.6296296296296297 0.42239583333333336 0.6277777777777778
2 0.43125 0.4398148148148148 0.43385416666666665 0.44722222222222224 0.4328125 0.45555555555555555 0.43072916666666666 0.45740740740740743 0.4270833333333333 0.4537037037037037 0.4270833333333333 0.44537037037037036 0.43072916666666666 0.4398148148148148
2 0.4244791666666667 0.5083333333333333 0.4276041666666667 0.5138888888888888 0.42916666666666664 0.5277777777777778 0.4276041666666667 0.5398148148148149 0.4234375 0.5481481481481482 0.4166666666666667 0.5435185185185185 0.4140625 0.5333333333333333 0.4140625 0.5194444444444445 0.4171875 0.5092592592592593 0.4239583333333333 0.5083333333333333
2 0.43125 0.38055555555555554 0.4359375 0.3861111111111111 0.4390625 0.3990740740740741 0.4375 0.4222222222222222 0.4322916666666667 0.4324074074074074 0.4265625 0.4324074074074074 0.42291666666666666 0.4287037037037037 0.4192708333333333 0.4166666666666667 0.41875 0.40370370370370373 0.4244791666666667 0.38333333333333336 0.43072916666666666 0.38055555555555554
2 0.5557291666666667 0.3787037037037037 0.5604166666666667 0.3824074074074074 0.5619791666666667 0.3972222222222222 0.5604166666666667 0.40555555555555556 0.5552083333333333 0.41203703703703703 0.55 0.4101851851851852 0.5463541666666667 0.39814814814814814 0.5479166666666667 0.3851851851851852 0.5510416666666667 0.37962962962962965 0.5552083333333333 0.3787037037037037
2 0.37395833333333334 0.425 0.3770833333333333 0.4351851851851852 0.3776041666666667 0.44722222222222224 0.37447916666666664 0.46111111111111114 0.3703125 0.4648148148148148 0.36354166666666665 0.4583333333333333 0.3614583333333333 0.44074074074074077 0.3645833333333333 0.42685185185185187 0.3703125 0.4222222222222222 0.3734375 0.425
2 0.4427083333333333 0.3388888888888889 0.44583333333333336 0.3351851851851852 0.4505208333333333 0.3351851851851852 0.453125 0.3425925925925926 0.4515625 0.36018518518518516 0.44635416666666666 0.3648148148148148 0.44114583333333335 0.35555555555555557 0.4427083333333333 0.3398148148148148
2 0.4427083333333333 0.5777777777777777 0.446875 0.5824074074074074 0.44635416666666666 0.5925925925925926 0.440625 0.5925925925925926 0.4395833333333333 0.5833333333333334 0.4421875 0.5787037037037037
2 0.4166666666666667 0.3472222222222222 0.4197916666666667 0.3537037037037037 0.42552083333333335 0.35833333333333334 0.4265625 0.3685185185185185 0.42552083333333335 0.3814814814814815 0.41770833333333335 0.3972222222222222 0.40989583333333335 0.3907407407407407 0.40677083333333336 0.375 0.409375 0.35462962962962963 0.4161458333333333 0.3472222222222222
2 0.3770833333333333 0.29814814814814816 0.3802083333333333 0.30833333333333335 0.3802083333333333 0.32685185185185184 0.378125 0.337037037037037 0.3729166666666667 0.3435185185185185 0.36666666666666664 0.33796296296296297 0.3645833333333333 0.31574074074074077 0.36875 0.30092592592592593 0.3723958333333333 0.2972222222222222 0.3765625 0.29814814814814816
1 0.3125 0.9388888888888889 0.31354166666666666 0.9805555555555555 0.30833333333333335 0.987037037037037 0.2828125 0.9990740740740741 0.22083333333333333 0.9990740740740741 0.22083333333333333 0.9851851851851852 0.23125 0.9805555555555555 0.240625 0.9694444444444444 0.26875 0.950925925925926 0.2796875 0.95 0.29791666666666666 0.9398148148148148 0.31197916666666664 0.9388888888888889
1 0.31197916666666664 0.9888888888888889 0.3140625 0.9990740740740741 0.2859375 0.9990740740740741 0.30572916666666666 0.9944444444444445 0.31145833333333334 0.9888888888888889