0 0.3489583333333333 0.3175925925925926 0.3609375 0.3351851851851852 0.3619791666666667 0.3416666666666667 0.36041666666666666 0.3453703703703704 0.3463541666666667 0.3388888888888889 0.3416666666666667 0.33240740740740743 0.34322916666666664 0.3212962962962963 0.3484375 0.3175925925925926
0 0.6994791666666667 0.5 0.7046875 0.5092592592592593 0.7041666666666667 0.5175925925925926 0.6979166666666666 0.525 0.6880208333333333 0.5462962962962963 0.6807291666666667 0.5657407407407408 0.671875 0.6 0.653125 0.6527777777777778 0.6489583333333333 0.6583333333333333 0.64375 0.6574074074074074 0.6416666666666667 0.6537037037037037 0.64375 0.6407407407407407 0.684375 0.5305555555555556 0.6901041666666666 0.5055555555555555 0.6932291666666667 0.5 0.6989583333333333 0.5
0 0.715625 0.36666666666666664 0.7229166666666667 0.3731481481481482 0.7255208333333333 0.39166666666666666 0.715625 0.40925925925925927 0.70625 0.4388888888888889 0.7 0.44722222222222224 0.6958333333333333 0.44722222222222224 0.6916666666666667 0.4425925925925926 0.6901041666666666 0.43703703703703706 0.690625 0.42777777777777776 0.7020833333333333 0.3907407407407407 0.7026041666666667 0.3768518518518518 0.7098958333333333 0.36574074074074076 0.7151041666666667 0.36666666666666664
0 0.3203125 0.41759259259259257 0.32395833333333335 0.4222222222222222 0.3255208333333333 0.43333333333333335 0.3359375 0.4601851851851852 0.3734375 0.5444444444444444 0.37447916666666664 0.5537037037037037 0.37083333333333335 0.5574074074074075 0.365625 0.5564814814814815 0.3614583333333333 0.55 0.3416666666666667 0.5037037037037037 0.3375 0.48518518518518516 0.3203125 0.44537037037037036 0.3104166666666667 0.4351851851851852 0.3109375 0.4222222222222222 0.31979166666666664 0.41759259259259257
0 0.3625 0.21481481481481482 0.023958333333333335 0.05185185185185185
0 0.34739583333333335 0.4064814814814815 0.3625 0.425 0.3625 0.4324074074074074 0.3609375 0.43425925925925923 0.33958333333333335 0.42407407407407405 0.34010416666666665 0.41203703703703703 0.34479166666666666 0.40555555555555556 0.346875 0.4064814814814815
0 0.6583333333333333 0.26944444444444443 0.6619791666666667 0.2722222222222222 0.6645833333333333 0.2814814814814815 0.6661458333333333 0.2898148148148148 0.6651041666666667 0.30462962962962964 0.671875 0.32407407407407407 0.6765625 0.34814814814814815 0.6760416666666667 0.36203703703703705 0.66875 0.3685185185185185 0.6630208333333333 0.362962962962963 0.6515625 0.31666666666666665 0.6453125 0.3074074074074074 0.6411458333333333 0.29259259259259257 0.6427083333333333 0.28055555555555556 0.6473958333333333 0.2722222222222222 0.6578125 0.26944444444444443
0 0.5953125 0.14166666666666666 0.7130208333333333 0.1527777777777778 0.7192708333333333 0.14351851851851852 0.7239583333333334 0.14351851851851852 0.7270833333333333 0.16296296296296298 0.7260416666666667 0.17222222222222222 0.7229166666666667 0.17962962962962964 0.7166666666666667 0.1824074074074074 0.7109375 0.175 0.69375 0.17222222222222222 0.590625 0.16574074074074074 0.5880208333333333 0.16296296296296298 0.5885416666666666 0.14722222222222223 0.5911458333333334 0.1425925925925926 0.5947916666666667 0.1425925925925926
0 0.48125 0.4583333333333333 0.4921875 0.4962962962962963 0.5010416666666667 0.5185185185185185 0.49947916666666664 0.5324074074074074 0.4901041666666667 0.5416666666666666 0.484375 0.5416666666666666 0.4786458333333333 0.5324074074074074 0.4765625 0.524074074074074 0.4765625 0.5064814814814815 0.46875 0.4759259259259259 0.46875 0.4685185185185185 0.4713541666666667 0.46111111111111114 0.47552083333333334 0.45740740740740743 0.48072916666666665 0.4583333333333333
0 0.5239583333333333 0.09074074074074075 0.5291666666666667 0.10092592592592593 0.5291666666666667 0.1111111111111111 0.5255208333333333 0.11851851851851852 0.5088541666666667 0.13518518518518519 0.5041666666666667 0.13148148148148148 0.5041666666666667 0.12037037037037036 0.5145833333333333 0.10462962962962963 0.51875 0.09166666666666666 0.5234375 0.09074074074074075
0 0.584375 0.17222222222222222 0.5859375 0.19074074074074074 0.5822916666666667 0.19722222222222222 0.5760416666666667 0.1962962962962963 0.5744791666666667 0.18333333333333332 0.5786458333333333 0.175 0.5838541666666667 0.17222222222222222
0 0.6161458333333333 0.21296296296296297 0.6401041666666667 0.22962962962962963 0.6494791666666667 0.22777777777777777 0.6520833333333333 0.23055555555555557 0.6515625 0.25 0.6458333333333334 0.262037037037037 0.6432291666666666 0.262037037037037 0.6380208333333334 0.2518518518518518 0.6057291666666667 0.23055555555555557 0.6036458333333333 0.22592592592592592 0.6057291666666667 0.21296296296296297 0.615625 0.21296296296296297
0 0.3684895833333333 0.3087962962962963 0.0359375 0.030555555555555555
1 0.18958333333333333 0.012962962962962963 0.19479166666666667 0.018518518518518517 0.196875 0.028703703703703703 0.20364583333333333 0.03611111111111111 0.20833333333333334 0.05 0.21770833333333334 0.10555555555555556 0.221875 0.14537037037037037 0.22552083333333334 0.16111111111111112 0.225 0.16666666666666666 0.22291666666666668 0.1685185185185185 0.20625 0.17037037037037037 0.19635416666666666 0.1675925925925926 0.18854166666666666 0.11481481481481481 0.1765625 0.05185185185185185 0.1765625 0.04537037037037037 0.18020833333333333 0.03796296296296296 0.1796875 0.018518518518518517 0.1890625 0.012962962962962963
1 0.23385416666666667 0.08564814814814815 0.041666666666666664 0.16574074074074074
1 0.9890625 0.5287037037037037 0.9916666666666667 0.5212962962962963 0.9994791666666667 0.5175925925925926 0.9994791666666667 0.5435185185185185 0.9947916666666666 0.5398148148148149 0.9895833333333334 0.5296296296296297
1 0.9796875 0.4212962962962963 0.9994791666666667 0.42962962962962964 0.9994791666666667 0.4361111111111111 0.99375 0.4425925925925926 0.9848958333333333 0.44537037037037036 0.9786458333333333 0.4527777777777778 0.975 0.46296296296296297 0.9786458333333333 0.4666666666666667 0.978125 0.4740740740740741 0.9703125 0.4759259259259259 0.9677083333333333 0.48055555555555557 0.9713541666666666 0.4962962962962963 0.9666666666666667 0.5055555555555555 0.9453125 0.5055555555555555 0.9380208333333333 0.5111111111111111 0.9338541666666667 0.524074074074074 0.9265625 0.5361111111111111 0.9229166666666667 0.5583333333333333 0.9192708333333334 0.5648148148148148 0.9098958333333333 0.5537037037037037 0.9072916666666667 0.5425925925925926 0.9098958333333333 0.5175925925925926 0.9161458333333333 0.4981481481481482 0.9286458333333333 0.4787037037037037 0.9395833333333333 0.4722222222222222 0.9458333333333333 0.45925925925925926 0.9526041666666667 0.45555555555555555 0.9625 0.42592592592592593 0.9703125 0.4212962962962963 0.9791666666666666 0.4212962962962963
1 0.9739583333333334 0.47685185185185186 0.9848958333333333 0.48703703703703705 0.9963541666666667 0.5064814814814815 0.9963541666666667 0.5138888888888888 0.9875 0.5296296296296297 0.9994791666666667 0.5462962962962963 0.9994791666666667 0.5787037037037037 0.9869791666666666 0.5962962962962963 0.9703125 0.65 0.9666666666666667 0.6574074074074074 0.9609375 0.6611111111111111 0.9458333333333333 0.6546296296296297 0.9286458333333333 0.6407407407407407 0.9114583333333334 0.6194444444444445 0.9072916666666667 0.612037037037037 0.90625 0.6046296296296296 0.9104166666666667 0.5879629629629629 0.925 0.5583333333333333 0.9270833333333334 0.5462962962962963 0.9338541666666667 0.5296296296296297 0.9369791666666667 0.5157407407407407 0.9447916666666667 0.5074074074074074 0.9671875 0.5101851851851852 0.9734375 0.4981481481481482 0.9734375 0.4925925925925926 0.9692708333333333 0.48333333333333334 0.9703125 0.4787037037037037 0.9734375 0.47685185185185186
2 0.6875 0.32314814814814813 0.6916666666666667 0.3314814814814815 0.6916666666666667 0.3388888888888889 0.6838541666666667 0.34629629629629627 0.6791666666666667 0.34629629629629627 0.6755208333333333 0.3416666666666667 0.6729166666666667 0.325 0.6765625 0.32222222222222224 0.6869791666666667 0.32314814814814813
2 0.5260416666666666 0.16666666666666666 0.5276041666666667 0.175 0.5234375 0.17962962962962964 0.5166666666666667 0.1787037037037037 0.5140625 0.1712962962962963 0.5197916666666667 0.1648148148148148 0.5255208333333333 0.16666666666666666
2 0.5098958333333333 0.18333333333333332 0.5151041666666667 0.18888888888888888 0.5145833333333333 0.1962962962962963 0.5104166666666666 0.19907407407407407 0.5041666666666667 0.19814814814814816 0.5010416666666667 0.1925925925925926 0.503125 0.18518518518518517 0.509375 0.18333333333333332
2 0.5161458333333333 0.41388888888888886 0.5229166666666667 0.42314814814814816 0.5244791666666667 0.4351851851851852 0.5208333333333334 0.44537037037037036 0.5119791666666667 0.45092592592592595 0.5057291666666667 0.44907407407407407 0.5005208333333333 0.44351851851851853 0.4979166666666667 0.43796296296296294 0.4979166666666667 0.42592592592592593 0.5046875 0.4148148148148148 0.515625 0.41388888888888886
2 0.6255208333333333 0.46805555555555556 0.014583333333333334 0.019444444444444445
2 0.40520833333333334 0.2111111111111111 0.41041666666666665 0.21666666666666667 0.40989583333333335 0.22314814814814815 0.40625 0.22685185185185186 0.4 0.22685185185185186 0.396875 0.2222222222222222 0.3984375 0.21388888888888888 0.4046875 0.2111111111111111
2 0.4828125 0.22870370370370371 0.4859375 0.23148148148148148 0.48385416666666664 0.23703703703703705 0.478125 0.2351851851851852 0.4796875 0.22870370370370371 0.4822916666666667 0.22870370370370371
2 0.42552083333333335 0.1814814814814815 0.4296875 0.18611111111111112 0.43072916666666666 0.1962962962962963 0.42864583333333334 0.20185185185185187 0.421875 0.2064814814814815 0.4114583333333333 0.20555555555555555 0.40572916666666664 0.19537037037037036 0.40729166666666666 0.18888888888888888 0.4119791666666667 0.1824074074074074 0.425 0.1814814814814815
2 0.5953125 0.32592592592592595 0.6020833333333333 0.3314814814814815 0.6057291666666667 0.34074074074074073 0.6046875 0.35185185185185186 0.5958333333333333 0.3592592592592593 0.5848958333333333 0.3574074074074074 0.5796875 0.3509259259259259 0.5770833333333333 0.3425925925925926 0.578125 0.3351851851851852 0.5817708333333333 0.3287037037037037 0.5947916666666667 0.32592592592592595
2 0.45729166666666665 0.3074074074074074 0.4630208333333333 0.31203703703703706 0.46458333333333335 0.3212962962962963 0.4625 0.3287037037037037 0.45625 0.3333333333333333 0.44479166666666664 0.33055555555555555 0.4427083333333333 0.3277777777777778 0.44166666666666665 0.3194444444444444 0.446875 0.3101851851851852 0.45677083333333335 0.3074074074074074
2 0.4666666666666667 0.25 0.4713541666666667 0.25555555555555554 0.4739583333333333 0.2675925925925926 0.4713541666666667 0.275 0.4609375 0.28055555555555556 0.44947916666666665 0.275 0.446875 0.26851851851851855 0.4473958333333333 0.2611111111111111 0.45260416666666664 0.25277777777777777 0.4661458333333333 0.25
2 0.440625 0.3990740740740741 0.44583333333333336 0.4064814814814815 0.4473958333333333 0.4203703703703704 0.4421875 0.4305555555555556 0.43645833333333334 0.43425925925925923 0.42239583333333336 0.43148148148148147 0.41822916666666665 0.425 0.41770833333333335 0.41388888888888886 0.4192708333333333 0.4074074074074074 0.42604166666666665 0.4 0.43125 0.3972222222222222 0.4401041666666667 0.3990740740740741
2 0.4713541666666667 0.21666666666666667 0.47708333333333336 0.22407407407407406 0.478125 0.2324074074074074 0.4734375 0.24074074074074073 0.46770833333333334 0.24351851851851852 0.45989583333333334 0.24351851851851852 0.4552083333333333 0.23981481481481481 0.4515625 0.22870370370370371 0.4588541666666667 0.2175925925925926 0.4708333333333333 0.21666666666666667
2 0.6583333333333333 0.41203703703703703 0.6677083333333333 0.41944444444444445 0.671875 0.4287037037037037 0.6713541666666667 0.44074074074074077 0.665625 0.44907407407407407 0.6541666666666667 0.44814814814814813 0.6427083333333333 0.4361111111111111 0.6421875 0.42407407407407405 0.6453125 0.4166666666666667 0.6526041666666667 0.4111111111111111 0.6578125 0.41203703703703703
2 0.5791666666666667 0.2740740740740741 0.58125 0.27685185185185185 0.5796875 0.2833333333333333 0.575 0.2833333333333333 0.5729166666666666 0.2796296296296296 0.5734375 0.275 0.5786458333333333 0.2740740740740741
2 0.540625 0.3277777777777778 0.5401041666666667 0.32314814814814813 0.5427083333333333 0.3194444444444444 0.5463541666666667 0.3194444444444444 0.5484375 0.3277777777777778 0.5411458333333333 0.3277777777777778
2 0.6984375 0.3 0.7041666666666667 0.30277777777777776 0.7114583333333333 0.3138888888888889 0.7125 0.32314814814814813 0.7072916666666667 0.3314814814814815 0.6932291666666667 0.33055555555555555 0.6848958333333334 0.32037037037037036 0.6848958333333334 0.3101851851851852 0.6880208333333333 0.3037037037037037 0.6979166666666666 0.3