0 0.4390625 0.5916666666666667 0.4421875 0.600925925925926 0.4401041666666667 0.6157407407407407 0.440625 0.6268518518518519 0.45416666666666666 0.7564814814814815 0.45364583333333336 0.7703703703703704 0.4505208333333333 0.775 0.44479166666666664 0.774074074074074 0.4421875 0.7666666666666667 0.4317708333333333 0.6259259259259259 0.4265625 0.6064814814814815 0.42864583333333334 0.5925925925925926 0.4317708333333333 0.5898148148148148 0.43854166666666666 0.5916666666666667
0 0.3229166666666667 0.47314814814814815 0.32760416666666664 0.48055555555555557 0.32760416666666664 0.487962962962963 0.32447916666666665 0.49537037037037035 0.321875 0.524074074074074 0.3223958333333333 0.5601851851851852 0.3203125 0.6092592592592593 0.3182291666666667 0.6203703703703703 0.3151041666666667 0.6240740740740741 0.3109375 0.6231481481481481 0.30833333333333335 0.6185185185185185 0.3072916666666667 0.6018518518518519 0.3104166666666667 0.5592592592592592 0.3140625 0.5407407407407407 0.31614583333333335 0.5046296296296297 0.3151041666666667 0.4787037037037037 0.3177083333333333 0.47314814814814815 0.3223958333333333 0.47314814814814815
0 0.8104166666666667 0.5388888888888889 0.8166666666666667 0.55 0.815625 0.5601851851851852 0.8109375 0.5666666666666667 0.7838541666666666 0.5787037037037037 0.7442708333333333 0.5879629629629629 0.7291666666666666 0.5953703703703703 0.6791666666666667 0.6101851851851852 0.6588541666666666 0.6314814814814815 0.6536458333333334 0.6314814814814815 0.6473958333333333 0.6157407407407407 0.6473958333333333 0.5898148148148148 0.6536458333333334 0.5805555555555556 0.6583333333333333 0.5796296296296296 0.6640625 0.5861111111111111 0.66875 0.587037037037037 0.7791666666666667 0.5462962962962963 0.8098958333333334 0.5388888888888889
0 0.48489583333333336 0.5787037037037037 0.48802083333333335 0.5842592592592593 0.4869791666666667 0.5925925925925926 0.4739583333333333 0.6138888888888889 0.4671875 0.6046296296296296 0.4666666666666667 0.5935185185185186 0.484375 0.5787037037037037
0 0.27395833333333336 0.7055555555555556 0.28489583333333335 0.7240740740740741 0.2875 0.737037037037037 0.2864583333333333 0.7425925925925926 0.26927083333333335 0.7527777777777778 0.23020833333333332 0.8037037037037037 0.2203125 0.812037037037037 0.21354166666666666 0.7944444444444444 0.21354166666666666 0.7888888888888889 0.2630208333333333 0.7268518518518519 0.26614583333333336 0.7212962962962963 0.2682291666666667 0.7092592592592593 0.2734375 0.7055555555555556
0 0.4859375 0.3972222222222222 0.48854166666666665 0.40370370370370373 0.4895833333333333 0.4212962962962963 0.4890625 0.43148148148148147 0.4864583333333333 0.43425925925925923 0.48072916666666665 0.43333333333333335 0.47760416666666666 0.4287037037037037 0.44583333333333336 0.42962962962962964 0.44375 0.42685185185185187 0.4427083333333333 0.4185185185185185 0.4432291666666667 0.4111111111111111 0.44635416666666666 0.40555555555555556 0.47708333333333336 0.4046296296296296 0.4817708333333333 0.39814814814814814 0.48541666666666666 0.3972222222222222
0 0.6416666666666667 0.33796296296296297 0.64375 0.3416666666666667 0.64375 0.3509259259259259 0.6411458333333333 0.3768518518518518 0.64375 0.3851851851851852 0.64375 0.39444444444444443 0.6385416666666667 0.4 0.6291666666666667 0.3972222222222222 0.6265625 0.39166666666666666 0.6265625 0.37962962962962965 0.6317708333333333 0.37037037037037035 0.634375 0.3398148148148148 0.6369791666666667 0.337037037037037 0.6411458333333333 0.33796296296296297
0 0.628125 0.23425925925925925 0.6317708333333333 0.23796296296296296 0.6375 0.25555555555555554 0.6473958333333333 0.2759259259259259 0.6463541666666667 0.2861111111111111 0.6416666666666667 0.2916666666666667 0.6354166666666666 0.287962962962963 0.6166666666666667 0.25462962962962965 0.61875 0.24074074074074073 0.6229166666666667 0.2351851851851852 0.6276041666666666 0.23425925925925925
0 0.5669270833333333 0.5037037037037037 0.0703125 0.06111111111111111
2 0.7 0.2898148148148148 0.70625 0.29444444444444445 0.7088541666666667 0.3 0.7067708333333333 0.3111111111111111 0.7 0.3148148148148148 0.6921875 0.31296296296296294 0.684375 0.3037037037037037 0.684375 0.29814814814814816 0.6875 0.2916666666666667 0.6921875 0.28888888888888886 0.6994791666666667 0.2898148148148148
2 0.38177083333333334 0.3648148148148148 0.008333333333333333 0.011111111111111112
2 0.7182291666666667 0.44722222222222224 0.7265625 0.4527777777777778 0.7322916666666667 0.46574074074074073 0.7307291666666667 0.4740740740740741 0.7239583333333334 0.48055555555555557 0.7104166666666667 0.47685185185185186 0.7026041666666667 0.4648148148148148 0.7026041666666667 0.4564814814814815 0.70625 0.45 0.7177083333333333 0.44722222222222224
2 0.540625 0.3527777777777778 0.5463541666666667 0.3592592592592593 0.5473958333333333 0.36666666666666664 0.5442708333333334 0.37592592592592594 0.5395833333333333 0.3787037037037037 0.528125 0.37407407407407406 0.525 0.3648148148148148 0.528125 0.35555555555555557 0.5401041666666667 0.3527777777777778
2 0.471875 0.2712962962962963 0.4734375 0.2796296296296296 0.46979166666666666 0.28425925925925927 0.4635416666666667 0.2833333333333333 0.46041666666666664 0.2759259259259259 0.46510416666666665 0.27037037037037037 0.4713541666666667 0.2712962962962963
2 0.35208333333333336 0.26296296296296295 0.35520833333333335 0.26851851851851855 0.3546875 0.2759259259259259 0.3463541666666667 0.2814814814814815 0.3375 0.27870370370370373 0.3359375 0.2712962962962963 0.3421875 0.26296296296296295 0.3515625 0.26296296296296295
2 0.39895833333333336 0.524074074074074 0.40625 0.5324074074074074 0.4078125 0.5425925925925926 0.40208333333333335 0.5555555555555556 0.3921875 0.5611111111111111 0.38697916666666665 0.5611111111111111 0.37916666666666665 0.5555555555555556 0.3765625 0.55 0.3765625 0.5416666666666666 0.38125 0.5314814814814814 0.38697916666666665 0.5259259259259259 0.3984375 0.524074074074074
2 0.3765625 0.3990740740740741 0.384375 0.4064814814814815 0.384375 0.4185185185185185 0.37916666666666665 0.42685185185185187 0.3697916666666667 0.4305555555555556 0.3619791666666667 0.42777777777777776 0.3578125 0.4185185185185185 0.3578125 0.41203703703703703 0.3625 0.4027777777777778 0.37604166666666666 0.3990740740740741
2 0.6817708333333333 0.7185185185185186 0.6885416666666667 0.725925925925926 0.6890625 0.7379629629629629 0.6822916666666666 0.7416666666666667 0.6744791666666666 0.7342592592592593 0.675 0.7222222222222222 0.68125 0.7194444444444444
2 0.31145833333333334 0.3611111111111111 0.3182291666666667 0.36666666666666664 0.31875 0.37777777777777777 0.31197916666666664 0.387037037037037 0.30364583333333334 0.38981481481481484 0.29375 0.387037037037037 0.2916666666666667 0.3768518518518518 0.3 0.3648148148148148 0.3109375 0.3611111111111111
2 0.6072916666666667 0.4666666666666667 0.6098958333333333 0.4703703703703704 0.6109375 0.4787037037037037 0.6052083333333333 0.4861111111111111 0.5989583333333334 0.4842592592592593 0.5958333333333333 0.47314814814814815 0.5994791666666667 0.4666666666666667 0.6067708333333334 0.4666666666666667
2 0.39947916666666666 0.2518518518518518 0.4046875 0.2574074074074074 0.40520833333333334 0.2657407407407407 0.4010416666666667 0.2722222222222222 0.3953125 0.275 0.38697916666666665 0.2740740740740741 0.38333333333333336 0.27037037037037037 0.38177083333333334 0.26296296296296295 0.38697916666666665 0.2537037037037037 0.39895833333333336 0.2518518518518518
2 0.48489583333333336 0.4703703703703704 0.49166666666666664 0.4777777777777778 0.49322916666666666 0.49074074074074076 0.490625 0.49722222222222223 0.484375 0.5027777777777778 0.4708333333333333 0.5009259259259259 0.465625 0.49444444444444446 0.4640625 0.48703703703703705 0.4661458333333333 0.4787037037037037 0.4708333333333333 0.4722222222222222 0.47604166666666664 0.46944444444444444 0.484375 0.4703703703703704
2 0.5359375 0.3175925925925926 0.5395833333333333 0.3212962962962963 0.540625 0.3277777777777778 0.5395833333333333 0.33240740740740743 0.5333333333333333 0.33796296296296297 0.521875 0.33425925925925926 0.5197916666666667 0.3314814814814815 0.5192708333333333 0.325 0.5260416666666666 0.31666666666666665 0.5354166666666667 0.3175925925925926
2 0.6697916666666667 0.32407407407407407 0.6755208333333333 0.32685185185185184 0.6776041666666667 0.3314814814814815 0.6770833333333334 0.337037037037037 0.6734375 0.3398148148148148 0.665625 0.33796296296296297 0.6630208333333333 0.33240740740740743 0.6645833333333333 0.32592592592592595 0.6692708333333334 0.32407407407407407
1 0.18645833333333334 0.14351851851851852 0.19114583333333332 0.1574074074074074 0.19635416666666666 0.16111111111111112 0.20364583333333333 0.18888888888888888 0.21822916666666667 0.2861111111111111 0.2171875 0.29074074074074074 0.203125 0.2935185185185185 0.19114583333333332 0.2935185185185185 0.1890625 0.29074074074074074 0.18229166666666666 0.24074074074074073 0.17864583333333334 0.22962962962962963 0.1703125 0.17962962962962964 0.17135416666666667 0.1712962962962963 0.175 0.1648148148148148 0.17291666666666666 0.1537037037037037 0.17395833333333333 0.14722222222222223 0.1796875 0.1425925925925926 0.1859375 0.14351851851851852
1 0.21979166666666666 0.13148148148148148 0.22239583333333332 0.13703703703703704 0.22291666666666668 0.1527777777777778 0.2359375 0.18888888888888888 0.2390625 0.23055555555555557 0.246875 0.28055555555555556 0.24635416666666668 0.287962962962963 0.24166666666666667 0.29074074074074074 0.22135416666666666 0.2898148148148148 0.20885416666666667 0.22037037037037038 0.20677083333333332 0.18425925925925926 0.209375 0.175 0.20989583333333334 0.1574074074074074 0.20625 0.1398148148148148 0.20989583333333334 0.13148148148148148 0.21927083333333333 0.13148148148148148