0 0.6109375 0.6425925925925926 0.6135416666666667 0.6481481481481481 0.6140625 0.6648148148148149 0.6130208333333333 0.6796296296296296 0.6104166666666667 0.6851851851851852 0.60625 0.6851851851851852 0.6026041666666667 0.675 0.5692708333333333 0.6731481481481482 0.55625 0.662962962962963 0.55625 0.6546296296296297 0.5604166666666667 0.6481481481481481 0.5953125 0.6518518518518519 0.6015625 0.6509259259259259 0.6057291666666667 0.6425925925925926 0.6104166666666667 0.6425925925925926
0 0.5885416666666666 0.2972222222222222 0.6083333333333333 0.3212962962962963 0.6223958333333334 0.34444444444444444 0.628125 0.3490740740740741 0.6536458333333334 0.39814814814814814 0.6744791666666666 0.4148148148148148 0.68125 0.42685185185185187 0.6958333333333333 0.4388888888888889 0.7067708333333333 0.4527777777777778 0.70625 0.47129629629629627 0.7020833333333333 0.48055555555555557 0.6953125 0.487962962962963 0.6911458333333333 0.487962962962963 0.6817708333333333 0.4777777777777778 0.6760416666666667 0.45925925925925926 0.578125 0.32685185185185184 0.575 0.3175925925925926 0.5760416666666667 0.3074074074074074 0.5822916666666667 0.2972222222222222 0.5880208333333333 0.2972222222222222
0 0.45677083333333335 0.3851851851851852 0.46458333333333335 0.39351851851851855 0.46458333333333335 0.4074074074074074 0.4557291666666667 0.41759259259259257 0.44375 0.4398148148148148 0.41458333333333336 0.5055555555555555 0.4088541666666667 0.5138888888888888 0.403125 0.5101851851851852 0.4041666666666667 0.49907407407407406 0.4171875 0.4675925925925926 0.4317708333333333 0.4444444444444444 0.4484375 0.40925925925925927 0.44947916666666665 0.39351851851851855 0.453125 0.3861111111111111 0.45625 0.3851851851851852
0 0.5619791666666667 0.6092592592592593 0.5682291666666667 0.6231481481481481 0.5682291666666667 0.637962962962963 0.5635416666666667 0.6453703703703704 0.5536458333333333 0.6453703703703704 0.534375 0.6601851851851852 0.5302083333333333 0.6583333333333333 0.5276041666666667 0.6527777777777778 0.528125 0.6407407407407407 0.5328125 0.6324074074074074 0.5494791666666666 0.6185185185185185 0.55625 0.6083333333333333 0.5614583333333333 0.6092592592592593
0 0.5697916666666667 0.4722222222222222 0.5859375 0.48333333333333334 0.5859375 0.49166666666666664 0.5817708333333333 0.5018518518518519 0.5776041666666667 0.5018518518518519 0.5723958333333333 0.49166666666666664 0.5640625 0.48333333333333334 0.5640625 0.4759259259259259 0.5671875 0.47129629629629627 0.5692708333333333 0.4722222222222222
0 0.6734375 0.3814814814814815 0.684375 0.39351851851851855 0.6958333333333333 0.3990740740740741 0.7036458333333333 0.4074074074074074 0.703125 0.4203703703703704 0.6963541666666667 0.43425925925925923 0.6885416666666667 0.4324074074074074 0.6807291666666667 0.41759259259259257 0.6640625 0.4009259259259259 0.6635416666666667 0.38425925925925924 0.6682291666666667 0.37962962962962965 0.6729166666666667 0.3814814814814815
0 0.3140625 0.48148148148148145 0.3171875 0.48333333333333334 0.32135416666666666 0.4962962962962963 0.32708333333333334 0.5046296296296297 0.38697916666666665 0.5657407407407408 0.39166666666666666 0.5740740740740741 0.390625 0.5814814814814815 0.38697916666666665 0.5851851851851851 0.38333333333333336 0.5833333333333334 0.32760416666666664 0.5194444444444445 0.3177083333333333 0.5101851851851852 0.3072916666666667 0.5055555555555555 0.3067708333333333 0.49166666666666664 0.3104166666666667 0.48333333333333334 0.31354166666666666 0.4824074074074074
0 0.4708333333333333 0.5787037037037037 0.47239583333333335 0.587037037037037 0.46875 0.6055555555555555 0.46510416666666665 0.6129629629629629 0.45989583333333334 0.6111111111111112 0.45729166666666665 0.6018518518518519 0.4630208333333333 0.5851851851851851 0.4666666666666667 0.5787037037037037 0.4703125 0.5787037037037037
0 0.4083333333333333 0.5342592592592592 0.4114583333333333 0.537962962962963 0.4125 0.5518518518518518 0.4125 0.5666666666666667 0.4083333333333333 0.5740740740740741 0.4010416666666667 0.5712962962962963 0.39947916666666666 0.5638888888888889 0.403125 0.5425925925925926 0.4078125 0.5342592592592592
0 0.41354166666666664 0.6481481481481481 0.44427083333333334 0.6712962962962963 0.44583333333333336 0.6796296296296296 0.4427083333333333 0.6925925925925925 0.4359375 0.6916666666666667 0.4166666666666667 0.6805555555555556 0.4114583333333333 0.6833333333333333 0.40625 0.6805555555555556 0.4036458333333333 0.6722222222222223 0.4041666666666667 0.6611111111111111 0.4088541666666667 0.65 0.41302083333333334 0.6481481481481481
0 0.6447916666666667 0.6768518518518518 0.6395833333333333 0.6416666666666667 0.6401041666666667 0.6333333333333333 0.6432291666666666 0.6314814814814815 0.6479166666666667 0.6370370370370371 0.6546875 0.6648148148148149 0.6520833333333333 0.6768518518518518 0.6453125 0.6768518518518518
0 0.68125 0.32685185185185184 0.6880208333333333 0.3388888888888889 0.6869791666666667 0.3453703703703704 0.6713541666666667 0.37592592592592594 0.6625 0.3861111111111111 0.6651041666666667 0.39444444444444443 0.6614583333333334 0.40370370370370373 0.6541666666666667 0.39814814814814814 0.646875 0.38333333333333336 0.6552083333333333 0.3824074074074074 0.6635416666666667 0.36574074074074076 0.6677083333333333 0.35 0.6807291666666667 0.32685185185185184
0 0.621875 0.2953703703703704 0.6567708333333333 0.3509259259259259 0.6609375 0.3490740740740741 0.6651041666666667 0.35648148148148145 0.6598958333333333 0.37592592592592594 0.65 0.3851851851851852 0.6427083333333333 0.37592592592592594 0.640625 0.3638888888888889 0.6125 0.3175925925925926 0.6109375 0.3101851851851852 0.6119791666666666 0.2972222222222222 0.6213541666666667 0.2953703703703704
2 0.6901041666666666 0.49722222222222223 0.6963541666666667 0.5046296296296297 0.696875 0.5101851851851852 0.6942708333333333 0.5185185185185185 0.6864583333333333 0.5268518518518519 0.6755208333333333 0.525 0.6723958333333333 0.5194444444444445 0.6713541666666667 0.5120370370370371 0.6739583333333333 0.5046296296296297 0.6786458333333333 0.5 0.6895833333333333 0.49722222222222223
2 0.7166666666666667 0.5175925925925926 0.7223958333333333 0.5231481481481481 0.7239583333333334 0.5351851851851852 0.7208333333333333 0.5425925925925926 0.7109375 0.549074074074074 0.7015625 0.5453703703703704 0.6984375 0.537962962962963 0.6984375 0.5296296296296297 0.7057291666666666 0.5194444444444445 0.7161458333333334 0.5175925925925926
2 0.6 0.49444444444444446 0.6020833333333333 0.49722222222222223 0.6020833333333333 0.5046296296296297 0.5979166666666667 0.5092592592592593 0.5916666666666667 0.5083333333333333 0.5901041666666667 0.5009259259259259 0.59375 0.49444444444444446 0.5994791666666667 0.49444444444444446
2 0.38125 0.6388888888888888 0.38697916666666665 0.6407407407407407 0.3927083333333333 0.649074074074074 0.39166666666666666 0.6592592592592592 0.3859375 0.6638888888888889 0.3765625 0.6638888888888889 0.36770833333333336 0.6546296296296297 0.36822916666666666 0.6435185185185185 0.37395833333333334 0.6388888888888888 0.3807291666666667 0.6388888888888888
2 0.6802083333333333 0.26296296296296295 0.6822916666666666 0.26481481481481484 0.6817708333333333 0.2796296296296296 0.6776041666666667 0.28703703703703703 0.6723958333333333 0.2898148148148148 0.665625 0.28703703703703703 0.6630208333333333 0.2824074074074074 0.6625 0.2759259259259259 0.6677083333333333 0.26481481481481484 0.675 0.2611111111111111 0.6796875 0.26296296296296295
2 0.40520833333333334 0.45092592592592595 0.4114583333333333 0.4546296296296296 0.41354166666666664 0.45925925925925926 0.4125 0.4666666666666667 0.40625 0.4722222222222222 0.4015625 0.47129629629629627 0.3963541666666667 0.4638888888888889 0.3963541666666667 0.45740740740740743 0.3984375 0.4527777777777778 0.4046875 0.45092592592592595
2 0.5369791666666667 0.37037037037037035 0.5385416666666667 0.3731481481481482 0.5375 0.37962962962962965 0.5333333333333333 0.3824074074074074 0.5291666666666667 0.37962962962962965 0.5286458333333334 0.37222222222222223 0.5328125 0.3685185185185185 0.5364583333333334 0.37037037037037035
2 0.5255208333333333 0.337037037037037 0.5338541666666666 0.3425925925925926 0.5375 0.35185185185185186 0.5338541666666666 0.3685185185185185 0.5291666666666667 0.3731481481481482 0.5166666666666667 0.3712962962962963 0.5119791666666667 0.36574074074074076 0.5104166666666666 0.3592592592592593 0.5114583333333333 0.34814814814814815 0.5145833333333333 0.3425925925925926 0.525 0.337037037037037
2 0.38645833333333335 0.4759259259259259 0.39375 0.4842592592592593 0.39479166666666665 0.49537037037037035 0.39010416666666664 0.5074074074074074 0.3854166666666667 0.5101851851851852 0.37864583333333335 0.5101851851851852 0.371875 0.5055555555555555 0.36614583333333334 0.49722222222222223 0.3651041666666667 0.48703703703703705 0.3692708333333333 0.47685185185185186 0.3729166666666667 0.4740740740740741 0.3859375 0.4759259259259259
2 0.3953125 0.5324074074074074 0.3958333333333333 0.537962962962963 0.39427083333333335 0.5407407407407407 0.3885416666666667 0.5398148148148149 0.38697916666666665 0.5324074074074074 0.39479166666666665 0.5324074074074074
2 0.6869791666666667 0.5277777777777778 0.6921875 0.5351851851851852 0.6927083333333334 0.5435185185185185 0.6875 0.5537037037037037 0.6786458333333333 0.5601851851851852 0.6666666666666666 0.5555555555555556 0.6635416666666667 0.5462962962962963 0.6640625 0.5407407407407407 0.6682291666666667 0.5324074074074074 0.675 0.5268518518518519 0.6864583333333333 0.5277777777777778
2 0.6864583333333333 0.2490740740740741 0.6890625 0.25277777777777777 0.6890625 0.25925925925925924 0.6828125 0.2657407407407407 0.6776041666666667 0.262037037037037 0.678125 0.25555555555555554 0.6817708333333333 0.25 0.6859375 0.2490740740740741
2 0.35572916666666665 0.5537037037037037 0.3734375 0.5740740740740741 0.3703125 0.5814814814814815 0.3651041666666667 0.5851851851851851 0.35520833333333335 0.5842592592592593 0.3463541666666667 0.5731481481481482 0.346875 0.5611111111111111 0.3494791666666667 0.5564814814814815 0.35520833333333335 0.5537037037037037
2 0.7421875 0.549074074074074 0.74375 0.5564814814814815 0.7390625 0.5638888888888889 0.7338541666666667 0.5638888888888889 0.7317708333333334 0.5601851851851852 0.7317708333333334 0.5546296296296296 0.7375 0.5481481481481482 0.7416666666666667 0.549074074074074
2 0.5088541666666667 0.5944444444444444 0.5098958333333333 0.5990740740740741 0.50625 0.6037037037037037 0.5020833333333333 0.6018518518518519 0.5015625 0.5962962962962963 0.5041666666666667 0.5935185185185186 0.5083333333333333 0.5944444444444444
2 0.48125 0.6759259259259259 0.484375 0.6805555555555556 0.4817708333333333 0.687962962962963 0.47708333333333336 0.687962962962963 0.4739583333333333 0.6824074074074075 0.475 0.6777777777777778 0.48072916666666665 0.6759259259259259
2 0.5630208333333333 0.5462962962962963 0.5661458333333333 0.5509259259259259 0.5671875 0.5611111111111111 0.5645833333333333 0.5675925925925925 0.5567708333333333 0.5740740740740741 0.5489583333333333 0.5740740740740741 0.54375 0.5703703703703704 0.5401041666666667 0.5583333333333333 0.5421875 0.5509259259259259 0.546875 0.5453703703703704 0.5625 0.5462962962962963
2 0.509375 0.662962962962963 0.5135416666666667 0.6675925925925926 0.5125 0.675 0.509375 0.6777777777777778 0.503125 0.6777777777777778 0.49947916666666664 0.6722222222222223 0.5015625 0.6648148148148149 0.5088541666666667 0.662962962962963
2 0.5578125 0.6657407407407407 0.5640625 0.6712962962962963 0.5640625 0.6787037037037037 0.5604166666666667 0.687037037037037 0.5541666666666667 0.6907407407407408 0.5432291666666667 0.687962962962963 0.5401041666666667 0.6833333333333333 0.5395833333333333 0.675 0.5458333333333333 0.6666666666666666 0.5572916666666666 0.6657407407407407
2 0.703125 0.5472222222222223 0.7088541666666667 0.55 0.7098958333333333 0.5564814814814815 0.7067708333333333 0.5638888888888889 0.7015625 0.5666666666666667 0.6947916666666667 0.5638888888888889 0.69375 0.5574074074074075 0.696875 0.55 0.7026041666666667 0.5472222222222223
2 0.64375 0.5583333333333333 0.6442708333333333 0.5648148148148148 0.6421875 0.5675925925925925 0.6375 0.5675925925925925 0.6354166666666666 0.5638888888888889 0.6380208333333334 0.5583333333333333 0.6432291666666666 0.5583333333333333
2 0.4328125 0.562962962962963 0.4401041666666667 0.5666666666666667 0.44583333333333336 0.5777777777777777 0.4432291666666667 0.5907407407407408 0.43697916666666664 0.5953703703703703 0.425 0.5925925925925926 0.41770833333333335 0.5805555555555556 0.41770833333333335 0.5740740740740741 0.4197916666666667 0.5694444444444444 0.42552083333333335 0.5638888888888889 0.4322916666666667 0.562962962962963
1 0.19427083333333334 0.7055555555555556 0.2125 0.7092592592592593 0.21354166666666666 0.7342592592592593 0.2 0.8240740740740741 0.19635416666666666 0.837037037037037 0.190625 0.8416666666666667 0.18802083333333333 0.8527777777777777 0.18229166666666666 0.8574074074074074 0.17291666666666666 0.8518518518518519 0.17395833333333333 0.8342592592592593 0.1703125 0.8277777777777777 0.16927083333333334 0.8175925925925925 0.18125 0.7574074074074074 0.1875 0.7101851851851851 0.1890625 0.7064814814814815 0.19375 0.7055555555555556
1 0.9645833333333333 0.23148148148148148 0.9703125 0.24537037037037038 0.9765625 0.2722222222222222 0.984375 0.29444444444444445 0.9958333333333333 0.31574074074074077 0.9973958333333334 0.33055555555555555 0.9890625 0.3509259259259259 0.9817708333333334 0.36018518518518516 0.9828125 0.3675925925925926 0.9890625 0.37962962962962965 0.9875 0.38981481481481484 0.98125 0.4009259259259259 0.9635416666666666 0.4166666666666667 0.959375 0.41388888888888886 0.9651041666666667 0.39351851851851855 0.959375 0.3814814814814815 0.9380208333333333 0.38425925925925924 0.9296875 0.37592592592592594 0.9166666666666666 0.32407407407407407 0.9041666666666667 0.29907407407407405 0.9015625 0.28425925925925927 0.9078125 0.26944444444444443 0.9348958333333334 0.24074074074074073 0.9546875 0.22870370370370371 0.9640625 0.23148148148148148
1 0.9953125 0.24722222222222223 0.9994791666666667 0.2490740740740741 0.9994791666666667 0.31574074074074077 0.9859375 0.29907407407407405 0.9739583333333334 0.25925925925925924 0.9739583333333334 0.25462962962962965 0.9770833333333333 0.25092592592592594 0.9947916666666666 0.24722222222222223
1 0.9317708333333333 0.38055555555555554 0.9375 0.3861111111111111 0.9427083333333334 0.4 0.9598958333333333 0.39166666666666666 0.9598958333333333 0.3972222222222222 0.9552083333333333 0.4 0.9578125 0.40370370370370373 0.9572916666666667 0.4148148148148148 0.9598958333333333 0.4185185185185185 0.9692708333333333 0.4185185185185185 0.9697916666666667 0.4212962962962963 0.9635416666666666 0.425 0.96875 0.4462962962962963 0.9729166666666667 0.45092592592592595 0.984375 0.45185185185185184 0.9880208333333333 0.4583333333333333 0.9880208333333333 0.46296296296296297 0.984375 0.4666666666666667 0.9739583333333334 0.4703703703703704 0.953125 0.4675925925925926 0.9432291666666667 0.4361111111111111 0.9359375 0.4305555555555556 0.9302083333333333 0.41944444444444445 0.9182291666666667 0.4111111111111111 0.9114583333333334 0.4 0.9036458333333334 0.37962962962962965 0.9010416666666666 0.35648148148148145 0.9010416666666666 0.34074074074074073 0.9098958333333333 0.32407407407407407 0.9161458333333333 0.32685185185185184 0.9203125 0.3509259259259259 0.93125 0.38055555555555554
1 0.23802083333333332 0.7083333333333334 0.2453125 0.7101851851851851 0.246875 0.7166666666666667 0.2421875 0.7425925925925926 0.23541666666666666 0.8101851851851852 0.221875 0.8472222222222222 0.2203125 0.8666666666666667 0.2171875 0.8694444444444445 0.20989583333333334 0.8685185185185185 0.20572916666666666 0.862037037037037 0.20625 0.8518518518518519 0.20885416666666667 0.8444444444444444 0.20833333333333334 0.8240740740740741 0.20572916666666666 0.8101851851851852 0.2078125 0.7787037037037037 0.215625 0.7240740740740741 0.21927083333333333 0.7101851851851851 0.2375 0.7083333333333334