0 0.35 0.8444444444444444 0.35572916666666665 0.8518518518518519 0.3645833333333333 0.8546296296296296 0.36822916666666666 0.8611111111111112 0.36666666666666664 0.8777777777777778 0.3609375 0.8842592592592593 0.353125 0.8814814814814815 0.3494791666666667 0.8685185185185185 0.34270833333333334 0.8574074074074074 0.34322916666666664 0.8453703703703703 0.34479166666666666 0.8425925925925926 0.3494791666666667 0.8444444444444444
0 0.321875 0.7638888888888888 0.3260416666666667 0.7675925925925926 0.325 0.8083333333333333 0.32760416666666664 0.8166666666666667 0.3234375 0.825 0.31614583333333335 0.825 0.3109375 0.8212962962962963 0.3109375 0.8157407407407408 0.315625 0.8074074074074075 0.31614583333333335 0.7685185185185185 0.3177083333333333 0.7648148148148148 0.32135416666666666 0.7638888888888888
0 0.5151041666666667 0.6953703703703704 0.5223958333333333 0.6981481481481482 0.5286458333333334 0.7046296296296296 0.5333333333333333 0.7129629629629629 0.534375 0.7203703703703703 0.5296875 0.737037037037037 0.521875 0.7462962962962963 0.5166666666666667 0.7638888888888888 0.5052083333333334 0.8185185185185185 0.4947916666666667 0.8546296296296296 0.49114583333333334 0.8824074074074074 0.4744791666666667 0.9555555555555556 0.4713541666666667 0.9657407407407408 0.4661458333333333 0.9712962962962963 0.46145833333333336 0.9694444444444444 0.45729166666666665 0.962037037037037 0.45729166666666665 0.9462962962962963 0.5057291666666667 0.7379629629629629 0.5046875 0.712037037037037 0.5109375 0.6962962962962963 0.5145833333333333 0.6953703703703704
0 0.371875 0.49074074074074076 0.37552083333333336 0.4962962962962963 0.375 0.5074074074074074 0.3619791666666667 0.5305555555555556 0.3567708333333333 0.5351851851851852 0.3536458333333333 0.5314814814814814 0.3541666666666667 0.5212962962962963 0.3640625 0.4925925925925926 0.37135416666666665 0.49074074074074076
0 0.5291666666666667 0.3074074074074074 0.5348958333333333 0.31666666666666665 0.5447916666666667 0.3648148148148148 0.5505208333333333 0.3731481481481482 0.5546875 0.3851851851851852 0.5546875 0.3925925925925926 0.5505208333333333 0.40185185185185185 0.5380208333333333 0.4083333333333333 0.5328125 0.4064814814814815 0.5286458333333334 0.39537037037037037 0.5286458333333334 0.3787037037037037 0.5166666666666667 0.32592592592592595 0.5166666666666667 0.3175925925925926 0.5192708333333333 0.3111111111111111 0.5244791666666667 0.30648148148148147 0.5286458333333334 0.3074074074074074
0 0.41302083333333334 0.6240740740740741 0.4171875 0.6287037037037037 0.41822916666666665 0.6351851851851852 0.41510416666666666 0.6481481481481481 0.38697916666666665 0.6583333333333333 0.37916666666666665 0.6703703703703704 0.3729166666666667 0.6703703703703704 0.365625 0.662962962962963 0.3640625 0.6435185185185185 0.36822916666666666 0.6324074074074074 0.3734375 0.6268518518518519 0.3770833333333333 0.6268518518518519 0.384375 0.6351851851851852 0.4125 0.6240740740740741
0 0.5588541666666667 0.1175925925925926 0.5619791666666667 0.12407407407407407 0.5625 0.1388888888888889 0.5598958333333334 0.14629629629629629 0.5567708333333333 0.14814814814814814 0.5411458333333333 0.14351851851851852 0.48020833333333335 0.16018518518518518 0.471875 0.16018518518518518 0.46927083333333336 0.1574074074074074 0.46822916666666664 0.15 0.4703125 0.14444444444444443 0.5 0.13518518518518519 0.5244791666666667 0.13148148148148148 0.5447916666666667 0.125 0.5552083333333333 0.11666666666666667 0.5583333333333333 0.1175925925925926
0 0.31197916666666664 0.2412037037037037 0.052083333333333336 0.09351851851851851
0 0.39114583333333336 0.25462962962962965 0.4010416666666667 0.2601851851851852 0.4119791666666667 0.25833333333333336 0.41875 0.2675925925925926 0.41822916666666665 0.28425925925925927 0.41302083333333334 0.29444444444444445 0.4078125 0.29444444444444445 0.384375 0.2777777777777778 0.38125 0.2712962962962963 0.38125 0.262037037037037 0.3848958333333333 0.25555555555555554 0.390625 0.25462962962962965
0 0.465625 0.6111111111111112 0.46822916666666664 0.6138888888888889 0.46458333333333335 0.6435185185185185 0.4666666666666667 0.7129629629629629 0.46145833333333336 0.7194444444444444 0.45625 0.7185185185185186 0.45416666666666666 0.7129629629629629 0.45208333333333334 0.6314814814814815 0.44635416666666666 0.6175925925925926 0.4473958333333333 0.6138888888888889 0.4510416666666667 0.612037037037037 0.46510416666666665 0.6111111111111112
0 0.32864583333333336 0.37962962962962965 0.3338541666666667 0.3851851851851852 0.334375 0.39166666666666666 0.32760416666666664 0.40555555555555556 0.32395833333333335 0.4083333333333333 0.3203125 0.40370370370370373 0.32083333333333336 0.3962962962962963 0.32447916666666665 0.3814814814814815 0.328125 0.37962962962962965
0 0.328125 0.4981481481481482 0.3296875 0.5009259259259259 0.32916666666666666 0.5083333333333333 0.3255208333333333 0.524074074074074 0.3223958333333333 0.5277777777777778 0.31666666666666665 0.525 0.315625 0.5175925925925926 0.32447916666666665 0.4981481481481482 0.32760416666666664 0.4981481481481482
0 0.4625 0.7935185185185185 0.46458333333333335 0.7981481481481482 0.4671875 0.8231481481481482 0.4671875 0.8314814814814815 0.46458333333333335 0.8361111111111111 0.459375 0.8324074074074074 0.4557291666666667 0.812962962962963 0.4515625 0.8064814814814815 0.45260416666666664 0.799074074074074 0.4583333333333333 0.7935185185185185 0.46197916666666666 0.7935185185185185
2 0.43020833333333336 0.524074074074074 0.4322916666666667 0.5277777777777778 0.43072916666666666 0.5398148148148149 0.4276041666666667 0.5388888888888889 0.42604166666666665 0.5333333333333333 0.4270833333333333 0.525 0.4296875 0.524074074074074
2 0.353125 0.7333333333333333 0.3578125 0.7481481481481481 0.35833333333333334 0.762962962962963 0.3567708333333333 0.7722222222222223 0.35260416666666666 0.7787037037037037 0.3463541666666667 0.774074074074074 0.34270833333333334 0.7583333333333333 0.34270833333333334 0.7453703703703703 0.34479166666666666 0.737037037037037 0.3489583333333333 0.7314814814814815 0.35260416666666666 0.7333333333333333
2 0.47760416666666666 0.28888888888888886 0.48020833333333335 0.29907407407407405 0.47604166666666664 0.3111111111111111 0.471875 0.3101851851851852 0.46927083333333336 0.29907407407407405 0.47239583333333335 0.2898148148148148 0.47708333333333336 0.28888888888888886
2 0.4630208333333333 0.45925925925925926 0.4666666666666667 0.4685185185185185 0.4666666666666667 0.4787037037037037 0.4630208333333333 0.48148148148148145 0.45989583333333334 0.48148148148148145 0.45677083333333335 0.4722222222222222 0.4583333333333333 0.462037037037037 0.4625 0.45925925925925926
2 0.4192708333333333 0.8157407407407408 0.42291666666666666 0.8240740740740741 0.4239583333333333 0.8333333333333334 0.42291666666666666 0.8407407407407408 0.4197916666666667 0.8444444444444444 0.415625 0.8425925925925926 0.4119791666666667 0.8305555555555556 0.4140625 0.8175925925925925 0.41875 0.8157407407407408
2 0.40520833333333334 0.3398148148148148 0.41041666666666665 0.3453703703703704 0.4125 0.35555555555555557 0.4114583333333333 0.3712962962962963 0.40572916666666664 0.38425925925925924 0.39791666666666664 0.37962962962962965 0.39479166666666665 0.3685185185185185 0.3963541666666667 0.34814814814814815 0.39895833333333336 0.3425925925925926 0.4046875 0.3398148148148148
2 0.5041666666666667 0.31666666666666665 0.5114583333333333 0.3296296296296296 0.5119791666666667 0.34814814814814815 0.509375 0.36203703703703705 0.503125 0.3731481481481482 0.49375 0.37037037037037035 0.48854166666666665 0.36018518518518516 0.4875 0.34814814814814815 0.4921875 0.32407407407407407 0.49635416666666665 0.3175925925925926 0.5036458333333333 0.31666666666666665
2 0.46145833333333336 0.3685185185185185 0.4661458333333333 0.3814814814814815 0.4666666666666667 0.4 0.46458333333333335 0.4111111111111111 0.4578125 0.4212962962962963 0.453125 0.4203703703703704 0.4473958333333333 0.41203703703703703 0.44479166666666664 0.39444444444444443 0.44635416666666666 0.3824074074074074 0.4505208333333333 0.37037037037037035 0.45416666666666666 0.36666666666666664 0.4609375 0.3685185185185185
2 0.38958333333333334 0.4898148148148148 0.3921875 0.4935185185185185 0.39479166666666665 0.5074074074074074 0.39375 0.5222222222222223 0.39010416666666664 0.5287037037037037 0.3848958333333333 0.5277777777777778 0.38177083333333334 0.5212962962962963 0.3802083333333333 0.5111111111111111 0.38177083333333334 0.49722222222222223 0.3854166666666667 0.49074074074074076 0.3890625 0.4898148148148148
2 0.34270833333333334 0.6888888888888889 0.3463541666666667 0.6944444444444444 0.346875 0.7111111111111111 0.34270833333333334 0.7157407407407408 0.3390625 0.7101851851851851 0.3385416666666667 0.6953703703703704 0.3421875 0.6898148148148148
2 0.36666666666666664 0.37592592592592594 0.37083333333333335 0.3861111111111111 0.371875 0.39814814814814814 0.36822916666666666 0.41759259259259257 0.3645833333333333 0.4212962962962963 0.35833333333333334 0.4166666666666667 0.35520833333333335 0.39814814814814814 0.35885416666666664 0.37962962962962965 0.3625 0.37407407407407406 0.36614583333333334 0.37592592592592594
2 0.3890625 0.6912037037037037 0.00625 0.01574074074074074
2 0.5552083333333333 0.425 0.5588541666666667 0.43425925925925923 0.5583333333333333 0.4444444444444444 0.5552083333333333 0.45 0.55 0.44907407407407407 0.546875 0.4425925925925926 0.5484375 0.4287037037037037 0.5546875 0.425
2 0.46979166666666666 0.48148148148148145 0.47604166666666664 0.49074074074074076 0.478125 0.5111111111111111 0.475 0.5268518518518519 0.46927083333333336 0.5342592592592592 0.4609375 0.5296296296296297 0.45625 0.5138888888888888 0.45625 0.5018518518518519 0.45989583333333334 0.4861111111111111 0.46510416666666665 0.48055555555555557 0.46927083333333336 0.48148148148148145
2 0.5296875 0.48055555555555557 0.5354166666666667 0.4898148148148148 0.5369791666666667 0.5055555555555555 0.534375 0.5212962962962963 0.5291666666666667 0.5277777777777778 0.5197916666666667 0.5222222222222223 0.5166666666666667 0.5138888888888888 0.5161458333333333 0.5055555555555555 0.5197916666666667 0.48703703703703705 0.525 0.47962962962962963 0.5291666666666667 0.48055555555555557
2 0.35625 0.6092592592592593 0.35989583333333336 0.6185185185185185 0.3614583333333333 0.6361111111111111 0.35885416666666664 0.65 0.3546875 0.6546296296296297 0.35 0.6518518518518519 0.346875 0.6453703703703704 0.3453125 0.6222222222222222 0.3489583333333333 0.6101851851851852 0.35208333333333336 0.6074074074074074 0.35572916666666665 0.6092592592592593
2 0.3828125 0.674074074074074 0.38697916666666665 0.6907407407407408 0.38697916666666665 0.7037037037037037 0.384375 0.7148148148148148 0.3802083333333333 0.7203703703703703 0.37552083333333336 0.7185185185185186 0.3723958333333333 0.7129629629629629 0.3697916666666667 0.6907407407407408 0.37447916666666664 0.6731481481481482 0.38229166666666664 0.674074074074074
2 0.4078125 0.7675925925925926 0.4114583333333333 0.7722222222222223 0.41302083333333334 0.7814814814814814 0.4125 0.7925925925925926 0.41041666666666665 0.7962962962962963 0.40572916666666664 0.7962962962962963 0.40208333333333335 0.7861111111111111 0.40260416666666665 0.7731481481481481 0.40729166666666666 0.7675925925925926
1 0.22083333333333333 0 0.2828125 0 0.3098958333333333 0.012962962962962963 0.3140625 0.020370370370370372 0.31354166666666666 0.058333333333333334 0.30572916666666666 0.06296296296296296 0.28177083333333336 0.05 0.25364583333333335 0.041666666666666664 0.23177083333333334 0.018518518518518517 0.221875 0.01574074074074074 0.22083333333333333 0.000925925925925926
1 0.2864583333333333 0 0.3145833333333333 0 0.31354166666666666 0.010185185185185186 0.2869791666666667 0