0 0.8109375 0.6861111111111111 0.815625 0.6981481481481482 0.815625 0.7111111111111111 0.8135416666666667 0.7138888888888889 0.80625 0.7138888888888889 0.8 0.7092592592592593 0.7010416666666667 0.7138888888888889 0.6927083333333334 0.7138888888888889 0.6901041666666666 0.7101851851851851 0.6911458333333333 0.7 0.6947916666666667 0.6972222222222222 0.7864583333333334 0.6935185185185185 0.8 0.6916666666666667 0.8067708333333333 0.6842592592592592 0.8104166666666667 0.6861111111111111
0 0.6380208333333334 0.3638888888888889 0.7130208333333333 0.38333333333333336 0.71875 0.37962962962962965 0.7203125 0.39351851851851855 0.7171875 0.4 0.703125 0.39166666666666666 0.6333333333333333 0.37592592592592594 0.6317708333333333 0.3731481481481482 0.6322916666666667 0.36574074074074076 0.6375 0.3638888888888889
0 0.7505208333333333 0.43796296296296294 0.7557291666666667 0.44074074074074077 0.7583333333333333 0.44907407407407407 0.7598958333333333 0.4740740740740741 0.7723958333333333 0.5305555555555556 0.7770833333333333 0.5435185185185185 0.79375 0.612037037037037 0.7953125 0.6296296296296297 0.7875 0.6361111111111111 0.7822916666666667 0.6351851851851852 0.778125 0.6296296296296297 0.7723958333333333 0.6074074074074074 0.7703125 0.5888888888888889 0.7619791666666667 0.5592592592592592 0.7578125 0.5287037037037037 0.746875 0.48333333333333334 0.7442708333333333 0.47314814814814815 0.7375 0.4648148148148148 0.7359375 0.4564814814814815 0.7375 0.44722222222222224 0.7411458333333333 0.44074074074074077 0.75 0.43796296296296294
0 0.5848958333333333 0.4888888888888889 0.5880208333333333 0.49444444444444446 0.5885416666666666 0.5074074074074074 0.5744791666666667 0.5148148148148148 0.5692708333333333 0.5120370370370371 0.5692708333333333 0.5046296296296297 0.584375 0.4888888888888889
0 0.2911458333333333 0.6962962962962963 0.2947916666666667 0.7 0.296875 0.7074074074074074 0.2989583333333333 0.725925925925926 0.2989583333333333 0.7324074074074074 0.296875 0.737037037037037 0.28958333333333336 0.7379629629629629 0.28229166666666666 0.7333333333333333 0.25625 0.7425925925925926 0.2526041666666667 0.7416666666666667 0.25052083333333336 0.737037037037037 0.25104166666666666 0.7222222222222222 0.28177083333333336 0.7101851851851851 0.2869791666666667 0.6981481481481482 0.290625 0.6962962962962963
0 0.346875 0.2833333333333333 0.35052083333333334 0.28888888888888886 0.35 0.29814814814814816 0.3453125 0.31296296296296294 0.33958333333333335 0.3194444444444444 0.3359375 0.31666666666666665 0.33541666666666664 0.3101851851851852 0.3421875 0.2851851851851852 0.3463541666666667 0.2833333333333333
0 0.2828125 0.5962962962962963 0.28541666666666665 0.6018518518518519 0.28541666666666665 0.612037037037037 0.27760416666666665 0.65 0.27760416666666665 0.6685185185185185 0.275 0.6805555555555556 0.2703125 0.6842592592592592 0.2604166666666667 0.6814814814814815 0.2552083333333333 0.6675925925925926 0.25729166666666664 0.6574074074074074 0.2640625 0.6416666666666667 0.2734375 0.5981481481481481 0.2760416666666667 0.5953703703703703 0.28229166666666666 0.5962962962962963
0 0.4505208333333333 0.26481481481481484 0.4552083333333333 0.2712962962962963 0.45625 0.27870370370370373 0.44635416666666666 0.30648148148148147 0.44166666666666665 0.31296296296296294 0.43645833333333334 0.3111111111111111 0.434375 0.3 0.4421875 0.27037037037037037 0.4453125 0.26481481481481484 0.45 0.26481481481481484
0 0.5864583333333333 0.6675925925925926 0.5911458333333334 0.674074074074074 0.5901041666666667 0.7018518518518518 0.5880208333333333 0.7101851851851851 0.5828125 0.7064814814814815 0.58125 0.6907407407407408 0.5776041666666667 0.6787037037037037 0.5786458333333333 0.6703703703703704 0.5859375 0.6675925925925926
0 0.6442708333333333 0.5398148148148149 0.6489583333333333 0.549074074074074 0.6484375 0.5740740740740741 0.646875 0.5777777777777777 0.6432291666666666 0.5777777777777777 0.6411458333333333 0.5740740740740741 0.6364583333333333 0.55 0.6390625 0.5416666666666666 0.64375 0.5398148148148149
0 0.6479166666666667 0.25925925925925924 0.6510416666666666 0.2638888888888889 0.6765625 0.2722222222222222 0.6776041666666667 0.27685185185185185 0.6760416666666667 0.2861111111111111 0.6723958333333333 0.29074074074074074 0.6536458333333334 0.28425925925925927 0.6442708333333333 0.28703703703703703 0.640625 0.2851851851851852 0.6416666666666667 0.2657407407407407 0.64375 0.25925925925925924 0.6473958333333333 0.25925925925925924
2 0.596875 0.2712962962962963 0.6046875 0.27870370370370373 0.6041666666666666 0.2861111111111111 0.6 0.28888888888888886 0.5880208333333333 0.28703703703703703 0.584375 0.28055555555555556 0.5848958333333333 0.2759259259259259 0.5880208333333333 0.2722222222222222 0.5963541666666666 0.2712962962962963
2 0.3625 0.4726851851851852 0.011458333333333333 0.013888888888888888
2 0.41510416666666666 0.6055555555555555 0.41822916666666665 0.6101851851851852 0.41875 0.6166666666666667 0.4125 0.6240740740740741 0.4046875 0.6231481481481481 0.40208333333333335 0.6129629629629629 0.40625 0.6055555555555555 0.41458333333333336 0.6055555555555555
2 0.45729166666666665 0.46296296296296297 0.46145833333333336 0.4703703703703704 0.45729166666666665 0.47685185185185186 0.4505208333333333 0.47314814814814815 0.4505208333333333 0.4666666666666667 0.45677083333333335 0.46296296296296297
2 0.6307291666666667 0.5842592592592593 0.6338541666666667 0.5888888888888889 0.6333333333333333 0.5944444444444444 0.6307291666666667 0.5953703703703703 0.6270833333333333 0.5944444444444444 0.625 0.5898148148148148 0.6260416666666667 0.5851851851851851 0.6302083333333334 0.5842592592592593
2 0.47890625 0.412962962962963 0.024479166666666666 0.025925925925925925
2 0.6630208333333333 0.5444444444444444 0.6671875 0.55 0.6651041666666667 0.5583333333333333 0.6588541666666666 0.5574074074074075 0.6552083333333333 0.5518518518518518 0.6567708333333333 0.5453703703703704 0.6625 0.5444444444444444
2 0.47760416666666666 0.5787037037037037 0.4817708333333333 0.5842592592592593 0.4786458333333333 0.5898148148148148 0.4739583333333333 0.5898148148148148 0.47239583333333335 0.5861111111111111 0.4739583333333333 0.5796296296296296 0.47708333333333336 0.5787037037037037
2 0.34479166666666666 0.5833333333333334 0.35208333333333336 0.5925925925925926 0.35260416666666666 0.6037037037037037 0.3484375 0.6129629629629629 0.3390625 0.6194444444444445 0.3302083333333333 0.6194444444444445 0.325 0.6157407407407407 0.3229166666666667 0.6101851851851852 0.3229166666666667 0.6018518518518519 0.33125 0.5879629629629629 0.34427083333333336 0.5833333333333334
2 0.41458333333333336 0.4648148148148148 0.41770833333333335 0.4685185185185185 0.41822916666666665 0.4759259259259259 0.4125 0.48148148148148145 0.40572916666666664 0.47962962962962963 0.4036458333333333 0.47314814814814815 0.40572916666666664 0.4666666666666667 0.4140625 0.4648148148148148
2 0.6390625 0.4351851851851852 0.6421875 0.4388888888888889 0.6421875 0.4425925925925926 0.6401041666666667 0.4444444444444444 0.6354166666666666 0.4425925925925926 0.634375 0.4388888888888889 0.6385416666666667 0.4351851851851852
2 0.4744791666666667 0.38981481481481484 0.4744791666666667 0.3861111111111111 0.47708333333333336 0.38333333333333336 0.48125 0.38425925925925924 0.4822916666666667 0.3888888888888889 0.4791666666666667 0.39166666666666666 0.475 0.38981481481481484
2 0.384375 0.31296296296296294 0.3890625 0.3175925925925926 0.3890625 0.32592592592592595 0.3765625 0.33240740740740743 0.3697916666666667 0.3296296296296296 0.36770833333333336 0.3212962962962963 0.37395833333333334 0.3138888888888889 0.38385416666666666 0.31296296296296294
2 0.3703125 0.4074074074074074 0.37395833333333334 0.4148148148148148 0.3723958333333333 0.41944444444444445 0.36614583333333334 0.4222222222222222 0.3614583333333333 0.4212962962962963 0.359375 0.41574074074074074 0.35989583333333336 0.4111111111111111 0.3640625 0.4074074074074074 0.3697916666666667 0.4074074074074074
2 0.475 0.5324074074074074 0.47604166666666664 0.5388888888888889 0.4734375 0.5416666666666666 0.46927083333333336 0.5407407407407407 0.46822916666666664 0.5351851851851852 0.4703125 0.5314814814814814 0.4744791666666667 0.5324074074074074
2 0.4984375 0.6101851851851852 0.5010416666666667 0.6203703703703703 0.4953125 0.6277777777777778 0.4875 0.6259259259259259 0.48541666666666666 0.6231481481481481 0.48489583333333336 0.6157407407407407 0.4901041666666667 0.6083333333333333 0.4979166666666667 0.6101851851851852
2 0.38385416666666666 0.2851851851851852 0.38697916666666665 0.28888888888888886 0.3880208333333333 0.2962962962962963 0.3796875 0.3037037037037037 0.3703125 0.3 0.3697916666666667 0.2898148148148148 0.37604166666666666 0.28425925925925927 0.38333333333333336 0.2851851851851852
2 0.4947916666666667 0.2972222222222222 0.5015625 0.3 0.5046875 0.3074074074074074 0.503125 0.3138888888888889 0.4973958333333333 0.3175925925925926 0.48802083333333335 0.31666666666666665 0.48333333333333334 0.3101851851851852 0.4864583333333333 0.3 0.4942708333333333 0.2972222222222222
2 0.5916666666666667 0.3824074074074074 0.5979166666666667 0.3814814814814815 0.6010416666666667 0.3861111111111111 0.5989583333333334 0.39166666666666666 0.5942708333333333 0.39166666666666666 0.590625 0.387037037037037 0.5916666666666667 0.38333333333333336
2 0.38229166666666664 0.6907407407407408 0.3890625 0.7 0.39010416666666664 0.7148148148148148 0.384375 0.725925925925926 0.3734375 0.7324074074074074 0.36041666666666666 0.7277777777777777 0.3572916666666667 0.7194444444444444 0.3578125 0.7092592592592593 0.36770833333333336 0.6916666666666667 0.3729166666666667 0.6888888888888889 0.38177083333333334 0.6907407407407408
2 0.4588541666666667 0.3287037037037037 0.4640625 0.3351851851851852 0.4640625 0.3435185185185185 0.45677083333333335 0.35 0.44583333333333336 0.34814814814814815 0.4427083333333333 0.3425925925925926 0.4432291666666667 0.33240740740740743 0.4484375 0.32685185185185184 0.4583333333333333 0.3287037037037037
2 0.4484375 0.325 0.4505208333333333 0.325 0.4473958333333333 0.32592592592592595 0.4432291666666667 0.3333333333333333 0.4421875 0.3416666666666667 0.4375 0.34074074074074073 0.4359375 0.3296296296296296 0.4401041666666667 0.325 0.4479166666666667 0.325
1 0.21666666666666667 0.225 0.22291666666666668 0.2324074074074074 0.22864583333333333 0.2657407407407407 0.23489583333333333 0.32037037037037036 0.234375 0.3314814814814815 0.23125 0.3416666666666667 0.23802083333333332 0.34444444444444444 0.21770833333333334 0.34814814814814815 0.21197916666666666 0.34629629629629627 0.20989583333333334 0.3398148148148148 0.2046875 0.29444444444444445 0.19583333333333333 0.24444444444444444 0.19583333333333333 0.23703703703703705 0.19947916666666668 0.22685185185185186 0.1984375 0.21574074074074073 0.2 0.2111111111111111 0.20416666666666666 0.20833333333333334 0.21145833333333333 0.20925925925925926 0.21614583333333334 0.225
1 0.9994791666666667 0.41388888888888886 0.9994791666666667 0.47129629629629627 0.9973958333333334 0.47314814814814815 0.9994791666666667 0.475 0.9994791666666667 0.5342592592592592 0.9958333333333333 0.5398148148148149 0.9796875 0.5287037037037037 0.975 0.5185185185185185 0.99375 0.4462962962962963 0.996875 0.4287037037037037 0.9953125 0.4185185185185185 0.9989583333333333 0.41388888888888886
1 0.9338541666666667 0.5851851851851851 0.9463541666666667 0.5981481481481481 0.9520833333333333 0.6083333333333333 0.953125 0.6129629629629629 0.9473958333333333 0.6296296296296297 0.9479166666666666 0.6333333333333333 0.9536458333333333 0.6398148148148148 0.9609375 0.6546296296296297 0.9630208333333333 0.6675925925925926 0.9473958333333333 0.7138888888888889 0.9395833333333333 0.7546296296296297 0.934375 0.7620370370370371 0.9192708333333334 0.7583333333333333 0.9005208333333333 0.7444444444444445 0.8869791666666667 0.7305555555555555 0.8791666666666667 0.7166666666666667 0.8802083333333334 0.7018518518518518 0.8927083333333333 0.6666666666666666 0.9 0.6259259259259259 0.9036458333333334 0.6194444444444445 0.9109375 0.6148148148148148 0.9255208333333333 0.6175925925925926 0.93125 0.6046296296296296 0.9276041666666667 0.5851851851851851 0.9333333333333333 0.5851851851851851
1 0.9807291666666667 0.587037037037037 0.9833333333333333 0.6212962962962963 0.9822916666666667 0.6370370370370371 0.9895833333333334 0.6574074074074074 0.9901041666666667 0.6759259259259259 0.975 0.7324074074074074 0.9708333333333333 0.7398148148148148 0.9640625 0.7435185185185185 0.953125 0.7435185185185185 0.9447916666666667 0.7379629629629629 0.9484375 0.7129629629629629 0.9635416666666666 0.6685185185185185 0.9614583333333333 0.6546296296296297 0.9505208333333334 0.6314814814814815 0.953125 0.6259259259259259 0.9598958333333333 0.6231481481481481 0.9723958333333333 0.6018518518518519 0.9744791666666667 0.5861111111111111 0.9802083333333333 0.587037037037037
1 0.9364583333333333 0.5370370370370371 0.9515625 0.5416666666666666 0.9526041666666667 0.549074074074074 0.95 0.5527777777777778 0.9385416666666667 0.5564814814814815 0.9333333333333333 0.5638888888888889 0.9302083333333333 0.575 0.9317708333333333 0.5805555555555556 0.9364583333333333 0.5814814814814815 0.9286458333333333 0.5805555555555556 0.9260416666666667 0.5842592592592593 0.928125 0.5990740740740741 0.9265625 0.612037037037037 0.9098958333333333 0.6129629629629629 0.9 0.6240740740740741 0.8932291666666666 0.65 0.8916666666666667 0.6657407407407407 0.8869791666666667 0.6768518518518518 0.8791666666666667 0.6666666666666666 0.8770833333333333 0.6537037037037037 0.8776041666666666 0.6333333333333333 0.8838541666666667 0.6101851851851852 0.8901041666666667 0.5972222222222222 0.9 0.5898148148148148 0.9052083333333333 0.5777777777777777 0.9145833333333333 0.5685185185185185 0.91875 0.5388888888888889 0.9255208333333333 0.5361111111111111 0.9359375 0.5370370370370371
1 0.24166666666666667 0.19907407407407407 0.2453125 0.20555555555555555 0.2484375 0.22777777777777777 0.25625 0.25462962962962965 0.2640625 0.3314814814814815 0.2640625 0.3416666666666667 0.259375 0.3453703703703704 0.24010416666666667 0.3435185185185185 0.23125 0.2851851851851852 0.22864583333333333 0.2490740740740741 0.23125 0.22592592592592592 0.2296875 0.20555555555555555 0.23333333333333334 0.19907407407407407 0.24114583333333334 0.19907407407407407