0 0.5848958333333333 0.2935185185185185 0.5911458333333334 0.29259259259259257 0.59375 0.32314814814814813 0.596875 0.33425925925925926 0.5963541666666666 0.3398148148148148 0.590625 0.3435185185185185 0.5859375 0.3398148148148148 0.5848958333333333 0.29444444444444445
0 0.40260416666666665 0.7425925925925926 0.46927083333333336 0.875 0.4875 0.899074074074074 0.48854166666666665 0.9074074074074074 0.48489583333333336 0.924074074074074 0.47552083333333334 0.9324074074074075 0.46979166666666666 0.9296296296296296 0.46145833333333336 0.8972222222222223 0.4354166666666667 0.8425925925925926 0.428125 0.8342592592592593 0.40729166666666666 0.7925925925925926 0.3890625 0.7657407407407407 0.39114583333333336 0.75 0.3953125 0.7425925925925926 0.40208333333333335 0.7425925925925926
0 0.46875 0.09074074074074075 0.4765625 0.11203703703703703 0.48020833333333335 0.11481481481481481 0.4796875 0.125 0.4739583333333333 0.13240740740740742 0.46979166666666666 0.1287037037037037 0.4640625 0.1037037037037037 0.4640625 0.0962962962962963 0.46822916666666664 0.09074074074074075
0 0.39375 0.10833333333333334 0.45677083333333335 0.21944444444444444 0.46458333333333335 0.225 0.4640625 0.23796296296296296 0.4578125 0.2462962962962963 0.4552083333333333 0.24351851851851852 0.4510416666666667 0.22870370370370371 0.4265625 0.18518518518518517 0.4109375 0.16574074074074074 0.39114583333333336 0.13240740740740742 0.38697916666666665 0.11944444444444445 0.3875 0.11388888888888889 0.3932291666666667 0.10833333333333334
0 0.615625 0.3 0.6192708333333333 0.3055555555555556 0.6166666666666667 0.31203703703703706 0.6072916666666667 0.3175925925925926 0.6036458333333333 0.3175925925925926 0.6026041666666667 0.3138888888888889 0.6057291666666667 0.3 0.5994791666666667 0.24351851851851852 0.603125 0.23981481481481481 0.6067708333333334 0.23981481481481481 0.6083333333333333 0.24351851851851852 0.6130208333333333 0.2935185185185185 0.6151041666666667 0.3
0 0.6109375 0.6944444444444444 0.6130208333333333 0.6990740740740741 0.6130208333333333 0.7092592592592593 0.6088541666666667 0.8157407407407408 0.6109375 0.8342592592592593 0.6088541666666667 0.8379629629629629 0.6020833333333333 0.837037037037037 0.6 0.8296296296296296 0.603125 0.8194444444444444 0.6057291666666667 0.7018518518518518 0.6078125 0.6944444444444444 0.6104166666666667 0.6944444444444444
0 0.5427083333333333 0.42314814814814816 0.5463541666666667 0.42592592592592593 0.546875 0.4324074074074074 0.5427083333333333 0.44166666666666665 0.5421875 0.4935185185185185 0.5395833333333333 0.49907407407407406 0.5322916666666667 0.49907407407407406 0.5291666666666667 0.49444444444444446 0.5291666666666667 0.4462962962962963 0.5265625 0.42962962962962964 0.5286458333333334 0.42314814814814816 0.5421875 0.42314814814814816
0 0.5963541666666666 0.44351851851851853 0.6067708333333334 0.4425925925925926 0.609375 0.48703703703703705 0.6135416666666667 0.49537037037037035 0.6130208333333333 0.5018518518518519 0.609375 0.5046296296296297 0.6005208333333333 0.5055555555555555 0.5979166666666667 0.5027777777777778 0.5963541666666666 0.4444444444444444
0 0.5125 0.7444444444444445 0.5192708333333333 0.7509259259259259 0.5229166666666667 0.762962962962963 0.5197916666666667 0.7703703703703704 0.5125 0.7787037037037037 0.5046875 0.799074074074074 0.5020833333333333 0.8037037037037037 0.4984375 0.8046296296296296 0.4942708333333333 0.8 0.49375 0.7925925925925926 0.5041666666666667 0.7657407407407407 0.50625 0.7509259259259259 0.5119791666666667 0.7453703703703703
0 0.5786458333333333 0.7814814814814814 0.58125 0.7861111111111111 0.58125 0.7916666666666666 0.5796875 0.812037037037037 0.5776041666666667 0.8148148148148148 0.5734375 0.812037037037037 0.5713541666666667 0.7870370370370371 0.5729166666666666 0.7833333333333333 0.578125 0.7814814814814814
2 0.5552083333333333 0.7953703703703704 0.5598958333333334 0.8064814814814815 0.5598958333333334 0.8212962962962963 0.5572916666666666 0.8333333333333334 0.5536458333333333 0.8388888888888889 0.55 0.8388888888888889 0.5473958333333333 0.8324074074074074 0.546875 0.8138888888888889 0.5494791666666666 0.8009259259259259 0.5515625 0.7962962962962963 0.5546875 0.7953703703703704
2 0.5359375 0.7907407407407407 0.5385416666666667 0.8 0.5390625 0.8138888888888889 0.5359375 0.8287037037037037 0.5317708333333333 0.8342592592592593 0.5265625 0.8314814814814815 0.525 0.8101851851851852 0.5276041666666667 0.7944444444444444 0.5317708333333333 0.7888888888888889 0.5354166666666667 0.7907407407407407
2 0.4557291666666667 0.35462962962962963 0.46197916666666666 0.3685185185185185 0.4630208333333333 0.387037037037037 0.4609375 0.39814814814814814 0.4546875 0.4064814814814815 0.44947916666666665 0.4046296296296296 0.44583333333333336 0.3972222222222222 0.44375 0.387037037037037 0.44375 0.37222222222222223 0.44895833333333335 0.35555555555555557 0.4552083333333333 0.35462962962962963
2 0.421875 0.41388888888888886 0.42864583333333334 0.42685185185185187 0.4296875 0.44722222222222224 0.4265625 0.4601851851851852 0.4203125 0.4675925925925926 0.41510416666666666 0.4666666666666667 0.41041666666666665 0.45740740740740743 0.4078125 0.4351851851851852 0.40989583333333335 0.42314814814814816 0.41458333333333336 0.41388888888888886 0.42135416666666664 0.41388888888888886
2 0.5447916666666667 0.38333333333333336 0.5463541666666667 0.3861111111111111 0.5458333333333333 0.3962962962962963 0.5421875 0.39351851851851855 0.5421875 0.3861111111111111 0.5442708333333334 0.38333333333333336
2 0.4921875 0.3490740740740741 0.496875 0.35555555555555557 0.49895833333333334 0.36666666666666664 0.4984375 0.38055555555555554 0.49270833333333336 0.39166666666666666 0.48854166666666665 0.3907407407407407 0.48541666666666666 0.3861111111111111 0.4828125 0.3712962962962963 0.484375 0.35555555555555557 0.4869791666666667 0.3509259259259259 0.49166666666666664 0.3490740740740741
2 0.5765625 0.22407407407407406 0.5802083333333333 0.2388888888888889 0.5802083333333333 0.2518518518518518 0.5791666666666667 0.25833333333333336 0.5755208333333334 0.2638888888888889 0.5723958333333333 0.26296296296296295 0.5692708333333333 0.25555555555555554 0.5682291666666667 0.2361111111111111 0.5713541666666667 0.22314814814814815 0.5734375 0.2212962962962963 0.5760416666666667 0.22407407407407406
2 0.5182291666666666 0.27685185185185185 0.5223958333333333 0.2824074074074074 0.5244791666666667 0.2935185185185185 0.5229166666666667 0.3111111111111111 0.5182291666666666 0.31574074074074077 0.5130208333333334 0.3055555555555556 0.5125 0.28888888888888886 0.5140625 0.2814814814814815 0.5177083333333333 0.2777777777777778
2 0.5291666666666667 0.22685185185185186 0.007291666666666667 0.020370370370370372
2 0.5177083333333333 0.5083333333333333 0.5203125 0.524074074074074 0.5161458333333333 0.5333333333333333 0.5125 0.5305555555555556 0.5114583333333333 0.5166666666666667 0.5140625 0.5083333333333333 0.5171875 0.5083333333333333
2 0.5572916666666666 0.47962962962962963 0.5614583333333333 0.48518518518518516 0.5635416666666667 0.49537037037037035 0.5619791666666667 0.5166666666666667 0.5588541666666667 0.5222222222222223 0.5552083333333333 0.5222222222222223 0.5505208333333333 0.5092592592592593 0.5515625 0.487962962962963 0.5567708333333333 0.48055555555555557
1 0.5854166666666667 0 0.653125 0 0.646875 0.010185185185185186 0.6046875 0.025925925925925925 0.5989583333333334 0.030555555555555555 0.5958333333333333 0.02962962962962963 0.5890625 0.03611111111111111 0.5864583333333333 0.03518518518518519 0.5854166666666667 0.000925925925925926
1 0.6651041666666667 0.020370370370370372 0.6677083333333333 0.023148148148148147 0.6692708333333334 0.03425925925925926 0.66875 0.04259259259259259 0.6666666666666666 0.046296296296296294 0.659375 0.04814814814814815 0.6390625 0.06759259259259259 0.6072916666666667 0.075 0.5890625 0.08425925925925926 0.5864583333333333 0.07962962962962963 0.5864583333333333 0.044444444444444446 0.5895833333333333 0.03796296296296296 0.6197916666666666 0.023148148148148147 0.6354166666666666 0.021296296296296296 0.6494791666666667 0.025 0.6645833333333333 0.020370370370370372