0 0.4588541666666667 0.6314814814814815 0.4635416666666667 0.637962962962963 0.4864583333333333 0.6462962962962963 0.48854166666666665 0.6527777777777778 0.48854166666666665 0.6620370370370371 0.484375 0.6685185185185185 0.4640625 0.6620370370370371 0.45208333333333334 0.6648148148148149 0.44895833333333335 0.6574074074074074 0.44947916666666665 0.6416666666666667 0.453125 0.6333333333333333 0.4583333333333333 0.6314814814814815
0 0.5229166666666667 0.6416666666666667 0.5255208333333333 0.6472222222222223 0.525 0.6712962962962963 0.5229166666666667 0.6731481481481482 0.5192708333333333 0.6694444444444444 0.5171875 0.6518518518518519 0.5177083333333333 0.6435185185185185 0.5223958333333333 0.6416666666666667
0 0.4875 0.5638888888888889 0.4859375 0.5472222222222223 0.490625 0.5416666666666666 0.6166666666666667 0.524074074074074 0.6239583333333333 0.512962962962963 0.6276041666666666 0.512962962962963 0.6296875 0.5185185185185185 0.63125 0.5425925925925926 0.6276041666666666 0.5509259259259259 0.6171875 0.5472222222222223 0.509375 0.5638888888888889 0.48802083333333335 0.5638888888888889
0 0.5307291666666667 0.7157407407407408 0.5317708333333333 0.7277777777777777 0.5296875 0.7305555555555555 0.525 0.7277777777777777 0.5057291666666667 0.7277777777777777 0.48125 0.7314814814814815 0.4765625 0.7268518518518519 0.4765625 0.7212962962962963 0.5302083333333333 0.7157407407407408
0 0.39479166666666665 0.5583333333333333 0.39791666666666664 0.5638888888888889 0.3984375 0.575925925925926 0.3963541666666667 0.587037037037037 0.3921875 0.5916666666666667 0.3890625 0.5916666666666667 0.384375 0.5861111111111111 0.3578125 0.5851851851851851 0.3546875 0.5814814814814815 0.3541666666666667 0.5694444444444444 0.3578125 0.562962962962963 0.3776041666666667 0.562962962962963 0.39427083333333335 0.5583333333333333
0 0.6166666666666667 0.7314814814814815 0.6197916666666666 0.7361111111111112 0.6197916666666666 0.7490740740740741 0.6171875 0.7527777777777778 0.5921875 0.7472222222222222 0.5921875 0.7379629629629629 0.59375 0.7351851851851852 0.6125 0.737037037037037 0.6161458333333333 0.7314814814814815
0 0.35572916666666665 0.49722222222222223 0.3671875 0.5064814814814815 0.4005208333333333 0.5175925925925926 0.40208333333333335 0.5277777777777778 0.39791666666666664 0.5351851851851852 0.359375 0.5212962962962963 0.35104166666666664 0.5268518518518519 0.3489583333333333 0.5231481481481481 0.35 0.5064814814814815 0.35104166666666664 0.5009259259259259 0.35520833333333335 0.49722222222222223
0 0.4609375 0.4527777777777778 0.4625 0.4638888888888889 0.46041666666666664 0.49166666666666664 0.4583333333333333 0.4962962962962963 0.45260416666666664 0.49537037037037035 0.446875 0.4842592592592593 0.4005208333333333 0.4787037037037037 0.39739583333333334 0.4740740740740741 0.39739583333333334 0.462037037037037 0.4005208333333333 0.4546296296296296 0.4479166666666667 0.4601851851851852 0.453125 0.4527777777777778 0.46041666666666664 0.4527777777777778
0 0.4479166666666667 0.6888888888888889 0.4473958333333333 0.6796296296296296 0.44947916666666665 0.674074074074074 0.45364583333333336 0.6722222222222223 0.45625 0.675 0.4583333333333333 0.687037037037037 0.4640625 0.7027777777777777 0.484375 0.7444444444444445 0.484375 0.7546296296296297 0.48072916666666665 0.7546296296296297 0.47708333333333336 0.7490740740740741 0.46145833333333336 0.7111111111111111 0.4484375 0.6888888888888889
2 0.3625 0.6657407407407407 0.371875 0.6703703703703704 0.37395833333333334 0.6787037037037037 0.3671875 0.6851851851851852 0.3578125 0.6824074074074075 0.35572916666666665 0.6787037037037037 0.35572916666666665 0.6703703703703704 0.35833333333333334 0.6666666666666666 0.3619791666666667 0.6666666666666666
2 0.3848958333333333 0.36574074074074076 0.39166666666666666 0.37592592592592594 0.390625 0.38333333333333336 0.38697916666666665 0.387037037037037 0.37864583333333335 0.3861111111111111 0.37395833333333334 0.3768518518518518 0.3765625 0.3675925925925926 0.384375 0.36574074074074076
2 0.5708333333333333 0.3 0.5786458333333333 0.30833333333333335 0.5807291666666666 0.3148148148148148 0.5807291666666666 0.32407407407407407 0.5760416666666667 0.3351851851851852 0.5677083333333334 0.3416666666666667 0.5536458333333333 0.3388888888888889 0.5494791666666666 0.3314814814814815 0.5479166666666667 0.3194444444444444 0.55 0.3111111111111111 0.5572916666666666 0.30185185185185187 0.5703125 0.3
2 0.22083333333333333 0.3148148148148148 0.23177083333333334 0.32037037037037036 0.24010416666666667 0.33425925925925926 0.2390625 0.34814814814814815 0.234375 0.3537037037037037 0.22864583333333333 0.35555555555555557 0.215625 0.3490740740740741 0.2078125 0.3351851851851852 0.20729166666666668 0.32314814814814813 0.20989583333333334 0.3175925925925926 0.2203125 0.3148148148148148
2 0.51875 0.6814814814814815 0.521875 0.6861111111111111 0.521875 0.6916666666666667 0.5151041666666667 0.6972222222222222 0.5078125 0.6953703703703704 0.5057291666666667 0.6916666666666667 0.5057291666666667 0.6851851851851852 0.5109375 0.6814814814814815 0.5182291666666666 0.6814814814814815
2 0.28802083333333334 0.7194444444444444 0.29010416666666666 0.7240740740740741 0.2864583333333333 0.7287037037037037 0.2828125 0.7277777777777777 0.28020833333333334 0.7231481481481481 0.28177083333333336 0.7194444444444444 0.2875 0.7194444444444444
2 0.7703125 0.25925925925925924 0.7723958333333333 0.26296296296296295 0.7729166666666667 0.2722222222222222 0.76875 0.2796296296296296 0.7635416666666667 0.2833333333333333 0.7557291666666667 0.2824074074074074 0.7520833333333333 0.2722222222222222 0.7552083333333334 0.2638888888888889 0.7619791666666667 0.2574074074074074 0.7697916666666667 0.25925925925925924
2 0.6927083333333334 0.5361111111111111 0.6963541666666667 0.5407407407407407 0.6973958333333333 0.5462962962962963 0.6927083333333334 0.5583333333333333 0.6880208333333333 0.5611111111111111 0.6770833333333334 0.5592592592592592 0.675 0.5564814814814815 0.6739583333333333 0.5481481481481482 0.678125 0.5388888888888889 0.6921875 0.5361111111111111
2 0.48489583333333336 0.6194444444444445 0.48854166666666665 0.6231481481481481 0.4890625 0.6314814814814815 0.48125 0.6416666666666667 0.46875 0.6370370370370371 0.4671875 0.6287037037037037 0.46979166666666666 0.6222222222222222 0.4744791666666667 0.6194444444444445 0.484375 0.6194444444444445
2 0.4947916666666667 0.30925925925925923 0.5052083333333334 0.3175925925925926 0.5072916666666667 0.33240740740740743 0.5015625 0.3453703703703704 0.49375 0.35 0.4864583333333333 0.35 0.48020833333333335 0.34444444444444444 0.47708333333333336 0.3388888888888889 0.47604166666666664 0.32685185185185184 0.48020833333333335 0.3138888888888889 0.4942708333333333 0.30925925925925923
2 0.46041666666666664 0.375 0.46510416666666665 0.37962962962962965 0.465625 0.38796296296296295 0.45989583333333334 0.3962962962962963 0.4515625 0.39351851851851855 0.44895833333333335 0.3851851851851852 0.44895833333333335 0.38055555555555554 0.4515625 0.37592592592592594 0.45989583333333334 0.375
2 0.3963541666666667 0.6712962962962963 0.40520833333333334 0.6768518518518518 0.40677083333333336 0.6814814814814815 0.4046875 0.6898148148148148 0.4 0.6925925925925925 0.39010416666666664 0.6916666666666667 0.3848958333333333 0.6833333333333333 0.3859375 0.674074074074074 0.3958333333333333 0.6712962962962963
2 0.6557291666666667 0.5425925925925926 0.6614583333333334 0.549074074074074 0.6614583333333334 0.5564814814814815 0.6578125 0.562962962962963 0.6505208333333333 0.5685185185185185 0.6401041666666667 0.5675925925925925 0.6364583333333333 0.5638888888888889 0.6348958333333333 0.5555555555555556 0.6375 0.5481481481481482 0.6421875 0.5435185185185185 0.6552083333333333 0.5425925925925926
2 0.2630208333333333 0.5731481481481482 0.265625 0.575925925925926 0.2635416666666667 0.5824074074074074 0.25885416666666666 0.5814814814814815 0.25729166666666664 0.5777777777777777 0.2578125 0.5740740740740741 0.2625 0.5731481481481482
1 0.7328125 0.6787037037037037 0.7598958333333333 0.6796296296296296 0.7734375 0.7824074074074074 0.7729166666666667 0.7888888888888889 0.7697916666666667 0.7953703703703704 0.7697916666666667 0.8111111111111111 0.765625 0.8157407407407408 0.7567708333333333 0.8138888888888889 0.7541666666666667 0.8 0.7479166666666667 0.7944444444444444 0.7328125 0.6796296296296296
1 0.70625 0.6787037037037037 0.7307291666666667 0.6787037037037037 0.7375 0.7222222222222222 0.7411458333333333 0.7675925925925926 0.7380208333333333 0.8 0.7390625 0.8212962962962963 0.7302083333333333 0.825 0.7255208333333333 0.8203703703703704 0.725 0.8027777777777778 0.7140625 0.7657407407407407 0.70625 0.6796296296296296