0 0.5192708333333333 0.33055555555555555 0.5354166666666667 0.337037037037037 0.5473958333333333 0.33425925925925926 0.5505208333333333 0.3416666666666667 0.55 0.3574074074074074 0.54375 0.3675925925925926 0.5385416666666667 0.36666666666666664 0.5359375 0.3611111111111111 0.5130208333333334 0.3527777777777778 0.5109375 0.34629629629629627 0.5109375 0.337037037037037 0.5151041666666667 0.33055555555555555 0.51875 0.33055555555555555
0 0.47760416666666666 0.32592592592592595 0.48020833333333335 0.3296296296296296 0.4822916666666667 0.3472222222222222 0.48072916666666665 0.3574074074074074 0.4765625 0.3574074074074074 0.4739583333333333 0.35185185185185186 0.4744791666666667 0.3277777777777778 0.47708333333333336 0.32592592592592595
0 0.509375 0.43333333333333335 0.5119791666666667 0.4351851851851852 0.5135416666666667 0.45185185185185184 0.5088541666666667 0.45740740740740743 0.3828125 0.475 0.37552083333333336 0.4861111111111111 0.371875 0.4861111111111111 0.3697916666666667 0.48055555555555557 0.36822916666666666 0.4564814814814815 0.371875 0.44814814814814813 0.38229166666666664 0.45185185185185184 0.5088541666666667 0.43333333333333335
0 0.5192708333333333 0.2675925925925926 0.5239583333333333 0.275 0.5229166666666667 0.2777777777777778 0.4817708333333333 0.28055555555555556 0.4713541666666667 0.28425925925925927 0.46770833333333334 0.2814814814814815 0.46770833333333334 0.2712962962962963 0.46979166666666666 0.26851851851851855 0.4744791666666667 0.2712962962962963 0.49375 0.2712962962962963 0.51875 0.2675925925925926
0 0.6104166666666667 0.4074074074074074 0.6151041666666667 0.412962962962963 0.6432291666666666 0.4148148148148148 0.6453125 0.42962962962962964 0.6416666666666667 0.4361111111111111 0.621875 0.4361111111111111 0.6098958333333333 0.44074074074074077 0.6036458333333333 0.4398148148148148 0.6010416666666667 0.43148148148148147 0.6020833333333333 0.4148148148148148 0.6046875 0.40925925925925927 0.6098958333333333 0.4074074074074074
0 0.3859375 0.24722222222222223 0.40572916666666664 0.25 0.40729166666666666 0.2518518518518518 0.40729166666666666 0.2611111111111111 0.40572916666666664 0.2638888888888889 0.38697916666666665 0.262037037037037 0.38385416666666666 0.2675925925925926 0.3796875 0.26296296296296295 0.3796875 0.25 0.38229166666666664 0.2462962962962963 0.3854166666666667 0.24722222222222223
0 0.6026041666666667 0.4638888888888889 0.6401041666666667 0.4777777777777778 0.6463541666666667 0.4722222222222222 0.6494791666666667 0.47314814814814815 0.6494791666666667 0.4925925925925926 0.6484375 0.4981481481481482 0.6447916666666667 0.5018518518518519 0.6322916666666667 0.4925925925925926 0.5989583333333334 0.48148148148148145 0.5973958333333333 0.47129629629629627 0.5994791666666667 0.4648148148148148 0.6020833333333333 0.4638888888888889
0 0.5453125 0.5027777777777778 0.5526041666666667 0.5148148148148148 0.5989583333333334 0.5203703703703704 0.6020833333333333 0.525 0.6020833333333333 0.5370370370370371 0.5989583333333334 0.5444444444444444 0.5515625 0.5388888888888889 0.5442708333333334 0.5472222222222223 0.5385416666666667 0.5462962962962963 0.5369791666666667 0.5351851851851852 0.5395833333333333 0.5046296296296297 0.5447916666666667 0.5027777777777778
0 0.5213541666666667 0.24814814814814815 0.5380208333333333 0.287962962962963 0.5515625 0.3101851851851852 0.5520833333333334 0.3194444444444444 0.5473958333333333 0.32685185185185184 0.5432291666666667 0.32407407407407407 0.5411458333333333 0.31203703703703706 0.5354166666666667 0.2962962962962963 0.5151041666666667 0.25462962962962965 0.5151041666666667 0.24444444444444444 0.51875 0.24444444444444444 0.5208333333333334 0.24814814814814815
2 0.6390625 0.3148148148148148 0.64375 0.32037037037037036 0.64375 0.3287037037037037 0.6369791666666667 0.3333333333333333 0.6276041666666666 0.3287037037037037 0.6255208333333333 0.32037037037037036 0.6322916666666667 0.3138888888888889 0.6385416666666667 0.3148148148148148
2 0.621875 0.6138888888888889 0.6244791666666667 0.6175925925925926 0.6255208333333333 0.6259259259259259 0.6208333333333333 0.6333333333333333 0.6130208333333333 0.6324074074074074 0.6083333333333333 0.6259259259259259 0.6078125 0.6194444444444445 0.6125 0.612037037037037 0.6213541666666667 0.6138888888888889
2 0.44583333333333336 0.6601851851851852 0.4515625 0.6731481481481482 0.4510416666666667 0.6833333333333333 0.446875 0.6925925925925925 0.4390625 0.6990740740740741 0.42864583333333334 0.6990740740740741 0.425 0.6962962962962963 0.4197916666666667 0.687962962962963 0.41875 0.675 0.4234375 0.6638888888888889 0.4317708333333333 0.6574074074074074 0.4453125 0.6601851851851852
2 0.7729166666666667 0.6435185185185185 0.7838541666666666 0.65 0.7911458333333333 0.6620370370370371 0.7921875 0.6759259259259259 0.7859375 0.6842592592592592 0.76875 0.6796296296296296 0.759375 0.6648148148148149 0.7588541666666667 0.6574074074074074 0.7619791666666667 0.6481481481481481 0.7723958333333333 0.6435185185185185
2 0.4875 0.30185185185185187 0.49166666666666664 0.3037037037037037 0.4942708333333333 0.3111111111111111 0.49114583333333334 0.31666666666666665 0.484375 0.31851851851851853 0.4796875 0.31666666666666665 0.47708333333333336 0.3101851851851852 0.4796875 0.3037037037037037 0.4869791666666667 0.30185185185185187
2 0.7140625 0.27037037037037037 0.71875 0.2740740740740741 0.7177083333333333 0.2796296296296296 0.7098958333333333 0.2777777777777778 0.7098958333333333 0.2722222222222222 0.7135416666666666 0.27037037037037037
2 0.2421875 0.7157407407407408 0.24635416666666668 0.7212962962962963 0.24739583333333334 0.7268518518518519 0.24427083333333333 0.7351851851851852 0.2375 0.7416666666666667 0.22916666666666666 0.7398148148148148 0.22708333333333333 0.7361111111111112 0.2265625 0.7268518518518519 0.23385416666666667 0.7166666666666667 0.24166666666666667 0.7157407407407408
2 0.31979166666666664 0.43796296296296294 0.32447916666666665 0.4425925925925926 0.325 0.4537037037037037 0.32135416666666666 0.4601851851851852 0.3125 0.4638888888888889 0.3046875 0.46111111111111114 0.3020833333333333 0.4527777777777778 0.303125 0.44722222222222224 0.309375 0.4388888888888889 0.31927083333333334 0.43796296296296294
2 0.5265625 0.3592592592592593 0.5307291666666667 0.36203703703703705 0.5322916666666667 0.37037037037037035 0.5296875 0.3768518518518518 0.525 0.37962962962962965 0.5145833333333333 0.37962962962962965 0.5109375 0.37592592592592594 0.5104166666666666 0.3675925925925926 0.5161458333333333 0.35833333333333334 0.5260416666666666 0.3592592592592593
2 0.5130208333333334 0.649074074074074 0.5223958333333333 0.6601851851851852 0.5234375 0.6722222222222223 0.5192708333333333 0.6851851851851852 0.5109375 0.6898148148148148 0.5020833333333333 0.6888888888888889 0.49583333333333335 0.6842592592592592 0.4921875 0.675 0.4921875 0.6666666666666666 0.4942708333333333 0.6592592592592592 0.5010416666666667 0.6509259259259259 0.5125 0.649074074074074
2 0.5453125 0.6037037037037037 0.55 0.6101851851851852 0.5505208333333333 0.6185185185185185 0.5447916666666667 0.625 0.5375 0.6231481481481481 0.5338541666666666 0.6175925925925926 0.5359375 0.6055555555555555 0.5447916666666667 0.6037037037037037
2 0.609375 0.3074074074074074 0.6140625 0.3138888888888889 0.6145833333333334 0.32222222222222224 0.6083333333333333 0.3277777777777778 0.5984375 0.32592592592592595 0.5932291666666667 0.32037037037037036 0.5927083333333333 0.3138888888888889 0.5994791666666667 0.30648148148148147 0.6088541666666667 0.3074074074074074
2 0.36041666666666666 0.4324074074074074 0.3640625 0.4388888888888889 0.36354166666666665 0.44814814814814813 0.35989583333333336 0.4537037037037037 0.35260416666666666 0.45740740740740743 0.3458333333333333 0.45740740740740743 0.33958333333333335 0.4527777777777778 0.3380208333333333 0.4425925925925926 0.3416666666666667 0.4361111111111111 0.3489583333333333 0.4305555555555556 0.35989583333333336 0.4324074074074074
2 0.7390625 0.4166666666666667 0.7421875 0.4212962962962963 0.740625 0.42592592592592593 0.7338541666666667 0.42314814814814816 0.734375 0.41759259259259257 0.7385416666666667 0.4166666666666667
1 0.24166666666666667 0.18425925925925926 0.2453125 0.19907407407407407 0.2515625 0.20462962962962963 0.2557291666666667 0.22777777777777777 0.2609375 0.2796296296296296 0.26614583333333336 0.3101851851851852 0.265625 0.3212962962962963 0.24114583333333334 0.3212962962962963 0.2390625 0.3175925925925926 0.22604166666666667 0.21296296296296297 0.2296875 0.2037037037037037 0.2296875 0.18796296296296297 0.23385416666666667 0.18333333333333332 0.24114583333333334 0.18425925925925926
1 0.26927083333333335 0.17407407407407408 0.27395833333333336 0.1787037037037037 0.27447916666666666 0.1962962962962963 0.28541666666666665 0.23333333333333334 0.28854166666666664 0.27870370370370373 0.29375 0.31296296296296294 0.29322916666666665 0.32037037037037036 0.2916666666666667 0.3212962962962963 0.26875 0.32037037037037036 0.2640625 0.29259259259259257 0.25833333333333336 0.23148148148148148 0.26145833333333335 0.19907407407407407 0.2598958333333333 0.18055555555555555 0.2630208333333333 0.175 0.26875 0.17407407407407408