0 0.5552083333333333 0.7953703703703704 0.5578125 0.8027777777777778 0.55625 0.8138888888888889 0.5661458333333333 0.8601851851851852 0.5640625 0.8675925925925926 0.5604166666666667 0.8694444444444445 0.5567708333333333 0.8685185185185185 0.5463541666666667 0.8212962962962963 0.5385416666666667 0.812962962962963 0.540625 0.8046296296296296 0.5489583333333333 0.7962962962962963 0.5546875 0.7953703703703704
0 0.39947916666666666 0.31203703703703706 0.40208333333333335 0.3175925925925926 0.4 0.3277777777777778 0.3854166666666667 0.32037037037037036 0.38645833333333335 0.31296296296296294 0.39895833333333336 0.31203703703703706
0 0.5255208333333333 0.47129629629629627 0.5270833333333333 0.4787037037037037 0.5239583333333333 0.49907407407407406 0.521875 0.6324074074074074 0.5208333333333334 0.65 0.5182291666666666 0.6546296296296297 0.515625 0.6527777777777778 0.5135416666666667 0.6398148148148148 0.5161458333333333 0.4842592592592593 0.5130208333333334 0.47962962962962963 0.5130208333333334 0.47314814814814815 0.525 0.47129629629629627
0 0.49322916666666666 0.4824074074074074 0.4973958333333333 0.48518518518518516 0.49947916666666664 0.49166666666666664 0.46041666666666664 0.6657407407407407 0.46041666666666664 0.687037037037037 0.45364583333333336 0.7 0.44375 0.6944444444444444 0.4401041666666667 0.687037037037037 0.4395833333333333 0.6777777777777778 0.4453125 0.6666666666666666 0.4510416666666667 0.6472222222222223 0.484375 0.4888888888888889 0.4875 0.48148148148148145 0.49270833333333336 0.4824074074074074
0 0.40260416666666665 0.42685185185185187 0.4046875 0.42962962962962964 0.4046875 0.4398148148148148 0.40260416666666665 0.44907407407407407 0.39947916666666666 0.4537037037037037 0.3953125 0.4527777777777778 0.39479166666666665 0.42962962962962964 0.396875 0.42592592592592593 0.40208333333333335 0.42685185185185187
0 0.43072916666666666 0.5833333333333334 0.43385416666666665 0.5925925925925926 0.43385416666666665 0.6027777777777777 0.4317708333333333 0.6092592592592593 0.428125 0.6111111111111112 0.39895833333333336 0.6111111111111112 0.3953125 0.6074074074074074 0.39427083333333335 0.5962962962962963 0.3984375 0.5888888888888889 0.4171875 0.5879629629629629 0.42604166666666665 0.5824074074074074 0.43020833333333336 0.5833333333333334
0 0.5114583333333333 0.6333333333333333 0.5166666666666667 0.6592592592592592 0.5145833333333333 0.6657407407407407 0.5083333333333333 0.6703703703703704 0.5015625 0.6657407407407407 0.4744791666666667 0.6675925925925926 0.471875 0.6638888888888889 0.4708333333333333 0.6564814814814814 0.47239583333333335 0.6453703703703704 0.47552083333333334 0.6416666666666667 0.5 0.6398148148148148 0.5057291666666667 0.6333333333333333 0.5109375 0.6333333333333333
0 0.43854166666666666 0.5064814814814815 0.44583333333333336 0.5092592592592593 0.45208333333333334 0.6314814814814815 0.4505208333333333 0.6453703703703704 0.44479166666666664 0.6648148148148149 0.4432291666666667 0.6638888888888889 0.4453125 0.6509259259259259 0.4453125 0.6314814814814815 0.43854166666666666 0.5074074074074074
0 0.43125 0.4666666666666667 0.4322916666666667 0.47314814814814815 0.4515625 0.4722222222222222 0.4515625 0.4861111111111111 0.4317708333333333 0.4861111111111111 0.43125 0.49074074074074076 0.4276041666666667 0.49166666666666664 0.4244791666666667 0.49166666666666664 0.4244791666666667 0.4675925925925926 0.43072916666666666 0.4666666666666667
0 0.4328125 0.41759259259259257 0.43802083333333336 0.4185185185185185 0.4401041666666667 0.42314814814814816 0.434375 0.4685185185185185 0.4322916666666667 0.4703703703703704 0.43125 0.46574074074074073 0.4244791666666667 0.46574074074074073 0.4328125 0.4185185185185185
2 0.45026041666666666 0.8087962962962963 0.0140625 0.04351851851851852
2 0.5630208333333333 0.2037037037037037 0.019791666666666666 0.04814814814814815
2 0.4552083333333333 0.38981481481481484 0.005208333333333333 0.014814814814814815
2 0.5484375 0.35462962962962963 0.5546875 0.3675925925925926 0.5557291666666667 0.3861111111111111 0.5520833333333334 0.4009259259259259 0.5479166666666667 0.4064814814814815 0.5416666666666666 0.4046296296296296 0.5359375 0.3907407407407407 0.5359375 0.3768518518518518 0.5385416666666667 0.3638888888888889 0.5432291666666667 0.35555555555555557 0.5479166666666667 0.35462962962962963
2 0.428125 0.2222222222222222 0.4317708333333333 0.2324074074074074 0.4317708333333333 0.24722222222222223 0.4270833333333333 0.26296296296296295 0.4234375 0.26296296296296295 0.4203125 0.25833333333333336 0.4192708333333333 0.23981481481481481 0.42239583333333336 0.22592592592592592 0.42552083333333335 0.2212962962962963 0.4276041666666667 0.2222222222222222
2 0.471875 0.2273148148148148 0.007291666666666667 0.021296296296296296
2 0.584375 0.4111111111111111 0.5911458333333334 0.425 0.5921875 0.4444444444444444 0.5890625 0.4564814814814815 0.5828125 0.46574074074074073 0.5739583333333333 0.4601851851851852 0.5713541666666667 0.4537037037037037 0.5697916666666667 0.43796296296296294 0.5713541666666667 0.42407407407407405 0.5744791666666667 0.41574074074074074 0.5796875 0.4101851851851852 0.5838541666666667 0.4111111111111111
2 0.41770833333333335 0.7875 0.00625 0.017592592592592594
2 0.3932291666666667 0.7175925925925926 0.39739583333333334 0.7324074074074074 0.39739583333333334 0.7444444444444445 0.39427083333333335 0.7537037037037037 0.38958333333333334 0.7518518518518519 0.38645833333333335 0.7398148148148148 0.3875 0.7212962962962963 0.38958333333333334 0.7166666666666667 0.3927083333333333 0.7175925925925926
2 0.4630208333333333 0.30185185185185187 0.4661458333333333 0.3074074074074074 0.4666666666666667 0.32407407407407407 0.4625 0.337037037037037 0.4578125 0.33611111111111114 0.4557291666666667 0.3296296296296296 0.45677083333333335 0.30833333333333335 0.459375 0.30277777777777776 0.4625 0.30185185185185187
2 0.44635416666666666 0.4861111111111111 0.45 0.4888888888888889 0.44895833333333335 0.5111111111111111 0.446875 0.5166666666666667 0.4453125 0.5120370370370371 0.44583333333333336 0.49537037037037035 0.4432291666666667 0.49074074074074076 0.4401041666666667 0.49444444444444446 0.440625 0.5064814814814815 0.43802083333333336 0.5138888888888888 0.434375 0.5009259259259259 0.434375 0.49074074074074076 0.43645833333333334 0.48703703703703705 0.44583333333333336 0.4861111111111111
1 0.3458333333333333 0 0.4140625 0 0.41302083333333334 0.025 0.4 0.027777777777777776 0.36614583333333334 0.017592592592592594 0.35208333333333336 0.010185185185185186 0.3458333333333333 0.000925925925925926
1 0.3671875 0.019444444444444445 0.4125 0.03796296296296296 0.41302083333333334 0.06759259259259259 0.4109375 0.08148148148148149 0.39947916666666666 0.08055555555555556 0.39010416666666664 0.075 0.36041666666666666 0.06666666666666667 0.340625 0.049074074074074076 0.3328125 0.046296296296296294 0.3307291666666667 0.04259259259259259 0.3307291666666667 0.026851851851851852 0.3333333333333333 0.021296296296296296 0.34427083333333336 0.023148148148148147 0.36666666666666664 0.019444444444444445