0 0.73125 0.28703703703703703 0.7567708333333333 0.2935185185185185 0.765625 0.287962962962963 0.7677083333333333 0.2916666666666667 0.7671875 0.30648148148148147 0.7651041666666667 0.31203703703703706 0.7619791666666667 0.31296296296296294 0.7572916666666667 0.3074074074074074 0.7239583333333334 0.30277777777777776 0.7223958333333333 0.29814814814814816 0.7234375 0.28888888888888886 0.7307291666666667 0.28703703703703703
0 0.6651041666666667 0.30277777777777776 0.6739583333333333 0.3074074074074074 0.6755208333333333 0.31203703703703706 0.6729166666666667 0.3175925925925926 0.6640625 0.31851851851851853 0.659375 0.3175925925925926 0.6578125 0.3101851851851852 0.6598958333333333 0.30277777777777776 0.6645833333333333 0.30277777777777776
0 0.7322916666666667 0.6166666666666667 0.75 0.625 0.7583333333333333 0.6231481481481481 0.7604166666666666 0.6370370370370371 0.7588541666666667 0.6462962962962963 0.7552083333333334 0.6509259259259259 0.7442708333333333 0.6407407407407407 0.7203125 0.6296296296296297 0.7182291666666667 0.625 0.7203125 0.6138888888888889 0.7317708333333334 0.6166666666666667
0 0.5744791666666667 0.7185185185185186 0.565625 0.7148148148148148 0.5567708333333333 0.7157407407407408 0.46197916666666666 0.7351851851851852 0.45625 0.7314814814814815 0.45729166666666665 0.7212962962962963 0.46458333333333335 0.7166666666666667 0.5671875 0.6990740740740741 0.5739583333333333 0.687962962962963 0.5776041666666667 0.6916666666666667 0.5802083333333333 0.7027777777777777 0.5796875 0.7148148148148148 0.575 0.7175925925925926
0 0.4817708333333333 0.6472222222222223 0.48541666666666666 0.6666666666666666 0.48541666666666666 0.6787037037037037 0.478125 0.6851851851851852 0.47291666666666665 0.6787037037037037 0.47239583333333335 0.6675925925925926 0.475 0.6481481481481481 0.48125 0.6472222222222223
0 0.425 0.4398148148148148 0.42916666666666664 0.4425925925925926 0.43072916666666666 0.44814814814814813 0.43072916666666666 0.45925925925925926 0.428125 0.4638888888888889 0.4010416666666667 0.46944444444444444 0.39375 0.475 0.39010416666666664 0.475 0.3875 0.4703703703703704 0.38645833333333335 0.44166666666666665 0.3932291666666667 0.4388888888888889 0.39791666666666664 0.44537037037037036 0.4244791666666667 0.44074074074074077
0 0.7348958333333333 0.43425925925925923 0.7390625 0.43703703703703706 0.7421875 0.4462962962962963 0.7427083333333333 0.45740740740740743 0.7411458333333333 0.46296296296296297 0.7380208333333333 0.46574074074074073 0.7265625 0.4638888888888889 0.7104166666666667 0.47129629629629627 0.7052083333333333 0.4648148148148148 0.7046875 0.45925925925925926 0.7067708333333333 0.4527777777777778 0.7265625 0.44537037037037036 0.734375 0.43425925925925923
0 0.6609375 0.26296296296296295 0.6645833333333333 0.2657407407407407 0.665625 0.2740740740740741 0.6645833333333333 0.2898148148148148 0.6614583333333334 0.29444444444444445 0.6479166666666667 0.2898148148148148 0.6197916666666666 0.2962962962962963 0.615625 0.29074074074074074 0.615625 0.2777777777777778 0.6203125 0.2740740740740741 0.6473958333333333 0.27037037037037037 0.6604166666666667 0.2638888888888889
0 0.4322916666666667 0.287962962962963 0.434375 0.29259259259259257 0.44375 0.29907407407407405 0.4942708333333333 0.32314814814814813 0.4973958333333333 0.33055555555555555 0.4947916666666667 0.337037037037037 0.4791666666666667 0.3314814814814815 0.4395833333333333 0.3074074074074074 0.42864583333333334 0.30648148148148147 0.42552083333333335 0.30092592592592593 0.42552083333333335 0.29259259259259257 0.428125 0.287962962962963 0.4317708333333333 0.287962962962963
0 0.6510416666666666 0.5888888888888889 0.6546875 0.6037037037037037 0.6552083333333333 0.6157407407407407 0.6536458333333334 0.6212962962962963 0.6390625 0.6194444444444445 0.6208333333333333 0.6231481481481481 0.6140625 0.6194444444444445 0.6125 0.6092592592592593 0.6145833333333334 0.6037037037037037 0.6401041666666667 0.5990740740740741 0.6458333333333334 0.5888888888888889 0.6505208333333333 0.5888888888888889
0 0.5552083333333333 0.4027777777777778 0.5578125 0.4074074074074074 0.5572916666666666 0.4537037037037037 0.5598958333333334 0.47314814814814815 0.5541666666666667 0.48148148148148145 0.5432291666666667 0.47962962962962963 0.540625 0.4703703703703704 0.540625 0.45925925925925926 0.5432291666666667 0.4527777777777778 0.5447916666666667 0.4074074074074074 0.5484375 0.40185185185185185 0.5546875 0.4027777777777778
0 0.715625 0.562962962962963 0.7255208333333333 0.5805555555555556 0.7255208333333333 0.5879629629629629 0.7213541666666666 0.5953703703703703 0.7145833333333333 0.5935185185185186 0.709375 0.5740740740740741 0.7088541666666667 0.5638888888888889 0.7151041666666667 0.562962962962963
2 0.4401041666666667 0.3712962962962963 0.4395833333333333 0.37777777777777777 0.43333333333333335 0.37592592592592594 0.4354166666666667 0.37037037037037035 0.4395833333333333 0.3712962962962963
2 0.6041666666666666 0.43703703703703706 0.6083333333333333 0.44074074074074077 0.6125 0.45185185185185184 0.6088541666666667 0.462037037037037 0.6052083333333333 0.4638888888888889 0.5921875 0.46111111111111114 0.5864583333333333 0.45 0.5875 0.4425925925925926 0.5921875 0.43703703703703706 0.6036458333333333 0.43703703703703706
2 0.8109375 0.6675925925925926 0.8177083333333334 0.6712962962962963 0.8208333333333333 0.6768518518518518 0.8213541666666667 0.6888888888888889 0.8182291666666667 0.6916666666666667 0.8104166666666667 0.6898148148148148 0.803125 0.6814814814814815 0.803125 0.6722222222222223 0.8104166666666667 0.6675925925925926
2 0.478125 0.42314814814814816 0.4791666666666667 0.4287037037037037 0.47708333333333336 0.43148148148148147 0.47239583333333335 0.4305555555555556 0.4713541666666667 0.425 0.4734375 0.4222222222222222 0.47760416666666666 0.42314814814814816
2 0.6682291666666667 0.42407407407407405 0.671875 0.4222222222222222 0.6760416666666667 0.42777777777777776 0.675 0.43148148148148147 0.6708333333333333 0.4324074074074074 0.6682291666666667 0.42962962962962964 0.6682291666666667 0.425
2 0.4588541666666667 0.5657407407407408 0.46822916666666664 0.5703703703703704 0.47239583333333335 0.5805555555555556 0.4703125 0.5944444444444444 0.46041666666666664 0.6027777777777777 0.44895833333333335 0.6 0.4432291666666667 0.5898148148148148 0.4432291666666667 0.5814814814814815 0.44583333333333336 0.5731481481481482 0.4515625 0.5675925925925925 0.4583333333333333 0.5657407407407408
2 0.43828125 0.3597222222222222 0.013020833333333334 0.01574074074074074
2 0.7703125 0.5555555555555556 0.7776041666666667 0.5694444444444444 0.7776041666666667 0.5777777777777777 0.7723958333333333 0.5851851851851851 0.7619791666666667 0.5851851851851851 0.7546875 0.5814814814814815 0.7489583333333333 0.5740740740740741 0.746875 0.5648148148148148 0.7473958333333334 0.5564814814814815 0.7546875 0.55 0.7625 0.55 0.7697916666666667 0.5555555555555556
2 0.3807291666666667 0.6 0.3848958333333333 0.6083333333333333 0.3848958333333333 0.6194444444444445 0.3796875 0.6305555555555555 0.371875 0.6361111111111111 0.359375 0.6333333333333333 0.3546875 0.6231481481481481 0.3546875 0.6148148148148148 0.35833333333333334 0.6055555555555555 0.3671875 0.5981481481481481 0.3802083333333333 0.6
2 0.5286458333333334 0.37175925925925923 0.010416666666666666 0.012037037037037037
2 0.73125 0.5268518518518519 0.7411458333333333 0.5333333333333333 0.7458333333333333 0.5425925925925926 0.7453125 0.5537037037037037 0.7395833333333334 0.5592592592592592 0.7234375 0.5546296296296296 0.7171875 0.5435185185185185 0.7166666666666667 0.537962962962963 0.71875 0.5314814814814814 0.725 0.5268518518518519 0.7307291666666667 0.5268518518518519
2 0.41458333333333336 0.525 0.4203125 0.5287037037037037 0.4239583333333333 0.5351851851851852 0.4234375 0.5462962962962963 0.41458333333333336 0.5546296296296296 0.4078125 0.5537037037037037 0.403125 0.549074074074074 0.4015625 0.5435185185185185 0.403125 0.5324074074074074 0.4140625 0.5259259259259259
2 0.4640625 0.3509259259259259 0.46979166666666666 0.35648148148148145 0.4703125 0.36574074074074076 0.4666666666666667 0.3712962962962963 0.45989583333333334 0.37407407407407406 0.44947916666666665 0.36944444444444446 0.4473958333333333 0.3611111111111111 0.45364583333333336 0.35185185185185186 0.4635416666666667 0.3509259259259259
2 0.6770833333333334 0.3787037037037037 0.6833333333333333 0.3824074074074074 0.6869791666666667 0.38981481481481484 0.6869791666666667 0.3962962962962963 0.6817708333333333 0.4027777777777778 0.6682291666666667 0.4 0.6625 0.3907407407407407 0.6651041666666667 0.3814814814814815 0.6765625 0.3787037037037037
2 0.5354166666666667 0.30462962962962964 0.5375 0.3074074074074074 0.5375 0.31296296296296294 0.5328125 0.3175925925925926 0.5270833333333333 0.3148148148148148 0.5255208333333333 0.3101851851851852 0.5286458333333334 0.30462962962962964 0.5348958333333333 0.30462962962962964
2 0.546875 0.6425925925925926 0.5505208333333333 0.6472222222222223 0.5484375 0.6555555555555556 0.5427083333333333 0.6546296296296297 0.5411458333333333 0.6509259259259259 0.5432291666666667 0.6435185185185185 0.5463541666666667 0.6425925925925926
2 0.6067708333333334 0.4685185185185185 0.6078125 0.4777777777777778 0.6057291666666667 0.48055555555555557 0.5989583333333334 0.4787037037037037 0.596875 0.4722222222222222 0.6015625 0.4666666666666667 0.60625 0.4685185185185185
2 0.6416666666666667 0.6259259259259259 0.64375 0.6351851851851852 0.6390625 0.6407407407407407 0.6333333333333333 0.6388888888888888 0.6296875 0.6296296296296297 0.6348958333333333 0.6231481481481481 0.6411458333333333 0.6259259259259259
2 0.6005208333333333 0.31574074074074077 0.6067708333333334 0.32037037037037036 0.6078125 0.32592592592592595 0.60625 0.3314814814814815 0.6015625 0.33425925925925926 0.5921875 0.3314814814814815 0.5890625 0.325 0.5921875 0.31666666666666665 0.6 0.31574074074074077
2 0.6802083333333333 0.562037037037037 0.6833333333333333 0.5638888888888889 0.6869791666666667 0.5731481481481482 0.6864583333333333 0.5777777777777777 0.6822916666666666 0.5814814814814815 0.6744791666666666 0.5796296296296296 0.6703125 0.5731481481481482 0.671875 0.5638888888888889 0.6796875 0.562037037037037
2 0.403125 0.6555555555555556 0.40520833333333334 0.6574074074074074 0.40625 0.6657407407407407 0.4041666666666667 0.6722222222222223 0.4010416666666667 0.674074074074074 0.39479166666666665 0.6722222222222223 0.3932291666666667 0.662962962962963 0.39791666666666664 0.6555555555555556 0.40260416666666665 0.6555555555555556
1 0.9890625 0.6055555555555555 0.9947916666666666 0.6083333333333333 0.9994791666666667 0.6148148148148148 0.9994791666666667 0.7351851851851852 0.9973958333333334 0.737037037037037 0.9994791666666667 0.7388888888888889 0.9994791666666667 0.7657407407407407 0.9973958333333334 0.7675925925925926 0.9953125 0.7805555555555556 0.9885416666666667 0.7898148148148149 0.9833333333333333 0.7898148148148149 0.9666666666666667 0.7796296296296297 0.9572916666666667 0.7601851851851852 0.9401041666666666 0.7101851851851851 0.9578125 0.6435185185185185 0.9640625 0.637962962962963 0.984375 0.6398148148148148 0.990625 0.6277777777777778 0.9859375 0.6092592592592593 0.9885416666666667 0.6055555555555555
1 0.9854166666666667 0.5555555555555556 0.9994791666666667 0.5611111111111111 0.9994791666666667 0.5796296296296296 0.9942708333333333 0.5824074074074074 0.9901041666666667 0.5888888888888889 0.984375 0.6074074074074074 0.9875 0.6287037037037037 0.9807291666666667 0.6370370370370371 0.9666666666666667 0.6351851851851852 0.9598958333333333 0.6398148148148148 0.9557291666666666 0.6472222222222223 0.9479166666666666 0.6722222222222223 0.9432291666666667 0.6953703703703704 0.9395833333333333 0.7027777777777777 0.9317708333333333 0.687037037037037 0.928125 0.6712962962962963 0.9322916666666666 0.6416666666666667 0.9427083333333334 0.6185185185185185 0.95625 0.6074074074074074 0.9625 0.5953703703703703 0.9697916666666667 0.5879629629629629 0.9739583333333334 0.5657407407407408 0.9770833333333333 0.5583333333333333 0.9848958333333333 0.5555555555555556
1 0.25052083333333336 0.19444444444444445 0.25364583333333335 0.2074074074074074 0.259375 0.21296296296296297 0.2625 0.22037037037037038 0.26927083333333335 0.2814814814814815 0.2703125 0.3074074074074074 0.27395833333333336 0.32407407407407407 0.27447916666666666 0.3314814814814815 0.265625 0.3333333333333333 0.25 0.3333333333333333 0.24739583333333334 0.33055555555555555 0.2421875 0.2833333333333333 0.2359375 0.2462962962962963 0.23385416666666667 0.2222222222222222 0.23802083333333332 0.21296296296296297 0.2375 0.19722222222222222 0.24427083333333333 0.1925925925925926 0.25 0.19444444444444445
1 0.2796875 0.18425925925925926 0.28229166666666666 0.18888888888888888 0.2838541666666667 0.20462962962962963 0.2921875 0.23703703703703705 0.296875 0.27685185185185185 0.30052083333333335 0.32407407407407407 0.2984375 0.33055555555555555 0.2942708333333333 0.33240740740740743 0.2765625 0.3314814814814815 0.2677083333333333 0.26851851851851855 0.26666666666666666 0.23148148148148148 0.26927083333333335 0.20925925925925926 0.2682291666666667 0.18796296296296297 0.27395833333333336 0.18333333333333332 0.2791666666666667 0.18425925925925926