0 0.38229166666666664 0.6435185185185185 0.010416666666666666 0.022222222222222223
0 0.5427083333333333 0.549074074074074 0.5432291666666667 0.5777777777777777 0.540625 0.5833333333333334 0.5375 0.5833333333333334 0.5333333333333333 0.5768518518518518 0.5036458333333333 0.575 0.5005208333333333 0.5694444444444444 0.5005208333333333 0.562037037037037 0.5015625 0.5537037037037037 0.5036458333333333 0.5518518518518518 0.5375 0.5472222222222223 0.5421875 0.549074074074074
0 0.46458333333333335 0.5148148148148148 0.4671875 0.524074074074074 0.4671875 0.5898148148148148 0.46875 0.612037037037037 0.4671875 0.6166666666666667 0.4635416666666667 0.6185185185185185 0.4588541666666667 0.612037037037037 0.459375 0.575 0.45625 0.5203703703703704 0.459375 0.5148148148148148 0.4640625 0.5148148148148148
0 0.5666666666666667 0.612037037037037 0.5708333333333333 0.6175925925925926 0.5708333333333333 0.6259259259259259 0.5578125 0.6268518518518519 0.5536458333333333 0.625 0.553125 0.6175925925925926 0.5567708333333333 0.6111111111111112 0.5661458333333333 0.612037037037037
0 0.5020833333333333 0.49166666666666664 0.521875 0.5259259259259259 0.5208333333333334 0.5361111111111111 0.5125 0.5444444444444444 0.5083333333333333 0.5416666666666666 0.5026041666666666 0.5203703703703704 0.4953125 0.5046296296296297 0.49583333333333335 0.49537037037037035 0.4979166666666667 0.49166666666666664 0.5015625 0.49166666666666664
0 0.7270833333333333 0.4361111111111111 0.7296875 0.4388888888888889 0.7307291666666667 0.4462962962962963 0.71875 0.45740740740740743 0.7161458333333334 0.4648148148148148 0.7135416666666666 0.46574074074074073 0.7078125 0.4564814814814815 0.7072916666666667 0.45 0.7104166666666667 0.44537037037037036 0.7265625 0.4361111111111111
0 0.5958333333333333 0.5694444444444444 0.6005208333333333 0.575 0.6005208333333333 0.5842592592592593 0.5864583333333333 0.6138888888888889 0.5807291666666666 0.6314814814814815 0.5723958333333333 0.6277777777777778 0.56875 0.6157407407407407 0.590625 0.5722222222222222 0.5953125 0.5694444444444444
0 0.5565104166666667 0.6074074074074074 0.06510416666666667 0.07777777777777778
0 0.5380208333333333 0.4212962962962963 0.5416666666666666 0.4388888888888889 0.5385416666666667 0.4462962962962963 0.43802083333333336 0.5305555555555556 0.4265625 0.55 0.4203125 0.5481481481481482 0.41458333333333336 0.537962962962963 0.41302083333333334 0.5231481481481481 0.41875 0.5120370370370371 0.421875 0.5092592592592593 0.42916666666666664 0.5120370370370371 0.4552083333333333 0.49074074074074076 0.478125 0.46944444444444444 0.4864583333333333 0.4583333333333333 0.5296875 0.4203703703703704 0.5375 0.4212962962962963
0 0.45 0.5648148148148148 0.4546875 0.5694444444444444 0.45677083333333335 0.5777777777777777 0.45625 0.587037037037037 0.4317708333333333 0.6 0.42604166666666665 0.6092592592592593 0.42135416666666664 0.6092592592592593 0.41822916666666665 0.6046296296296296 0.4161458333333333 0.5953703703703703 0.4166666666666667 0.5814814814814815 0.42135416666666664 0.575925925925926 0.4296875 0.5768518518518518 0.44947916666666665 0.5648148148148148
2 0.4015625 0.6425925925925926 0.403125 0.6453703703703704 0.4015625 0.6518518518518519 0.3963541666666667 0.6518518518518519 0.39375 0.6481481481481481 0.3958333333333333 0.6416666666666667 0.4010416666666667 0.6425925925925926
2 0.5833333333333334 0.40370370370370373 0.5921875 0.4111111111111111 0.59375 0.4212962962962963 0.5885416666666666 0.43333333333333335 0.5791666666666667 0.43796296296296294 0.5677083333333334 0.4324074074074074 0.5640625 0.4212962962962963 0.565625 0.41388888888888886 0.5697916666666667 0.4074074074074074 0.5828125 0.40370370370370373
2 0.38385416666666666 0.462037037037037 0.39010416666666664 0.46944444444444444 0.39166666666666666 0.47685185185185186 0.3885416666666667 0.4861111111111111 0.38177083333333334 0.49074074074074076 0.3703125 0.48703703703703705 0.3651041666666667 0.47962962962962963 0.36354166666666665 0.46944444444444444 0.36875 0.46111111111111114 0.38333333333333336 0.462037037037037
2 0.621875 0.524074074074074 0.6234375 0.5296296296296297 0.6135416666666667 0.5425925925925926 0.6057291666666667 0.5398148148148149 0.6036458333333333 0.5342592592592592 0.6041666666666666 0.5296296296296297 0.6114583333333333 0.5222222222222223 0.6213541666666667 0.524074074074074
2 0.565625 0.575925925925926 0.5666666666666667 0.5777777777777777 0.5640625 0.5824074074074074 0.5588541666666667 0.5814814814814815 0.5583333333333333 0.5768518518518518 0.5651041666666666 0.575925925925926
2 0.5755208333333334 0.46944444444444444 0.5822916666666667 0.47314814814814815 0.5848958333333333 0.4861111111111111 0.58125 0.49444444444444446 0.5744791666666667 0.4981481481481482 0.5640625 0.49444444444444446 0.5609375 0.48333333333333334 0.5645833333333333 0.47314814814814815 0.575 0.46944444444444444
2 0.6338541666666667 0.5287037037037037 0.6385416666666667 0.5351851851851852 0.6385416666666667 0.5435185185185185 0.6338541666666667 0.55 0.6260416666666667 0.5546296296296296 0.6161458333333333 0.5518518518518518 0.6135416666666667 0.5425925925925926 0.6223958333333334 0.5287037037037037 0.6333333333333333 0.5287037037037037
2 0.3932291666666667 0.5953703703703703 0.4005208333333333 0.6046296296296296 0.4 0.612037037037037 0.39375 0.6175925925925926 0.38385416666666666 0.6166666666666667 0.3802083333333333 0.6138888888888889 0.3765625 0.6055555555555555 0.3765625 0.6018518518518519 0.3802083333333333 0.5962962962962963 0.3927083333333333 0.5953703703703703
2 0.6552083333333333 0.5453703703703704 0.6588541666666666 0.55 0.6588541666666666 0.5537037037037037 0.6552083333333333 0.5574074074074075 0.6505208333333333 0.5574074074074075 0.6479166666666667 0.5527777777777778 0.65 0.5462962962962963 0.6546875 0.5453703703703704
2 0.49375 0.5231481481481481 0.49583333333333335 0.5314814814814814 0.49114583333333334 0.5370370370370371 0.48333333333333334 0.5351851851851852 0.48125 0.5277777777777778 0.48385416666666664 0.5222222222222223 0.49322916666666666 0.5231481481481481
2 0.5046875 0.5898148148148148 0.5088541666666667 0.5935185185185186 0.5114583333333333 0.6018518518518519 0.5083333333333333 0.6092592592592593 0.503125 0.6129629629629629 0.49583333333333335 0.6129629629629629 0.4901041666666667 0.6092592592592593 0.4875 0.6037037037037037 0.4875 0.5981481481481481 0.4942708333333333 0.5898148148148148 0.5041666666666667 0.5898148148148148
2 0.415625 0.5453703703703704 0.421875 0.5518518518518518 0.42291666666666666 0.5574074074074075 0.4197916666666667 0.5657407407407408 0.4114583333333333 0.5694444444444444 0.4010416666666667 0.5638888888888889 0.39739583333333334 0.5574074074074075 0.39739583333333334 0.5518518518518518 0.4041666666666667 0.5444444444444444 0.41510416666666666 0.5453703703703704
1 0.08697916666666666 0.2462962962962963 0.10625 0.262037037037037 0.11614583333333334 0.2740740740740741 0.1203125 0.2824074074074074 0.1203125 0.2916666666666667 0.10729166666666666 0.33055555555555555 0.10625 0.34444444444444444 0.09895833333333333 0.375 0.09166666666666666 0.38333333333333336 0.07395833333333333 0.38333333333333336 0.06979166666666667 0.3907407407407407 0.0734375 0.4074074074074074 0.0765625 0.4111111111111111 0.0734375 0.41574074074074074 0.0640625 0.41388888888888886 0.058854166666666666 0.4074074074074074 0.05677083333333333 0.39814814814814814 0.06197916666666667 0.3814814814814815 0.06770833333333333 0.35185185185185186 0.07708333333333334 0.32685185185185184 0.08020833333333334 0.3037037037037037 0.078125 0.2777777777777778 0.0828125 0.2490740740740741 0.08645833333333333 0.2462962962962963
1 0.1140625 0.32407407407407407 0.1203125 0.3333333333333333 0.12239583333333333 0.3537037037037037 0.12135416666666667 0.3685185185185185 0.11614583333333334 0.38796296296296295 0.10885416666666667 0.4027777777777778 0.09791666666666667 0.4111111111111111 0.09427083333333333 0.4212962962962963 0.08385416666666666 0.4324074074074074 0.08125 0.4564814814814815 0.07916666666666666 0.4601851851851852 0.07135416666666666 0.46296296296296297 0.04635416666666667 0.4564814814814815 0.04635416666666667 0.44722222222222224 0.0625 0.44074074074074077 0.06822916666666666 0.42407407407407405 0.075 0.41388888888888886 0.07135416666666666 0.3972222222222222 0.07291666666666667 0.3861111111111111 0.09010416666666667 0.3851851851851852 0.09947916666666666 0.375 0.10625 0.3490740740740741 0.1078125 0.3314814814814815 0.11041666666666666 0.32407407407407407 0.11354166666666667 0.32407407407407407
1 0.7572916666666667 0.6537037037037037 0.7598958333333333 0.6564814814814814 0.7625 0.6694444444444444 0.76875 0.7157407407407408 0.7708333333333334 0.7481481481481481 0.7682291666666666 0.7777777777777778 0.7697916666666667 0.7935185185185185 0.7677083333333333 0.799074074074074 0.7625 0.8009259259259259 0.7557291666666667 0.7981481481481482 0.7510416666666667 0.7712962962962963 0.74375 0.7472222222222222 0.7348958333333333 0.6611111111111111 0.7364583333333333 0.6555555555555556 0.7395833333333334 0.6537037037037037 0.7567708333333333 0.6537037037037037
1 0.7880208333333333 0.6518518518518519 0.7901041666666667 0.6574074074074074 0.7947916666666667 0.7046296296296296 0.803125 0.7527777777777778 0.803125 0.7620370370370371 0.8 0.774074074074074 0.8005208333333333 0.7861111111111111 0.7947916666666667 0.7907407407407407 0.7880208333333333 0.7898148148148149 0.784375 0.775 0.7791666666666667 0.7722222222222223 0.775 0.7611111111111111 0.7651041666666667 0.6787037037037037 0.765625 0.6712962962962963 0.7619791666666667 0.6583333333333333 0.7619791666666667 0.6537037037037037 0.7875 0.6518518518518519