0 0.54375 0.6314814814814815 0.55 0.6416666666666667 0.5505208333333333 0.6574074074074074 0.5473958333333333 0.6648148148148149 0.5354166666666667 0.6620370370370371 0.5192708333333333 0.6685185185185185 0.5119791666666667 0.6657407407407407 0.5109375 0.6527777777777778 0.5130208333333334 0.6462962962962963 0.5359375 0.637962962962963 0.5375 0.6333333333333333 0.5432291666666667 0.6314814814814815
0 0.48072916666666665 0.6416666666666667 0.4822916666666667 0.6518518518518519 0.48020833333333335 0.6694444444444444 0.47760416666666666 0.6731481481481482 0.4744791666666667 0.6712962962962963 0.4739583333333333 0.6472222222222223 0.47552083333333334 0.6425925925925926 0.48020833333333335 0.6416666666666667
0 0.378125 0.5148148148148148 0.3828125 0.524074074074074 0.5088541666666667 0.5416666666666666 0.5135416666666667 0.5472222222222223 0.5119791666666667 0.5638888888888889 0.509375 0.5657407407407408 0.38229166666666664 0.5472222222222223 0.371875 0.5509259259259259 0.36822916666666666 0.5425925925925926 0.3697916666666667 0.5185185185185185 0.371875 0.512962962962963 0.3776041666666667 0.5148148148148148
0 0.490625 0.7185185185185186 0.5229166666666667 0.7212962962962963 0.5239583333333333 0.7240740740740741 0.5192708333333333 0.7314814814814815 0.49375 0.7277777777777777 0.4744791666666667 0.7277777777777777 0.46979166666666666 0.7305555555555555 0.46770833333333334 0.7277777777777777 0.46770833333333334 0.7175925925925926 0.46979166666666666 0.7148148148148148 0.4901041666666667 0.7185185185185186
0 0.6098958333333333 0.5583333333333333 0.621875 0.562962962962963 0.6416666666666667 0.562962962962963 0.6453125 0.5694444444444444 0.6432291666666666 0.5842592592592593 0.6151041666666667 0.5861111111111111 0.6104166666666667 0.5916666666666667 0.6046875 0.5898148148148148 0.6010416666666667 0.575925925925926 0.6020833333333333 0.562037037037037 0.6046875 0.5583333333333333 0.609375 0.5583333333333333
0 0.38385416666666666 0.7314814814814815 0.38697916666666665 0.737037037037037 0.40572916666666664 0.7351851851851852 0.40729166666666666 0.7379629629629629 0.40729166666666666 0.7472222222222222 0.40572916666666664 0.7490740740740741 0.3848958333333333 0.7527777777777778 0.3796875 0.7490740740740741 0.3796875 0.7361111111111112 0.38333333333333336 0.7314814814814815
0 0.6447916666666667 0.49722222222222223 0.6484375 0.5009259259259259 0.6494791666666667 0.5064814814814815 0.6494791666666667 0.5259259259259259 0.6463541666666667 0.5268518518518519 0.6401041666666667 0.5212962962962963 0.6026041666666667 0.5351851851851852 0.5994791666666667 0.5342592592592592 0.5973958333333333 0.5277777777777778 0.5989583333333334 0.5175925925925926 0.6322916666666667 0.5064814814814815 0.6442708333333333 0.49722222222222223
0 0.5463541666666667 0.4527777777777778 0.5515625 0.4601851851851852 0.5989583333333334 0.4546296296296296 0.6020833333333333 0.462037037037037 0.6020833333333333 0.4740740740740741 0.5989583333333334 0.4787037037037037 0.5932291666666667 0.48055555555555557 0.5526041666666667 0.4842592592592593 0.5453125 0.4962962962962963 0.5395833333333333 0.49444444444444446 0.5369791666666667 0.4601851851851852 0.5395833333333333 0.45185185185185184 0.5458333333333333 0.4527777777777778
0 0.5484375 0.6731481481481482 0.5520833333333334 0.6796296296296296 0.5515625 0.6888888888888889 0.5380208333333333 0.7111111111111111 0.51875 0.7546296296296297 0.5145833333333333 0.7537037037037037 0.5151041666666667 0.7444444444444445 0.5354166666666667 0.7027777777777777 0.540625 0.6888888888888889 0.5432291666666667 0.675 0.5479166666666667 0.6731481481481482
2 0.6369791666666667 0.6657407407407407 0.64375 0.6703703703703704 0.64375 0.6787037037037037 0.6369791666666667 0.6851851851851852 0.6276041666666666 0.6824074074074075 0.6255208333333333 0.6787037037037037 0.6260416666666667 0.6731481481481482 0.6296875 0.6685185185185185 0.6364583333333333 0.6666666666666666
2 0.6208333333333333 0.36574074074074076 0.625 0.3712962962962963 0.6255208333333333 0.3768518518518518 0.6229166666666667 0.38425925925925924 0.6192708333333333 0.387037037037037 0.6109375 0.3861111111111111 0.6078125 0.37592592592592594 0.6130208333333333 0.36666666666666664 0.6203125 0.36574074074074076
2 0.4390625 0.3 0.446875 0.30648148148148147 0.4515625 0.3194444444444444 0.45 0.3314814814814815 0.44166666666666665 0.3416666666666667 0.4317708333333333 0.3416666666666667 0.425 0.337037037037037 0.41875 0.32407407407407407 0.41875 0.3148148148148148 0.421875 0.30648148148148147 0.42864583333333334 0.3 0.43854166666666666 0.3
2 0.7859375 0.3148148148148148 0.7921875 0.32314814814814813 0.7911458333333333 0.337037037037037 0.7838541666666666 0.3490740740740741 0.7729166666666667 0.35555555555555557 0.7619791666666667 0.3509259259259259 0.7588541666666667 0.3416666666666667 0.759375 0.33425925925925926 0.76875 0.3194444444444444 0.7854166666666667 0.3148148148148148
2 0.48854166666666665 0.6814814814814815 0.49322916666666666 0.6842592592592592 0.4942708333333333 0.6888888888888889 0.49166666666666664 0.6953703703703704 0.4875 0.6972222222222222 0.4796875 0.6953703703703704 0.47708333333333336 0.6888888888888889 0.48072916666666665 0.6814814814814815 0.48802083333333335 0.6814814814814815
2 0.7177083333333333 0.7194444444444444 0.71875 0.725 0.7140625 0.7287037037037037 0.7098958333333333 0.7268518518518519 0.7098958333333333 0.7212962962962963 0.7171875 0.7194444444444444
2 0.23854166666666668 0.25833333333333336 0.24427083333333333 0.2638888888888889 0.24739583333333334 0.2722222222222222 0.24635416666666668 0.2777777777777778 0.2421875 0.2833333333333333 0.23385416666666667 0.2824074074074074 0.2265625 0.2722222222222222 0.22708333333333333 0.26296296296296295 0.22916666666666666 0.25925925925925924 0.23802083333333332 0.25833333333333336
2 0.31666666666666665 0.5361111111111111 0.3234375 0.5416666666666666 0.3255208333333333 0.5481481481481482 0.32447916666666665 0.5564814814814815 0.31979166666666664 0.5611111111111111 0.3067708333333333 0.5583333333333333 0.3020833333333333 0.5462962962962963 0.303125 0.5407407407407407 0.3067708333333333 0.5361111111111111 0.31614583333333335 0.5361111111111111
2 0.525 0.6194444444444445 0.53125 0.625 0.5322916666666667 0.6333333333333333 0.5296875 0.637962962962963 0.5208333333333334 0.6416666666666667 0.5135416666666667 0.637962962962963 0.5104166666666666 0.6314814814814815 0.5104166666666666 0.625 0.5145833333333333 0.6194444444444445 0.5244791666666667 0.6194444444444445
2 0.5109375 0.30925925925925923 0.5192708333333333 0.3138888888888889 0.5234375 0.32685185185185184 0.5223958333333333 0.3388888888888889 0.5130208333333334 0.35 0.5010416666666667 0.34814814814814815 0.49583333333333335 0.3425925925925926 0.4921875 0.33240740740740743 0.4921875 0.32407407407407407 0.49583333333333335 0.3148148148148148 0.5020833333333333 0.3101851851851852 0.5104166666666666 0.30925925925925923
2 0.546875 0.375 0.5505208333333333 0.38055555555555554 0.55 0.3888888888888889 0.5432291666666667 0.3962962962962963 0.5359375 0.39351851851851855 0.5338541666666666 0.3814814814814815 0.5390625 0.375 0.5463541666666667 0.375
2 0.6083333333333333 0.6712962962962963 0.6140625 0.675 0.6145833333333334 0.6833333333333333 0.6072916666666667 0.6925925925925925 0.5947916666666667 0.6898148148148148 0.5927083333333333 0.6814814814814815 0.5984375 0.6731481481481482 0.6078125 0.6712962962962963
2 0.35572916666666665 0.5425925925925926 0.3619791666666667 0.5481481481481482 0.3645833333333333 0.5555555555555556 0.36302083333333335 0.5638888888888889 0.3567708333333333 0.5685185185185185 0.3458333333333333 0.5666666666666667 0.3380208333333333 0.5564814814814815 0.3380208333333333 0.549074074074074 0.34375 0.5425925925925926 0.35520833333333335 0.5425925925925926
2 0.740625 0.5731481481481482 0.7421875 0.5777777777777777 0.7390625 0.5824074074074074 0.734375 0.5814814814814815 0.7338541666666667 0.575925925925926 0.7401041666666667 0.5731481481481482
1 0.26666666666666666 0.6787037037037037 0.25625 0.7675925925925926 0.2515625 0.7944444444444444 0.2453125 0.8 0.24270833333333333 0.8138888888888889 0.240625 0.8157407407407408 0.23385416666666667 0.8157407407407408 0.2296875 0.8111111111111111 0.2296875 0.7953703703703704 0.22604166666666667 0.7861111111111111 0.2390625 0.6814814814814815 0.24114583333333334 0.6777777777777778 0.26614583333333336 0.6787037037037037
1 0.26875 0.6787037037037037 0.2916666666666667 0.6777777777777778 0.29375 0.6814814814814815 0.284375 0.7712962962962963 0.27447916666666666 0.8027777777777778 0.27395833333333336 0.8203703703703704 0.2713541666666667 0.8240740740740741 0.26510416666666664 0.825 0.2598958333333333 0.8185185185185185 0.26145833333333335 0.8 0.25833333333333336 0.7675925925925926 0.26197916666666665 0.7222222222222222 0.26875 0.6796296296296296