0 0.3963541666666667 0.18703703703703703 0.3984375 0.1962962962962963 0.3984375 0.2111111111111111 0.3958333333333333 0.21666666666666667 0.3921875 0.21666666666666667 0.3885416666666667 0.21203703703703702 0.3921875 0.18888888888888888 0.3958333333333333 0.18703703703703703
0 0.50625 0.11666666666666667 0.5192708333333333 0.12222222222222222 0.5270833333333333 0.1175925925925926 0.534375 0.12314814814814815 0.5359375 0.13148148148148148 0.5348958333333333 0.14351851851851852 0.5286458333333334 0.15462962962962962 0.5234375 0.1527777777777778 0.5166666666666667 0.1425925925925926 0.49947916666666664 0.13518518518518519 0.4973958333333333 0.12777777777777777 0.4984375 0.12037037037037036 0.5010416666666667 0.11666666666666667 0.5057291666666667 0.11666666666666667
0 0.49114583333333334 0.2675925925925926 0.4921875 0.28055555555555556 0.490625 0.28888888888888886 0.4796875 0.30462962962962964 0.4765625 0.32037037037037036 0.4666666666666667 0.33055555555555555 0.4630208333333333 0.3296296296296296 0.45625 0.32037037037037036 0.4557291666666667 0.2972222222222222 0.46875 0.2861111111111111 0.4822916666666667 0.26666666666666666 0.490625 0.2675925925925926
0 0.50625 0.012962962962962963 0.5088541666666667 0.019444444444444445 0.5078125 0.03148148148148148 0.4973958333333333 0.03796296296296296 0.49322916666666666 0.03611111111111111 0.49270833333333336 0.026851851851851852 0.49895833333333334 0.013888888888888888 0.5057291666666667 0.012962962962962963
0 0.47760416666666666 0.375 0.48125 0.3851851851851852 0.48020833333333335 0.39166666666666666 0.46875 0.3990740740740741 0.4661458333333333 0.3972222222222222 0.4661458333333333 0.38796296296296295 0.47239583333333335 0.3768518518518518 0.47708333333333336 0.375
0 0.5067708333333333 0.23148148148148148 0.5114583333333333 0.2351851851851852 0.5119791666666667 0.24444444444444444 0.5078125 0.2796296296296296 0.5072916666666667 0.30833333333333335 0.503125 0.3175925925925926 0.49375 0.3148148148148148 0.4869791666666667 0.30925925925925923 0.48541666666666666 0.3037037037037037 0.4901041666666667 0.2953703703703704 0.4921875 0.2851851851851852 0.496875 0.2351851851851852 0.49947916666666664 0.23148148148148148 0.50625 0.23148148148148148
0 0.5786458333333333 0.14166666666666666 0.5807291666666666 0.15092592592592594 0.5770833333333333 0.17685185185185184 0.5734375 0.33796296296296297 0.5723958333333333 0.3472222222222222 0.5703125 0.3490740740740741 0.5645833333333333 0.34814814814814815 0.5630208333333333 0.3435185185185185 0.5682291666666667 0.16944444444444445 0.565625 0.14814814814814814 0.5703125 0.1425925925925926 0.578125 0.14166666666666666
0 0.46927083333333336 0.05555555555555555 0.46979166666666666 0.06574074074074074 0.4583333333333333 0.09907407407407408 0.4510416666666667 0.0962962962962963 0.44895833333333335 0.08888888888888889 0.4625 0.05462962962962963 0.46875 0.05555555555555555
0 0.4432291666666667 0.08796296296296297 0.453125 0.09907407407407408 0.4822916666666667 0.1111111111111111 0.4817708333333333 0.1259259259259259 0.4786458333333333 0.12962962962962962 0.4510416666666667 0.11574074074074074 0.4432291666666667 0.11944444444444445 0.434375 0.11666666666666667 0.4322916666666667 0.1037037037037037 0.434375 0.09074074074074075 0.4427083333333333 0.08796296296296297
0 0.4890625 0.22314814814814815 0.4947916666666667 0.2351851851851852 0.49375 0.2638888888888889 0.49114583333333334 0.2675925925925926 0.4869791666666667 0.2675925925925926 0.48385416666666664 0.26296296296296295 0.4822916666666667 0.2518518518518518 0.47760416666666666 0.24351851851851852 0.47760416666666666 0.23333333333333334 0.48020833333333335 0.225 0.48854166666666665 0.22314814814814815
0 0.375 0.43796296296296294 0.39010416666666664 0.45185185185185184 0.38645833333333335 0.45740740740740743 0.3854166666666667 0.47129629629629627 0.3776041666666667 0.4638888888888889 0.3729166666666667 0.4666666666666667 0.36614583333333334 0.4564814814814815 0.36770833333333336 0.4425925925925926 0.37083333333333335 0.43796296296296294 0.37447916666666664 0.43796296296296294
0 0.38958333333333334 0.45185185185185184 0.39739583333333334 0.46111111111111114 0.434375 0.4685185185185185 0.4348958333333333 0.48333333333333334 0.39479166666666665 0.4722222222222222 0.39114583333333336 0.4759259259259259 0.3880208333333333 0.475 0.3854166666666667 0.47129629629629627 0.3890625 0.4527777777777778
2 0.3859375 0.23981481481481481 0.39166666666666666 0.23703703703703705 0.39479166666666665 0.24722222222222223 0.39375 0.2657407407407407 0.39010416666666664 0.2740740740740741 0.38697916666666665 0.275 0.38333333333333336 0.26296296296296295 0.38333333333333336 0.2518518518518518 0.3859375 0.24074074074074073
2 0.46145833333333336 0.19166666666666668 0.4635416666666667 0.20092592592592592 0.4609375 0.2074074074074074 0.4583333333333333 0.20462962962962963 0.4583333333333333 0.1962962962962963 0.4609375 0.19166666666666668
2 0.6 0.06759259259259259 0.6046875 0.0787037037037037 0.6046875 0.09444444444444444 0.6005208333333333 0.11481481481481481 0.5932291666666667 0.12407407407407407 0.5875 0.12407407407407407 0.5848958333333333 0.12037037037037036 0.5822916666666667 0.10833333333333334 0.5822916666666667 0.09444444444444444 0.5895833333333333 0.07037037037037037 0.5932291666666667 0.06666666666666667 0.5994791666666667 0.06759259259259259
2 0.5114583333333333 0.05277777777777778 0.5151041666666667 0.05555555555555555 0.5171875 0.062037037037037036 0.5177083333333333 0.07962962962962963 0.5135416666666667 0.09722222222222222 0.5088541666666667 0.10462962962962963 0.5026041666666666 0.09907407407407408 0.5005208333333333 0.09074074074074075 0.5005208333333333 0.07592592592592592 0.5046875 0.058333333333333334 0.5109375 0.05277777777777778
2 0.4549479166666667 0.5824074074074074 0.0078125 0.020370370370370372
2 0.5627604166666667 0.5712962962962963 0.018229166666666668 0.046296296296296294
2 0.4703125 0.6574074074074074 0.4744791666666667 0.6666666666666666 0.475 0.6824074074074075 0.46979166666666666 0.6944444444444444 0.4661458333333333 0.6935185185185185 0.4625 0.6814814814814815 0.4635416666666667 0.6638888888888889 0.4661458333333333 0.6583333333333333 0.46979166666666666 0.6574074074074074
2 0.4125 0.6699074074074074 0.013541666666666667 0.041666666666666664
2 0.46458333333333335 0.5148148148148148 0.4640625 0.5277777777777778 0.46197916666666666 0.5277777777777778 0.46041666666666664 0.5231481481481481 0.4609375 0.5157407407407407 0.4640625 0.5148148148148148
2 0.5864583333333333 0.40925925925925927 0.5880208333333333 0.41944444444444445 0.5854166666666667 0.42592592592592593 0.5817708333333333 0.4222222222222222 0.58125 0.41388888888888886 0.5822916666666667 0.4101851851851852 0.5859375 0.40925925925925927
2 0.6083333333333333 0.42685185185185187 0.6125 0.44074074074074077 0.6104166666666667 0.4527777777777778 0.6072916666666667 0.45740740740740743 0.6036458333333333 0.45740740740740743 0.6005208333333333 0.4527777777777778 0.5989583333333334 0.4388888888888889 0.6026041666666667 0.42777777777777776 0.6078125 0.42685185185185187
2 0.5510416666666667 0.7027777777777777 0.5567708333333333 0.7166666666666667 0.5578125 0.7351851851851852 0.5546875 0.7490740740740741 0.5505208333333333 0.7537037037037037 0.5447916666666667 0.7518518518518519 0.5401041666666667 0.7435185185185185 0.5369791666666667 0.725 0.5380208333333333 0.712037037037037 0.5421875 0.7027777777777777 0.5453125 0.7 0.5505208333333333 0.7027777777777777
2 0.4171875 0.5939814814814814 0.008333333333333333 0.023148148148148147
2 0.4114583333333333 0.41898148148148145 0.008333333333333333 0.023148148148148147
2 0.5473958333333333 0.6342592592592593 0.5505208333333333 0.6435185185185185 0.55 0.6518518518518519 0.5479166666666667 0.6555555555555556 0.5442708333333334 0.6555555555555556 0.5411458333333333 0.6472222222222223 0.5416666666666666 0.637962962962963 0.546875 0.6342592592592593
2 0.40677083333333336 0.5962962962962963 0.4083333333333333 0.6074074074074074 0.40572916666666664 0.6129629629629629 0.40260416666666665 0.6092592592592593 0.40208333333333335 0.600925925925926 0.4036458333333333 0.5962962962962963 0.40625 0.5962962962962963
2 0.3963541666666667 0.31666666666666665 0.39895833333333336 0.32314814814814813 0.39947916666666666 0.3351851851851852 0.39791666666666664 0.3472222222222222 0.39427083333333335 0.35462962962962963 0.39166666666666666 0.35462962962962963 0.3890625 0.3490740740740741 0.3880208333333333 0.33055555555555555 0.39166666666666666 0.3175925925925926 0.3958333333333333 0.31666666666666665
2 0.54375 0.1648148148148148 0.5453125 0.1824074074074074 0.5401041666666667 0.19444444444444445 0.5364583333333334 0.1925925925925926 0.534375 0.18055555555555555 0.5364583333333334 0.16944444444444445 0.5401041666666667 0.1638888888888889 0.5432291666666667 0.1648148148148148
2 0.38385416666666666 0.5555555555555556 0.004166666666666667 0.012962962962962963
2 0.48072916666666665 0.09074074074074075 0.48541666666666666 0.09259259259259259 0.48854166666666665 0.1 0.4875 0.1259259259259259 0.48489583333333336 0.13703703703703704 0.4817708333333333 0.14074074074074075 0.47604166666666664 0.1398148148148148 0.47291666666666665 0.13518518518518519 0.4739583333333333 0.12962962962962962 0.4786458333333333 0.12962962962962962 0.4828125 0.12037037037037036 0.48333333333333334 0.11018518518518519 0.48125 0.10555555555555556 0.475 0.10833333333333334 0.47291666666666665 0.1037037037037037 0.475 0.0962962962962963 0.48020833333333335 0.09074074074074075
1 0.4046875 0.9037037037037037 0.40677083333333336 0.9324074074074075 0.40520833333333334 0.9481481481481482 0.34739583333333335 0.9722222222222222 0.34375 0.9722222222222222 0.3390625 0.9648148148148148 0.33125 0.9666666666666667 0.32760416666666664 0.9546296296296296 0.32916666666666666 0.9407407407407408 0.33697916666666666 0.9361111111111111 0.34322916666666664 0.9212962962962963 0.3765625 0.9111111111111111 0.39427083333333335 0.9092592592592592 0.4036458333333333 0.912962962962963 0.40520833333333334 0.9101851851851852 0.4046875 0.9046296296296297
1 0.403125 0.8518518518518519 0.40625 0.8648148148148148 0.40520833333333334 0.8981481481481481 0.3932291666666667 0.9018518518518519 0.3848958333333333 0.9083333333333333 0.3536458333333333 0.9157407407407407 0.3338541666666667 0.9092592592592592 0.325 0.9111111111111111 0.3223958333333333 0.9027777777777778 0.32395833333333335 0.887962962962963 0.3338541666666667 0.8842592592592593 0.3421875 0.875 0.35520833333333335 0.8666666666666667 0.40260416666666665 0.8518518518518519