0 0.6192708333333333 0.3453703703703704 0.6223958333333334 0.35555555555555557 0.6223958333333334 0.36203703703703705 0.6197916666666666 0.36666666666666664 0.6151041666666667 0.36666666666666664 0.6125 0.362962962962963 0.6130208333333333 0.35185185185185186 0.61875 0.3453703703703704
0 0.46197916666666666 0.41574074074074074 0.4661458333333333 0.4222222222222222 0.49583333333333335 0.42407407407407405 0.49895833333333334 0.42962962962962964 0.4973958333333333 0.4462962962962963 0.46197916666666666 0.45185185185185184 0.45677083333333335 0.45 0.4557291666666667 0.44537037037037036 0.45677083333333335 0.4185185185185185 0.46145833333333336 0.41574074074074074
0 0.5359375 0.38055555555555554 0.540625 0.387037037037037 0.5401041666666667 0.42407407407407405 0.5427083333333333 0.48055555555555557 0.5359375 0.48518518518518516 0.5322916666666667 0.475 0.5322916666666667 0.40925925925925927 0.5307291666666667 0.387037037037037 0.5322916666666667 0.3824074074074074 0.5354166666666667 0.3814814814814815
0 0.44583333333333336 0.37407407407407406 0.44635416666666666 0.3814814814814815 0.4427083333333333 0.38796296296296295 0.43072916666666666 0.3861111111111111 0.4276041666666667 0.37592592592592594 0.42864583333333334 0.3731481481481482 0.4453125 0.37407407407407406
0 0.48802083333333335 0.4546296296296296 0.49114583333333334 0.45740740740740743 0.496875 0.4787037037037037 0.5041666666666667 0.49444444444444446 0.5046875 0.5 0.5015625 0.5074074074074074 0.4947916666666667 0.5046296296296297 0.47760416666666666 0.47314814814814815 0.4786458333333333 0.46296296296296297 0.4875 0.4546296296296296
0 0.2859375 0.5333333333333333 0.2916666666666667 0.5425925925925926 0.2921875 0.549074074074074 0.2755208333333333 0.562962962962963 0.26979166666666665 0.5601851851851852 0.26927083333333335 0.5518518518518518 0.28541666666666665 0.5342592592592592
0 0.4270833333333333 0.3712962962962963 0.4296875 0.37592592592592594 0.43020833333333336 0.3851851851851852 0.4171875 0.4074074074074074 0.4088541666666667 0.42685185185185187 0.4046875 0.42962962962962964 0.39895833333333336 0.42407407407407405 0.39895833333333336 0.4148148148148148 0.41302083333333334 0.3851851851851852 0.41770833333333335 0.3685185185185185 0.42239583333333336 0.3675925925925926 0.4265625 0.3712962962962963
0 0.4713541666666667 0.35462962962962963 0.47552083333333334 0.362962962962963 0.4734375 0.37222222222222223 0.4625 0.38055555555555554 0.43385416666666665 0.41759259259259257 0.41875 0.4305555555555556 0.4140625 0.4305555555555556 0.4109375 0.425 0.4140625 0.4166666666666667 0.43854166666666666 0.39444444444444443 0.4473958333333333 0.3814814814814815 0.4635416666666667 0.3648148148148148 0.46770833333333334 0.35462962962962963 0.4708333333333333 0.35462962962962963
0 0.5770833333333333 0.44907407407407407 0.5848958333333333 0.46111111111111114 0.5864583333333333 0.4722222222222222 0.5859375 0.4777777777777778 0.5807291666666666 0.48703703703703705 0.5776041666666667 0.4898148148148148 0.5703125 0.48703703703703705 0.5473958333333333 0.5055555555555555 0.5213541666666667 0.5296296296296297 0.5130208333333334 0.5407407407407407 0.46770833333333334 0.5796296296296296 0.4630208333333333 0.5796296296296296 0.45989583333333334 0.575 0.4578125 0.5601851851851852 0.4609375 0.5527777777777778 0.5614583333333333 0.4685185185185185 0.5666666666666667 0.462037037037037 0.5697916666666667 0.45185185185185184 0.5765625 0.44907407407407407
0 0.5802083333333333 0.3925925925925926 0.5833333333333334 0.40370370370370373 0.5833333333333334 0.41574074074074074 0.58125 0.4203703703703704 0.578125 0.42314814814814816 0.5697916666666667 0.4222222222222222 0.5505208333333333 0.43425925925925923 0.5447916666666667 0.42962962962962964 0.5421875 0.4148148148148148 0.54375 0.4111111111111111 0.5677083333333334 0.3990740740740741 0.5734375 0.38981481481481484 0.5796875 0.3925925925925926
2 0.603125 0.3472222222222222 0.6057291666666667 0.3509259259259259 0.6036458333333333 0.3574074074074074 0.5989583333333334 0.3574074074074074 0.5963541666666666 0.3537037037037037 0.596875 0.34814814814814815 0.6026041666666667 0.3472222222222222
2 0.42604166666666665 0.562037037037037 0.4317708333333333 0.5666666666666667 0.4354166666666667 0.5777777777777777 0.43125 0.5898148148148148 0.42135416666666664 0.5953703703703703 0.40989583333333335 0.5916666666666667 0.40625 0.5851851851851851 0.40572916666666664 0.5777777777777777 0.4078125 0.5703703703703704 0.41302083333333334 0.5638888888888889 0.42552083333333335 0.562037037037037
2 0.6291666666666667 0.5120370370370371 0.634375 0.5194444444444445 0.6359375 0.5296296296296297 0.6333333333333333 0.5361111111111111 0.628125 0.5388888888888889 0.615625 0.5370370370370371 0.609375 0.5296296296296297 0.6078125 0.5222222222222223 0.6109375 0.512962962962963 0.615625 0.5092592592592593 0.6234375 0.5083333333333333 0.6286458333333333 0.5120370370370371
2 0.39166666666666666 0.45740740740740743 0.39427083333333335 0.4601851851851852 0.3958333333333333 0.4675925925925926 0.3932291666666667 0.47314814814814815 0.3880208333333333 0.47685185185185186 0.37864583333333335 0.4759259259259259 0.37604166666666666 0.47314814814814815 0.37604166666666666 0.46944444444444444 0.3859375 0.4564814814814815 0.39114583333333336 0.45740740740740743
2 0.4395833333333333 0.4166666666666667 0.44114583333333335 0.4185185185185185 0.4395833333333333 0.42407407407407405 0.4328125 0.4212962962962963 0.4354166666666667 0.4166666666666667 0.4390625 0.4166666666666667
2 0.42916666666666664 0.5009259259259259 0.4354166666666667 0.5046296296296297 0.43854166666666666 0.5157407407407407 0.4348958333333333 0.5259259259259259 0.428125 0.5296296296296297 0.4171875 0.5259259259259259 0.41458333333333336 0.512962962962963 0.4192708333333333 0.5037037037037037 0.42864583333333334 0.5009259259259259
2 0.37864583333333335 0.4444444444444444 0.38333333333333336 0.44722222222222224 0.3859375 0.4564814814814815 0.37552083333333336 0.47129629629629627 0.36770833333333336 0.47129629629629627 0.3625 0.4675925925925926 0.36041666666666666 0.45740740740740743 0.36875 0.4462962962962963 0.378125 0.4444444444444444
2 0.6130208333333333 0.3814814814814815 0.6192708333333333 0.3851851851851852 0.6229166666666667 0.39351851851851855 0.6208333333333333 0.4009259259259259 0.6161458333333333 0.4046296296296296 0.60625 0.40370370370370373 0.5989583333333334 0.39444444444444443 0.6010416666666667 0.38425925925925924 0.6125 0.3814814814814815
2 0.35 0.4425925925925926 0.3515625 0.44907407407407407 0.3484375 0.4537037037037037 0.3416666666666667 0.45185185185185184 0.340625 0.44537037037037036 0.34427083333333336 0.44166666666666665 0.3494791666666667 0.4425925925925926
2 0.5135416666666667 0.462037037037037 0.5177083333333333 0.4666666666666667 0.5182291666666666 0.47129629629629627 0.5130208333333334 0.4777777777777778 0.5067708333333333 0.47685185185185186 0.5036458333333333 0.47129629629629627 0.5057291666666667 0.4638888888888889 0.5130208333333334 0.462037037037037
2 0.5036458333333333 0.3861111111111111 0.509375 0.38981481481481484 0.5119791666666667 0.39537037037037037 0.5119791666666667 0.4009259259259259 0.5088541666666667 0.4064814814814815 0.5015625 0.4101851851851852 0.4921875 0.4074074074074074 0.48802083333333335 0.3972222222222222 0.4942708333333333 0.387037037037037 0.503125 0.3861111111111111
2 0.5942708333333333 0.43148148148148147 0.6010416666666667 0.4388888888888889 0.6020833333333333 0.44722222222222224 0.5989583333333334 0.4527777777777778 0.5911458333333334 0.45555555555555555 0.5796875 0.45 0.5765625 0.44166666666666665 0.578125 0.4351851851851852 0.5817708333333333 0.43148148148148147 0.59375 0.43148148148148147
1 0.9322916666666666 0.5833333333333334 0.940625 0.5916666666666667 0.9427083333333334 0.600925925925926 0.9375 0.6175925925925926 0.9317708333333333 0.6472222222222223 0.9223958333333333 0.6722222222222223 0.9192708333333334 0.6953703703703704 0.9213541666666667 0.7212962962962963 0.915625 0.7527777777777778 0.9067708333333333 0.7490740740740741 0.8875 0.7305555555555555 0.8802083333333334 0.7203703703703703 0.8791666666666667 0.7074074074074074 0.8921875 0.6685185185185185 0.8932291666666666 0.6546296296296297 0.9005208333333333 0.6240740740740741 0.9078125 0.6157407407407407 0.9265625 0.6148148148148148 0.9296875 0.6083333333333333 0.9296875 0.6037037037037037 0.9260416666666667 0.5916666666666667 0.9229166666666667 0.5879629629629629 0.9260416666666667 0.5833333333333334 0.9317708333333333 0.5833333333333334
1 0.9328125 0.5370370370370371 0.953125 0.5425925925925926 0.953125 0.5518518518518518 0.9369791666666667 0.5583333333333333 0.93125 0.575 0.9244791666666666 0.5851851851851851 0.928125 0.6018518518518519 0.9265625 0.6129629629629629 0.909375 0.6138888888888889 0.9 0.6240740740740741 0.8932291666666666 0.65 0.8916666666666667 0.6675925925925926 0.8880208333333334 0.6759259259259259 0.8791666666666667 0.6657407407407407 0.8776041666666666 0.6564814814814814 0.878125 0.6305555555555555 0.8833333333333333 0.6111111111111112 0.890625 0.5962962962962963 0.9 0.5898148148148148 0.9052083333333333 0.5777777777777777 0.915625 0.5666666666666667 0.9182291666666667 0.5425925925925926 0.9203125 0.5388888888888889 0.9322916666666666 0.5370370370370371
1 0.23802083333333332 0.19814814814814816 0.24375 0.20092592592592592 0.2484375 0.22777777777777777 0.25625 0.25462962962962965 0.26458333333333334 0.33796296296296297 0.2630208333333333 0.3435185185185185 0.2598958333333333 0.3453703703703704 0.240625 0.34444444444444444 0.23697916666666666 0.3296296296296296 0.23072916666666668 0.2833333333333333 0.22864583333333333 0.2462962962962963 0.23125 0.2212962962962963 0.2296875 0.20555555555555555 0.23177083333333334 0.2 0.2375 0.19814814814814816
1 0.21145833333333333 0.20925925925925926 0.21510416666666668 0.22407407407407406 0.2203125 0.22685185185185186 0.22447916666666667 0.23796296296296296 0.234375 0.32037037037037036 0.23385416666666667 0.3277777777777778 0.2375 0.34074074074074073 0.2375 0.3453703703703704 0.21927083333333333 0.34814814814814815 0.2125 0.34814814814814815 0.20989583333333334 0.34444444444444444 0.2046875 0.29444444444444445 0.19635416666666666 0.2462962962962963 0.19635416666666666 0.23703703703703705 0.19947916666666668 0.225 0.19895833333333332 0.21296296296296297 0.2046875 0.20833333333333334 0.2109375 0.20925925925925926