0 0.6151041666666667 0.8962962962962963 0.6192708333333333 0.9009259259259259 0.615625 0.9574074074074074 0.61875 0.9731481481481481 0.6166666666666667 0.9768518518518519 0.6083333333333333 0.975925925925926 0.6052083333333333 0.9722222222222222 0.6046875 0.9666666666666667 0.6078125 0.9583333333333334 0.6098958333333333 0.9027777777777778 0.6114583333333333 0.8972222222222223 0.6145833333333334 0.8962962962962963
0 0.60625 0.7814814814814814 0.6104166666666667 0.7851851851851852 0.6104166666666667 0.7944444444444444 0.60625 0.812962962962963 0.603125 0.812037037037037 0.6020833333333333 0.8083333333333333 0.6015625 0.7925925925925926 0.6020833333333333 0.7842592592592592 0.6057291666666667 0.7814814814814814
0 0.4322916666666667 0.8888888888888888 0.4354166666666667 0.8925925925925926 0.4354166666666667 0.9009259259259259 0.42916666666666664 0.9453703703703704 0.43072916666666666 0.9564814814814815 0.42864583333333334 0.9629629629629629 0.4239583333333333 0.9638888888888889 0.4171875 0.9611111111111111 0.41458333333333336 0.9527777777777777 0.4203125 0.9351851851851852 0.4265625 0.8925925925925926 0.4317708333333333 0.8888888888888888
0 0.37395833333333334 0.42407407407407405 0.3765625 0.4287037037037037 0.3776041666666667 0.43796296296296294 0.3875 0.6203703703703703 0.39375 0.6324074074074074 0.39166666666666666 0.6388888888888888 0.3854166666666667 0.6435185185185185 0.37864583333333335 0.6425925925925926 0.3765625 0.6333333333333333 0.37864583333333335 0.6175925925925926 0.378125 0.6018518518518519 0.3671875 0.43333333333333335 0.3692708333333333 0.42314814814814816 0.3734375 0.42407407407407405
0 0.4125 0.4546296296296296 0.4171875 0.4583333333333333 0.4166666666666667 0.4685185185185185 0.40572916666666664 0.475 0.39739583333333334 0.47314814814814815 0.3953125 0.462037037037037 0.3963541666666667 0.4564814814814815 0.4005208333333333 0.45185185185185184 0.4119791666666667 0.4546296296296296
0 0.5322916666666667 0.29907407407407405 0.5338541666666666 0.3111111111111111 0.5302083333333333 0.3194444444444444 0.5333333333333333 0.3675925925925926 0.5317708333333333 0.375 0.5286458333333334 0.37777777777777777 0.5223958333333333 0.37777777777777777 0.5197916666666667 0.3731481481481482 0.5177083333333333 0.33611111111111114 0.5135416666666667 0.3055555555555556 0.5177083333333333 0.3 0.5317708333333333 0.29907407407407405
0 0.5244791666666667 0.8657407407407407 0.5270833333333333 0.8731481481481481 0.5302083333333333 0.9037037037037037 0.5364583333333334 0.9166666666666666 0.5338541666666666 0.9277777777777778 0.5270833333333333 0.9324074074074075 0.521875 0.9314814814814815 0.51875 0.924074074074074 0.5197916666666667 0.9037037037037037 0.515625 0.875 0.5182291666666666 0.8666666666666667 0.5239583333333333 0.8657407407407407
0 0.621875 0.7055555555555556 0.6260416666666667 0.7101851851851851 0.6286458333333333 0.762962962962963 0.6328125 0.7870370370370371 0.63125 0.7935185185185185 0.6265625 0.7953703703703704 0.6177083333333333 0.7935185185185185 0.6151041666666667 0.787962962962963 0.6177083333333333 0.7638888888888888 0.6140625 0.7138888888888889 0.6161458333333333 0.7074074074074074 0.6213541666666667 0.7055555555555556
0 0.6052083333333333 0.43194444444444446 0.028125 0.1287037037037037
0 0.43802083333333336 0.700925925925926 0.44166666666666665 0.7074074074074074 0.44427083333333334 0.7537037037037037 0.45 0.7638888888888888 0.4479166666666667 0.7722222222222223 0.43697916666666664 0.7768518518518519 0.4322916666666667 0.7759259259259259 0.43072916666666666 0.7712962962962963 0.4322916666666667 0.7481481481481481 0.43020833333333336 0.712037037037037 0.4322916666666667 0.7037037037037037 0.4375 0.700925925925926
0 0.5223958333333333 0.5731481481481482 0.5260416666666666 0.5777777777777777 0.5515625 0.5805555555555556 0.5541666666666667 0.5842592592592593 0.5546875 0.5972222222222222 0.5515625 0.6037037037037037 0.5255208333333333 0.6027777777777777 0.51875 0.6074074074074074 0.5114583333333333 0.6037037037037037 0.5098958333333333 0.5833333333333334 0.5125 0.575 0.521875 0.5731481481481482
0 0.45546875 0.8865740740740741 0.019270833333333334 0.032407407407407406
2 0.5705729166666667 0.38842592592592595 0.0046875 0.013888888888888888
2 0.5317708333333333 0.6564814814814814 0.5348958333333333 0.6648148148148149 0.5354166666666667 0.6824074074074075 0.5328125 0.6935185185185185 0.5265625 0.700925925925926 0.5208333333333334 0.6944444444444444 0.5197916666666667 0.674074074074074 0.5213541666666667 0.6648148148148149 0.5255208333333333 0.6564814814814814 0.53125 0.6564814814814814
2 0.5416666666666666 0.45 0.5432291666666667 0.4537037037037037 0.5416666666666666 0.4638888888888889 0.5380208333333333 0.4601851851851852 0.5385416666666667 0.45185185185185184 0.5411458333333333 0.45
2 0.5421875 0.8 0.5432291666666667 0.8064814814814815 0.5401041666666667 0.8138888888888889 0.5380208333333333 0.812037037037037 0.5375 0.8046296296296296 0.5390625 0.8 0.5416666666666666 0.8
2 0.45625 0.40185185185185185 0.46041666666666664 0.4101851851851852 0.4625 0.42777777777777776 0.45989583333333334 0.4444444444444444 0.45416666666666666 0.45185185185185184 0.44895833333333335 0.45092592592592595 0.44427083333333334 0.44351851851851853 0.44166666666666665 0.4212962962962963 0.4432291666666667 0.4101851851851852 0.446875 0.40185185185185185 0.4557291666666667 0.40185185185185185
2 0.5791666666666667 0.37962962962962965 0.5828125 0.38796296296296295 0.5828125 0.3962962962962963 0.5807291666666666 0.40185185185185185 0.5770833333333333 0.40185185185185185 0.5744791666666667 0.3925925925925926 0.5760416666666667 0.3814814814814815 0.5786458333333333 0.37962962962962965
2 0.46770833333333334 0.9407407407407408 0.4713541666666667 0.9537037037037037 0.4713541666666667 0.9675925925925926 0.4671875 0.9851851851851852 0.46041666666666664 0.9944444444444445 0.4557291666666667 0.9944444444444445 0.453125 0.9907407407407407 0.4515625 0.9851851851851852 0.4515625 0.9666666666666667 0.45364583333333336 0.9537037037037037 0.4578125 0.9435185185185185 0.4630208333333333 0.9398148148148148 0.4671875 0.9407407407407408
2 0.4359375 0.24351851851851852 0.4427083333333333 0.2564814814814815 0.44479166666666664 0.27314814814814814 0.4427083333333333 0.29074074074074074 0.43645833333333334 0.2972222222222222 0.43020833333333336 0.29444444444444445 0.425 0.28425925925925927 0.42291666666666666 0.27314814814814814 0.4244791666666667 0.25092592592592594 0.43020833333333336 0.24259259259259258 0.4354166666666667 0.24351851851851852
2 0.5721354166666667 0.5509259259259259 0.0067708333333333336 0.018518518518518517
2 0.48125 0.8888888888888888 0.484375 0.9009259259259259 0.48385416666666664 0.9166666666666666 0.4791666666666667 0.9333333333333333 0.4739583333333333 0.9388888888888889 0.46927083333333336 0.937037037037037 0.4666666666666667 0.9305555555555556 0.4666666666666667 0.9101851851851852 0.4713541666666667 0.8907407407407407 0.4765625 0.8861111111111111 0.48072916666666665 0.8888888888888888
2 0.4796875 0.32685185185185184 0.48333333333333334 0.33425925925925926 0.48541666666666666 0.3490740740740741 0.48333333333333334 0.3592592592592593 0.478125 0.36666666666666664 0.4713541666666667 0.3611111111111111 0.46875 0.3435185185185185 0.471875 0.3287037037037037 0.4791666666666667 0.32685185185185184
2 0.5776041666666667 0.4074074074074074 0.5802083333333333 0.4101851851851852 0.5833333333333334 0.4222222222222222 0.5828125 0.44074074074074077 0.5791666666666667 0.44814814814814813 0.575 0.44814814814814813 0.5723958333333333 0.44351851851851853 0.5703125 0.42962962962962964 0.5729166666666666 0.4111111111111111 0.5770833333333333 0.4074074074074074
2 0.5630208333333333 0.7898148148148149 0.5671875 0.799074074074074 0.5677083333333334 0.8157407407407408 0.565625 0.8268518518518518 0.5614583333333333 0.8333333333333334 0.5578125 0.8333333333333334 0.5557291666666667 0.8296296296296296 0.5541666666666667 0.812037037037037 0.5578125 0.7935185185185185 0.5625 0.7898148148148149
2 0.6072916666666667 0.5472222222222223 0.6098958333333333 0.5601851851851852 0.60625 0.5685185185185185 0.6020833333333333 0.5592592592592592 0.6036458333333333 0.549074074074074 0.6067708333333334 0.5472222222222223
2 0.4166666666666667 0.5740740740740741 0.4192708333333333 0.5824074074074074 0.4166666666666667 0.5907407407407408 0.4119791666666667 0.587037037037037 0.4125 0.5768518518518518 0.4161458333333333 0.5740740740740741
2 0.5151041666666667 0.6731481481481482 0.5182291666666666 0.6814814814814815 0.515625 0.6925925925925925 0.5119791666666667 0.6925925925925925 0.5104166666666666 0.6888888888888889 0.5114583333333333 0.6768518518518518 0.5145833333333333 0.6731481481481482
2 0.4276041666666667 0.7324074074074074 0.43020833333333336 0.7453703703703703 0.42864583333333334 0.7527777777777778 0.42552083333333335 0.7564814814814815 0.42135416666666664 0.7537037037037037 0.4203125 0.7435185185185185 0.4234375 0.7333333333333333 0.4270833333333333 0.7324074074074074
2 0.5989583333333334 0.6592592592592592 0.6026041666666667 0.6648148148148149 0.603125 0.6796296296296296 0.6005208333333333 0.6907407407407408 0.5973958333333333 0.6925925925925925 0.59375 0.687962962962963 0.5927083333333333 0.675 0.5942708333333333 0.6648148148148149 0.5984375 0.6592592592592592
2 0.46145833333333336 0.8037037037037037 0.46458333333333335 0.8101851851851852 0.46458333333333335 0.8212962962962963 0.4635416666666667 0.8268518518518518 0.4583333333333333 0.8333333333333334 0.4546875 0.8296296296296296 0.45364583333333336 0.8175925925925925 0.4557291666666667 0.8074074074074075 0.4609375 0.8037037037037037
2 0.4078125 0.3111111111111111 0.4109375 0.31574074074074077 0.4125 0.32407407407407407 0.4109375 0.33240740740740743 0.4088541666666667 0.33425925925925926 0.403125 0.3314814814814815 0.4015625 0.325 0.40260416666666665 0.3138888888888889 0.40729166666666666 0.3111111111111111
1 0.6567708333333333 0.028703703703703703 0.6609375 0.03518518518518519 0.6697916666666667 0.03425925925925926 0.6723958333333333 0.046296296296296294 0.6713541666666667 0.05740740740740741 0.6640625 0.06296296296296296 0.6609375 0.07314814814814814 0.6567708333333333 0.0787037037037037 0.6223958333333334 0.09074074074074075 0.6078125 0.09259259259259259 0.5953125 0.1 0.59375 0.09814814814814815 0.5932291666666667 0.08425925925925926 0.5932291666666667 0.05648148148148148 0.5947916666666667 0.05185185185185185 0.6213541666666667 0.04259259259259259 0.6421875 0.03148148148148148 0.65625 0.028703703703703703
1 0.6458333333333334 0.08611111111111111 0.6630208333333333 0.09074074074074075 0.675 0.08888888888888889 0.6776041666666667 0.09907407407407408 0.6755208333333333 0.11296296296296296 0.665625 0.11666666666666667 0.6432291666666666 0.13333333333333333 0.5994791666666667 0.14629629629629629 0.5942708333333333 0.14074074074074075 0.5942708333333333 0.1037037037037037 0.6135416666666667 0.09351851851851851 0.6453125 0.08611111111111111