0 0.6041666666666666 0.16111111111111112 0.5984375 0.10277777777777777 0.5932291666666667 0.09444444444444444 0.5942708333333333 0.08796296296296297 0.6026041666666667 0.08333333333333333 0.6098958333333333 0.08425925925925926 0.6072916666666667 0.0962962962962963 0.6130208333333333 0.15185185185185185 0.6119791666666666 0.16018518518518518 0.6046875 0.16111111111111112
0 0.603125 0.18888888888888888 0.60625 0.18796296296296297 0.6078125 0.19074074074074074 0.6109375 0.20925925925925926 0.6088541666666667 0.2175925925925926 0.6041666666666666 0.21944444444444444 0.6020833333333333 0.21666666666666667 0.603125 0.18981481481481483
0 0.49375 0.3925925925925926 0.4973958333333333 0.4009259259259259 0.4973958333333333 0.4074074074074074 0.48541666666666666 0.41944444444444445 0.43854166666666666 0.49444444444444446 0.4348958333333333 0.49722222222222223 0.43020833333333336 0.4925925925925926 0.4296875 0.4842592592592593 0.43125 0.47962962962962963 0.47291666666666665 0.42314814814814816 0.48802083333333335 0.3925925925925926 0.49322916666666666 0.3925925925925926
0 0.5255208333333333 0.37592592592592594 0.5338541666666666 0.3888888888888889 0.534375 0.39444444444444443 0.5317708333333333 0.4 0.5223958333333333 0.3962962962962963 0.5192708333333333 0.39166666666666666 0.5203125 0.3787037037037037 0.525 0.37592592592592594
0 0.4786458333333333 0.12685185185185185 0.48072916666666665 0.13148148148148148 0.4791666666666667 0.14074074074074075 0.4515625 0.15925925925925927 0.44895833333333335 0.15833333333333333 0.4453125 0.14907407407407408 0.4453125 0.13796296296296295 0.4473958333333333 0.13333333333333333 0.4583333333333333 0.13333333333333333 0.4739583333333333 0.1259259259259259 0.478125 0.12685185185185185
0 0.575 0.23425925925925925 0.5828125 0.24537037037037038 0.5828125 0.2564814814814815 0.5739583333333333 0.27037037037037037 0.5651041666666666 0.3148148148148148 0.559375 0.32685185185185184 0.5515625 0.32222222222222224 0.5505208333333333 0.31574074074074077 0.5614583333333333 0.26296296296296295 0.5609375 0.24444444444444444 0.5666666666666667 0.23425925925925925 0.5744791666666667 0.23425925925925925
0 0.46927083333333336 0.15185185185185185 0.47760416666666666 0.17685185185185184 0.47708333333333336 0.18333333333333332 0.4739583333333333 0.18611111111111112 0.46875 0.1824074074074074 0.45989583333333334 0.16666666666666666 0.4625 0.15555555555555556 0.46875 0.15185185185185185
0 0.4666666666666667 0.2361111111111111 0.4713541666666667 0.23981481481481481 0.49166666666666664 0.23703703703703705 0.4942708333333333 0.24351851851851852 0.49375 0.25 0.4901041666666667 0.2564814814814815 0.4734375 0.262037037037037 0.46770833333333334 0.27037037037037037 0.45989583333333334 0.2675925925925926 0.45677083333333335 0.2574074074074074 0.4588541666666667 0.23981481481481481 0.46145833333333336 0.2361111111111111 0.4661458333333333 0.2361111111111111
0 0.5807291666666666 0.475 0.6125 0.48055555555555557 0.6270833333333333 0.4787037037037037 0.6296875 0.48518518518518516 0.6260416666666667 0.49537037037037035 0.5734375 0.487962962962963 0.5697916666666667 0.48518518518518516 0.5692708333333333 0.4787037037037037 0.5723958333333333 0.475 0.5802083333333333 0.475
0 0.5005208333333333 0.2324074074074074 0.5088541666666667 0.2916666666666667 0.5140625 0.29907407407407405 0.5145833333333333 0.3074074074074074 0.5114583333333333 0.31203703703703706 0.5 0.31851851851851853 0.49635416666666665 0.31851851851851853 0.49322916666666666 0.31296296296296294 0.4901041666666667 0.26296296296296295 0.4901041666666667 0.2564814814814815 0.49375 0.25092592592592594 0.49375 0.23703703703703705 0.496875 0.23148148148148148 0.5 0.2324074074074074
0 0.5463541666666667 0.19166666666666668 0.55 0.1962962962962963 0.5505208333333333 0.20277777777777778 0.5442708333333334 0.21388888888888888 0.5416666666666666 0.25 0.5385416666666667 0.2537037037037037 0.5338541666666666 0.25277777777777777 0.53125 0.24537037037037038 0.534375 0.21481481481481482 0.5328125 0.19722222222222222 0.5338541666666666 0.1925925925925926 0.5385416666666667 0.18888888888888888 0.5458333333333333 0.19166666666666668
0 0.6140625 0.44814814814814813 0.6166666666666667 0.4777777777777778 0.6145833333333334 0.48055555555555557 0.6046875 0.4777777777777778 0.6020833333333333 0.46111111111111114 0.6046875 0.44814814814814813 0.6135416666666667 0.44814814814814813
2 0.45416666666666666 0.549074074074074 0.4609375 0.5592592592592592 0.4625 0.5796296296296296 0.4588541666666667 0.5953703703703703 0.45208333333333334 0.6018518518518519 0.4453125 0.5962962962962963 0.4421875 0.5842592592592593 0.44166666666666665 0.5712962962962963 0.44583333333333336 0.5537037037037037 0.4484375 0.55 0.45364583333333336 0.549074074074074
2 0.5260416666666666 0.05648148148148148 0.5328125 0.06481481481481481 0.5359375 0.07685185185185185 0.5354166666666667 0.09444444444444444 0.5317708333333333 0.1037037037037037 0.528125 0.1037037037037037 0.5255208333333333 0.1 0.5208333333333334 0.08055555555555556 0.5213541666666667 0.06111111111111111 0.5255208333333333 0.05648148148148148
2 0.56875 0.6055555555555555 0.5723958333333333 0.6083333333333333 0.5713541666666667 0.6175925925925926 0.5692708333333333 0.6185185185185185 0.5677083333333334 0.6148148148148148 0.56875 0.6064814814814815
2 0.5895833333333333 0.4083333333333333 0.5916666666666667 0.41203703703703703 0.5921875 0.4212962962962963 0.5885416666666666 0.4305555555555556 0.5848958333333333 0.42592592592592593 0.5838541666666667 0.4166666666666667 0.5854166666666667 0.40925925925925927 0.5890625 0.4083333333333333
2 0.534375 0.5222222222222223 0.5359375 0.5157407407407407 0.5385416666666667 0.5157407407407407 0.5390625 0.5268518518518519 0.5359375 0.5287037037037037 0.5348958333333333 0.5231481481481481
2 0.47760416666666666 0.675 0.48333333333333334 0.6842592592592592 0.484375 0.700925925925926 0.48072916666666665 0.7185185185185186 0.4739583333333333 0.725925925925926 0.46979166666666666 0.7231481481481481 0.4661458333333333 0.7129629629629629 0.465625 0.6944444444444444 0.471875 0.6768518518518518 0.47708333333333336 0.675
2 0.5828125 0.5824074074074074 0.5864583333333333 0.5888888888888889 0.5859375 0.5990740740740741 0.5828125 0.6055555555555555 0.5786458333333333 0.5981481481481481 0.5786458333333333 0.5888888888888889 0.5822916666666667 0.5824074074074074
2 0.6005208333333333 0.6342592592592593 0.603125 0.6388888888888888 0.6041666666666666 0.6527777777777778 0.6026041666666667 0.6611111111111111 0.5984375 0.6657407407407407 0.5947916666666667 0.6592592592592592 0.5942708333333333 0.6425925925925926 0.5963541666666666 0.6351851851851852 0.6 0.6342592592592593
2 0.5734375 0.44166666666666665 0.575 0.4462962962962963 0.5734375 0.4583333333333333 0.5708333333333333 0.4583333333333333 0.56875 0.4527777777777778 0.5692708333333333 0.4425925925925926 0.5729166666666666 0.44166666666666665
2 0.509375 0.5611111111111111 0.5119791666666667 0.5703703703703704 0.509375 0.5805555555555556 0.50625 0.5805555555555556 0.5041666666666667 0.5740740740740741 0.5046875 0.562962962962963 0.5088541666666667 0.5611111111111111
2 0.5109375 0.1527777777777778 0.5161458333333333 0.16018518518518518 0.5192708333333333 0.17314814814814813 0.5192708333333333 0.18888888888888888 0.5177083333333333 0.1962962962962963 0.5140625 0.20185185185185187 0.5088541666666667 0.20092592592592592 0.5041666666666667 0.18796296296296297 0.5020833333333333 0.17407407407407408 0.5041666666666667 0.1574074074074074 0.5104166666666666 0.1527777777777778
2 0.5416666666666666 0.030555555555555555 0.5458333333333333 0.03888888888888889 0.5479166666666667 0.05277777777777778 0.546875 0.06574074074074074 0.5421875 0.07314814814814814 0.5359375 0.06666666666666667 0.5328125 0.05277777777777778 0.5338541666666666 0.028703703703703703 0.5380208333333333 0.026851851851851852 0.5411458333333333 0.030555555555555555
2 0.4609375 0.16666666666666666 0.46510416666666665 0.18055555555555555 0.46458333333333335 0.19074074074074074 0.46197916666666666 0.1962962962962963 0.4578125 0.19537037037037036 0.45416666666666666 0.18333333333333332 0.4552083333333333 0.17037037037037037 0.46041666666666664 0.16666666666666666
2 0.5125 0.4185185185185185 0.5161458333333333 0.42407407407407405 0.51875 0.43703703703703706 0.5182291666666666 0.4527777777777778 0.5125 0.4648148148148148 0.5052083333333334 0.4601851851851852 0.5020833333333333 0.44814814814814813 0.5020833333333333 0.43333333333333335 0.5041666666666667 0.4222222222222222 0.5078125 0.41759259259259257 0.5119791666666667 0.4185185185185185
2 0.5953125 0.5962962962962963 0.5973958333333333 0.6 0.5973958333333333 0.6092592592592593 0.5942708333333333 0.6138888888888889 0.5921875 0.6111111111111112 0.5916666666666667 0.600925925925926 0.5947916666666667 0.5962962962962963
2 0.41302083333333334 0.4111111111111111 0.4166666666666667 0.4101851851851852 0.4192708333333333 0.4166666666666667 0.41875 0.42314814814814816 0.41458333333333336 0.42685185185185187 0.4119791666666667 0.4203703703703704 0.41302083333333334 0.41203703703703703
2 0.4244791666666667 0.24444444444444444 0.42864583333333334 0.25 0.42864583333333334 0.26666666666666666 0.4244791666666667 0.26851851851851855 0.42083333333333334 0.262037037037037 0.4203125 0.25 0.4239583333333333 0.24537037037037038
2 0.5984375 0.30833333333333335 0.6015625 0.31203703703703706 0.603125 0.32037037037037036 0.6026041666666667 0.337037037037037 0.5984375 0.3416666666666667 0.5947916666666667 0.337037037037037 0.5927083333333333 0.325 0.5942708333333333 0.3111111111111111 0.5979166666666667 0.30833333333333335
2 0.49375 0.1824074074074074 0.49947916666666664 0.1962962962962963 0.5005208333333333 0.21666666666666667 0.49895833333333334 0.22777777777777777 0.49322916666666666 0.2351851851851852 0.4890625 0.23055555555555557 0.48333333333333334 0.20185185185185187 0.48489583333333336 0.18796296296296297 0.48854166666666665 0.1824074074074074 0.49322916666666666 0.1824074074074074
1 0.6244791666666667 0.912962962962963 0.6567708333333333 0.9222222222222223 0.6640625 0.937962962962963 0.6713541666666667 0.9435185185185185 0.6723958333333333 0.9546296296296296 0.6708333333333333 0.9648148148148148 0.66875 0.9675925925925926 0.6604166666666667 0.9666666666666667 0.65625 0.9731481481481481 0.6348958333333333 0.9666666666666667 0.59375 0.9472222222222222 0.5947916666666667 0.9157407407407407 0.6239583333333333 0.912962962962963
1 0.5984375 0.8518518518518519 0.64375 0.8675925925925926 0.6588541666666666 0.8768518518518519 0.6630208333333333 0.8833333333333333 0.6760416666666667 0.8888888888888888 0.6776041666666667 0.9046296296296297 0.675 0.9120370370370371 0.6619791666666667 0.9101851851851852 0.6494791666666667 0.9157407407407407 0.6098958333333333 0.9092592592592592 0.5942708333333333 0.9 0.59375 0.862037037037037 0.5947916666666667 0.8555555555555555 0.5979166666666667 0.8518518518518519