0 0.39739583333333334 0.7842592592592592 0.3984375 0.8027777777777778 0.3963541666666667 0.812037037037037 0.3921875 0.8101851851851852 0.3885416666666667 0.7870370370370371 0.3921875 0.7824074074074074 0.396875 0.7842592592592592
0 0.5302083333333333 0.8462962962962963 0.5348958333333333 0.8555555555555555 0.5359375 0.8675925925925926 0.534375 0.8759259259259259 0.5270833333333333 0.8814814814814815 0.5192708333333333 0.8768518518518519 0.50625 0.8824074074074074 0.5010416666666667 0.8824074074074074 0.4984375 0.8787037037037037 0.4973958333333333 0.8712962962962963 0.49947916666666664 0.8638888888888889 0.5166666666666667 0.8564814814814815 0.5260416666666666 0.8444444444444444 0.5296875 0.8462962962962963
0 0.46875 0.6694444444444444 0.478125 0.6814814814814815 0.4796875 0.6944444444444444 0.490625 0.7101851851851851 0.4921875 0.725925925925926 0.49114583333333334 0.7314814814814815 0.48854166666666665 0.7333333333333333 0.48020833333333335 0.7305555555555555 0.46875 0.7129629629629629 0.4557291666666667 0.7018518518518518 0.45625 0.6787037037037037 0.4630208333333333 0.6694444444444444 0.46822916666666664 0.6694444444444444
0 0.5036458333333333 0.9638888888888889 0.5088541666666667 0.9712962962962963 0.5083333333333333 0.9824074074074074 0.5052083333333334 0.987037037037037 0.49895833333333334 0.9851851851851852 0.49270833333333336 0.9722222222222222 0.4921875 0.9657407407407408 0.4947916666666667 0.9611111111111111 0.503125 0.9638888888888889
0 0.4661458333333333 0.6018518518518519 0.46875 0.6 0.47708333333333336 0.6037037037037037 0.48020833333333335 0.6074074074074074 0.48125 0.6138888888888889 0.47760416666666666 0.6240740740740741 0.4744791666666667 0.6240740740740741 0.4661458333333333 0.6111111111111112 0.4661458333333333 0.6027777777777777
0 0.503125 0.6814814814814815 0.5072916666666667 0.6907407407407408 0.5078125 0.7194444444444444 0.5119791666666667 0.7546296296296297 0.5114583333333333 0.7638888888888888 0.5067708333333333 0.7675925925925926 0.49947916666666664 0.7675925925925926 0.496875 0.7638888888888888 0.4921875 0.7138888888888889 0.4901041666666667 0.7037037037037037 0.48541666666666666 0.6953703703703704 0.4890625 0.687962962962963 0.5026041666666666 0.6814814814814815
0 0.5716145833333334 0.7541666666666667 0.018229166666666668 0.20833333333333334
0 0.4583333333333333 0.9 0.46979166666666666 0.9333333333333333 0.4703125 0.9416666666666667 0.4666666666666667 0.9453703703703704 0.46145833333333336 0.9425925925925925 0.44895833333333335 0.9101851851851852 0.4510416666666667 0.9027777777777778 0.4578125 0.9
0 0.4786458333333333 0.8694444444444445 0.4817708333333333 0.8731481481481481 0.4822916666666667 0.887962962962963 0.4546875 0.899074074074074 0.446875 0.9092592592592592 0.44114583333333335 0.9120370370370371 0.434375 0.9083333333333333 0.4322916666666667 0.8981481481481481 0.434375 0.8824074074074074 0.4432291666666667 0.8796296296296297 0.4510416666666667 0.8833333333333333 0.478125 0.8694444444444445
0 0.49114583333333334 0.7314814814814815 0.49375 0.7351851851851852 0.4947916666666667 0.7638888888888888 0.48802083333333335 0.7768518518518519 0.48020833333333335 0.774074074074074 0.47760416666666666 0.7657407407407407 0.47760416666666666 0.7555555555555555 0.4822916666666667 0.7472222222222222 0.48385416666666664 0.7361111111111112 0.4869791666666667 0.7314814814814815 0.490625 0.7314814814814815
0 0.3854166666666667 0.5277777777777778 0.38645833333333335 0.5416666666666666 0.39010416666666664 0.5472222222222223 0.375 0.5611111111111111 0.37083333333333335 0.5611111111111111 0.36770833333333336 0.5564814814814815 0.36614583333333334 0.5425925925925926 0.36875 0.5361111111111111 0.3729166666666667 0.5324074074074074 0.3776041666666667 0.5351851851851852 0.3848958333333333 0.5287037037037037
0 0.3921875 0.524074074074074 0.39479166666666665 0.5268518518518519 0.4348958333333333 0.5157407407407407 0.4354166666666667 0.5277777777777778 0.4328125 0.5314814814814814 0.39739583333333334 0.537962962962963 0.38958333333333334 0.5472222222222223 0.3859375 0.5361111111111111 0.3854166666666667 0.5259259259259259 0.39166666666666666 0.524074074074074
2 0.3890625 0.7240740740740741 0.3927083333333333 0.7296296296296296 0.39479166666666665 0.7407407407407407 0.39427083333333335 0.7555555555555555 0.39166666666666666 0.7620370370370371 0.3859375 0.7592592592592593 0.38333333333333336 0.7472222222222222 0.384375 0.7287037037037037 0.3885416666666667 0.7240740740740741
2 0.4609375 0.7916666666666666 0.4635416666666667 0.7981481481481482 0.46145833333333336 0.8074074074074075 0.4583333333333333 0.8027777777777778 0.4583333333333333 0.7944444444444444 0.46041666666666664 0.7916666666666666
2 0.5953125 0.8759259259259259 0.6005208333333333 0.8842592592592593 0.6046875 0.9046296296296297 0.6041666666666666 0.9231481481481482 0.5989583333333334 0.9324074074074075 0.5932291666666667 0.9324074074074075 0.5895833333333333 0.9287037037037037 0.5822916666666667 0.9046296296296297 0.5822916666666667 0.8907407407407407 0.5848958333333333 0.8787037037037037 0.5875 0.875 0.5947916666666667 0.8759259259259259
2 0.5088541666666667 0.8944444444444445 0.5135416666666667 0.9018518518518519 0.5177083333333333 0.9194444444444444 0.5171875 0.937037037037037 0.5151041666666667 0.9435185185185185 0.5114583333333333 0.9462962962962963 0.5046875 0.9407407407407408 0.5005208333333333 0.9231481481481482 0.5010416666666667 0.9055555555555556 0.5046875 0.8962962962962963 0.5083333333333333 0.8944444444444445
2 0.4549479166666667 0.41759259259259257 0.0078125 0.020370370370370372
2 0.5645833333333333 0.40555555555555556 0.5682291666666667 0.4083333333333333 0.571875 0.4222222222222222 0.5708333333333333 0.44074074074074077 0.5651041666666666 0.45092592592592595 0.5583333333333333 0.44814814814814813 0.5541666666666667 0.4324074074074074 0.5557291666666667 0.4148148148148148 0.5598958333333334 0.4064814814814815 0.5640625 0.40555555555555556
2 0.46979166666666666 0.30462962962962964 0.475 0.31666666666666665 0.475 0.3296296296296296 0.4703125 0.3416666666666667 0.4661458333333333 0.34074074074074073 0.4625 0.3296296296296296 0.4635416666666667 0.31296296296296294 0.4661458333333333 0.3055555555555556 0.46927083333333336 0.30462962962962964
2 0.41354166666666664 0.30925925925925923 0.4171875 0.3138888888888889 0.4192708333333333 0.3287037037037037 0.41770833333333335 0.3425925925925926 0.41354166666666664 0.35 0.4083333333333333 0.3472222222222222 0.40625 0.3351851851851852 0.4078125 0.31574074074074077 0.41302083333333334 0.30925925925925923
2 0.4640625 0.47129629629629627 0.46458333333333335 0.4842592592592593 0.46145833333333336 0.4842592592592593 0.46041666666666664 0.48055555555555557 0.4609375 0.47314814814814815 0.4635416666666667 0.47129629629629627
2 0.5828125 0.5740740740740741 0.5854166666666667 0.5731481481481482 0.5880208333333333 0.5796296296296296 0.5875 0.5879629629629629 0.5833333333333334 0.5898148148148148 0.58125 0.5851851851851851 0.5828125 0.575
2 0.6083333333333333 0.5425925925925926 0.6125 0.5583333333333333 0.6104166666666667 0.5694444444444444 0.6072916666666667 0.5731481481481482 0.6010416666666667 0.5685185185185185 0.5989583333333334 0.5527777777777778 0.6026041666666667 0.5425925925925926 0.6078125 0.5425925925925926
2 0.5505208333333333 0.24537037037037038 0.5567708333333333 0.2564814814814815 0.5578125 0.2740740740740741 0.5536458333333333 0.2916666666666667 0.5479166666666667 0.29907407407407405 0.5453125 0.29907407407407405 0.5395833333333333 0.2916666666666667 0.5369791666666667 0.2740740740740741 0.5401041666666667 0.25555555555555554 0.5447916666666667 0.24722222222222223 0.55 0.24537037037037038
2 0.4171875 0.4060185185185185 0.008333333333333333 0.023148148148148147
2 0.4114583333333333 0.5810185185185185 0.008333333333333333 0.023148148148148147
2 0.5455729166666666 0.35462962962962963 0.009895833333333333 0.022222222222222223
2 0.40572916666666664 0.3861111111111111 0.4083333333333333 0.39166666666666666 0.4078125 0.4009259259259259 0.4036458333333333 0.4027777777777778 0.40208333333333335 0.39814814814814814 0.40260416666666665 0.38981481481481484 0.40520833333333334 0.387037037037037
2 0.3958333333333333 0.6462962962962963 0.39895833333333336 0.6564814814814814 0.39947916666666666 0.6694444444444444 0.39791666666666664 0.6796296296296296 0.39427083333333335 0.6833333333333333 0.3890625 0.675 0.3880208333333333 0.6583333333333333 0.39166666666666666 0.6444444444444445 0.3953125 0.6462962962962963
2 0.5401041666666667 0.8046296296296296 0.5453125 0.8166666666666667 0.5453125 0.8287037037037037 0.5427083333333333 0.8351851851851851 0.5401041666666667 0.8351851851851851 0.5364583333333334 0.8296296296296296 0.534375 0.8185185185185185 0.5364583333333334 0.8064814814814815 0.5395833333333333 0.8046296296296296
2 0.384375 0.43796296296296294 0.3859375 0.44074074074074077 0.384375 0.45 0.38229166666666664 0.44814814814814813 0.38229166666666664 0.4398148148148148 0.38385416666666666 0.43796296296296294
2 0.4828125 0.8592592592592593 0.4875 0.8731481481481481 0.48854166666666665 0.899074074074074 0.48541666666666666 0.9064814814814814 0.48072916666666665 0.9083333333333333 0.47604166666666664 0.9046296296296297 0.47291666666666665 0.8953703703703704 0.475 0.8907407407407407 0.48125 0.8935185185185185 0.48333333333333334 0.8888888888888888 0.4828125 0.8787037037037037 0.4786458333333333 0.8694444444444445 0.4739583333333333 0.8694444444444445 0.47291666666666665 0.8638888888888889 0.47604166666666664 0.8592592592592593 0.4822916666666667 0.8592592592592593
1 0.35104166666666664 0.028703703703703703 0.40520833333333334 0.05092592592592592 0.40677083333333336 0.058333333333333334 0.40572916666666664 0.09537037037037037 0.4036458333333333 0.08611111111111111 0.39427083333333335 0.08981481481481482 0.3765625 0.08796296296296297 0.34322916666666664 0.07777777777777778 0.33697916666666666 0.06296296296296296 0.32916666666666666 0.058333333333333334 0.32760416666666664 0.05185185185185185 0.328125 0.03981481481481482 0.33125 0.032407407407407406 0.3390625 0.03425925925925926 0.34375 0.026851851851851852 0.35052083333333334 0.028703703703703703
1 0.3536458333333333 0.08333333333333333 0.3848958333333333 0.09074074074074075 0.3932291666666667 0.09722222222222222 0.40520833333333334 0.10092592592592593 0.40625 0.13425925925925927 0.403125 0.14722222222222223 0.35520833333333335 0.13240740740740742 0.3421875 0.12407407407407407 0.3338541666666667 0.11481481481481481 0.32395833333333335 0.1111111111111111 0.3223958333333333 0.0962962962962963 0.325 0.08796296296296297 0.3338541666666667 0.08981481481481482 0.353125 0.08333333333333333