0 0.5291666666666667 0.30185185185185187 0.5385416666666667 0.30925925925925923 0.6015625 0.32407407407407407 0.60625 0.3277777777777778 0.60625 0.33611111111111114 0.5921875 0.33611111111111114 0.5421875 0.3212962962962963 0.5291666666666667 0.32222222222222224 0.5260416666666666 0.3175925925925926 0.5260416666666666 0.3074074074074074 0.5286458333333334 0.30277777777777776
0 0.39791666666666664 0.2490740740740741 0.40625 0.25833333333333336 0.5026041666666666 0.2759259259259259 0.5052083333333334 0.27870370370370373 0.5052083333333334 0.2935185185185185 0.5015625 0.2953703703703704 0.4166666666666667 0.2796296296296296 0.40677083333333336 0.27870370370370373 0.3927083333333333 0.2824074074074074 0.39010416666666664 0.275 0.39010416666666664 0.25833333333333336 0.3921875 0.25092592592592594 0.39739583333333334 0.2490740740740741
0 0.48854166666666665 0.3351851851851852 0.4890625 0.34444444444444444 0.48072916666666665 0.3537037037037037 0.4744791666666667 0.3509259259259259 0.4739583333333333 0.337037037037037 0.48802083333333335 0.3351851851851852
0 0.43020833333333336 0.5083333333333333 0.4354166666666667 0.5194444444444445 0.4348958333333333 0.5287037037037037 0.44375 0.5537037037037037 0.44375 0.5601851851851852 0.4395833333333333 0.5657407407407408 0.434375 0.5638888888888889 0.425 0.5407407407407407 0.4161458333333333 0.5259259259259259 0.4203125 0.5111111111111111 0.42552083333333335 0.5074074074074074 0.4296875 0.5083333333333333
0 0.75625 0.5768518518518518 0.7619791666666667 0.5842592592592593 0.7619791666666667 0.6 0.7541666666666667 0.6472222222222223 0.7552083333333334 0.6694444444444444 0.7494791666666667 0.6768518518518518 0.7432291666666667 0.6768518518518518 0.7359375 0.6722222222222223 0.7338541666666667 0.6675925925925926 0.7338541666666667 0.6546296296296297 0.7385416666666667 0.6444444444444445 0.7479166666666667 0.5814814814814815 0.7510416666666667 0.5768518518518518 0.7557291666666667 0.5768518518518518
0 0.7479166666666667 0.42777777777777776 0.7515625 0.43425925925925923 0.7515625 0.4444444444444444 0.7401041666666667 0.47314814814814815 0.7338541666666667 0.48055555555555557 0.7291666666666666 0.48055555555555557 0.7234375 0.475 0.7213541666666666 0.4703703703703704 0.7208333333333333 0.46111111111111114 0.7395833333333334 0.4305555555555556 0.7473958333333334 0.42777777777777776
0 0.5541666666666667 0.3814814814814815 0.5578125 0.387037037037037 0.5578125 0.4287037037037037 0.5515625 0.44074074074074077 0.5505208333333333 0.4583333333333333 0.5463541666666667 0.4583333333333333 0.5411458333333333 0.4527777777777778 0.5401041666666667 0.4388888888888889 0.5432291666666667 0.43148148148148147 0.5447916666666667 0.3861111111111111 0.5489583333333333 0.3814814814814815 0.5536458333333333 0.3814814814814815
0 0.39114583333333336 0.6111111111111112 0.3953125 0.6222222222222222 0.4510416666666667 0.6240740740740741 0.453125 0.6277777777777778 0.453125 0.6472222222222223 0.45 0.6518518518518519 0.44583333333333336 0.6527777777777778 0.39791666666666664 0.6518518518518519 0.3885416666666667 0.6638888888888889 0.38333333333333336 0.6638888888888889 0.38229166666666664 0.6611111111111111 0.3807291666666667 0.65 0.38125 0.6296296296296297 0.3828125 0.6138888888888889 0.390625 0.6111111111111112
0 0.6130208333333333 0.2861111111111111 0.6203125 0.2861111111111111 0.6609375 0.30925925925925923 0.6776041666666667 0.31666666666666665 0.6854166666666667 0.31574074074074077 0.6869791666666667 0.3194444444444444 0.6854166666666667 0.3333333333333333 0.6817708333333333 0.33611111111111114 0.6739583333333333 0.32592592592592595 0.6166666666666667 0.3 0.6125 0.2953703703703704 0.6130208333333333 0.28703703703703703
2 0.4901041666666667 0.30185185185185187 0.4947916666666667 0.30648148148148147 0.4947916666666667 0.31296296296296294 0.4875 0.31851851851851853 0.4796875 0.31574074074074077 0.478125 0.30833333333333335 0.48385416666666664 0.30185185185185187 0.4895833333333333 0.30185185185185187
2 0.6822916666666666 0.2722222222222222 0.6875 0.27870370370370373 0.6869791666666667 0.2833333333333333 0.6833333333333333 0.28703703703703703 0.675 0.2861111111111111 0.6697916666666667 0.27870370370370373 0.6734375 0.2712962962962963 0.6817708333333333 0.2722222222222222
2 0.375 0.3648148148148148 0.37916666666666665 0.36944444444444446 0.37864583333333335 0.3787037037037037 0.3671875 0.387037037037037 0.35833333333333334 0.38333333333333336 0.35625 0.37962962962962965 0.3578125 0.37037037037037035 0.3625 0.3648148148148148 0.37447916666666664 0.3648148148148148
2 0.3984375 0.31574074074074077 0.40208333333333335 0.32037037037037036 0.40208333333333335 0.3277777777777778 0.39375 0.33611111111111114 0.38697916666666665 0.33611111111111114 0.38177083333333334 0.33240740740740743 0.3796875 0.3287037037037037 0.3796875 0.32222222222222224 0.3859375 0.31574074074074077 0.39791666666666664 0.31574074074074077
2 0.5614583333333333 0.4324074074074074 0.5703125 0.4398148148148148 0.5744791666666667 0.4527777777777778 0.5744791666666667 0.4638888888888889 0.5708333333333333 0.4703703703703704 0.5651041666666666 0.4740740740740741 0.5546875 0.4666666666666667 0.5505208333333333 0.4527777777777778 0.5520833333333334 0.4388888888888889 0.5572916666666666 0.4324074074074074 0.5609375 0.4324074074074074
2 0.359375 0.5555555555555556 0.36614583333333334 0.562962962962963 0.36666666666666664 0.5740740740740741 0.3625 0.5833333333333334 0.353125 0.5888888888888889 0.34010416666666665 0.5851851851851851 0.3375 0.5805555555555556 0.33697916666666666 0.5712962962962963 0.33958333333333335 0.5638888888888889 0.3458333333333333 0.5574074074074075 0.35885416666666664 0.5555555555555556
2 0.5473958333333333 0.6055555555555555 0.55 0.612037037037037 0.55 0.6194444444444445 0.546875 0.6240740740740741 0.5375 0.6231481481481481 0.5333333333333333 0.6138888888888889 0.5338541666666666 0.6092592592592593 0.5395833333333333 0.6027777777777777 0.546875 0.6055555555555555
2 0.7322916666666667 0.5435185185185185 0.7359375 0.55 0.7338541666666667 0.5537037037037037 0.7286458333333333 0.5527777777777778 0.7260416666666667 0.5481481481481482 0.728125 0.5435185185185185 0.7317708333333334 0.5435185185185185
2 0.7036458333333333 0.5481481481481482 0.7109375 0.5527777777777778 0.7166666666666667 0.5638888888888889 0.7166666666666667 0.5731481481481482 0.7098958333333333 0.5814814814814815 0.6958333333333333 0.5777777777777777 0.6869791666666667 0.5657407407407408 0.6875 0.5564814814814815 0.690625 0.5509259259259259 0.703125 0.5481481481481482
2 0.4088541666666667 0.3675925925925926 0.415625 0.3712962962962963 0.41770833333333335 0.38055555555555554 0.415625 0.3861111111111111 0.40677083333333336 0.39166666666666666 0.39791666666666664 0.3888888888888889 0.39427083333333335 0.3787037037037037 0.4 0.36944444444444446 0.4083333333333333 0.3675925925925926
1 0.2713541666666667 0.175 0.27447916666666666 0.1814814814814815 0.27447916666666666 0.19537037037037036 0.28489583333333335 0.23055555555555557 0.2921875 0.3111111111111111 0.2921875 0.3175925925925926 0.29010416666666666 0.3212962962962963 0.27291666666666664 0.32222222222222224 0.2677083333333333 0.32037037037037036 0.2640625 0.3 0.25885416666666666 0.23333333333333334 0.26145833333333335 0.20092592592592592 0.2604166666666667 0.17777777777777778 0.26458333333333334 0.17407407407407408 0.2708333333333333 0.175
1 0.9677083333333333 0.5601851851851852 0.9807291666666667 0.5638888888888889 0.984375 0.5675925925925925 0.9838541666666667 0.5722222222222222 0.9802083333333333 0.5768518518518518 0.9692708333333333 0.5814814814814815 0.9640625 0.5879629629629629 0.9619791666666667 0.5981481481481481 0.9677083333333333 0.6027777777777777 0.9666666666666667 0.6111111111111112 0.9609375 0.6064814814814815 0.9536458333333333 0.6092592592592593 0.9536458333333333 0.6138888888888889 0.9567708333333333 0.6194444444444445 0.9567708333333333 0.6305555555555555 0.9536458333333333 0.6370370370370371 0.9380208333333333 0.6361111111111111 0.9286458333333333 0.6425925925925926 0.9192708333333334 0.6722222222222223 0.9151041666666667 0.6944444444444444 0.9109375 0.7 0.90625 0.6944444444444444 0.9026041666666667 0.6814814814814815 0.903125 0.6574074074074074 0.9078125 0.637962962962963 0.9161458333333333 0.6194444444444445 0.9276041666666667 0.6111111111111112 0.9348958333333334 0.5981481481481481 0.9421875 0.5925925925925926 0.9494791666666667 0.5666666666666667 0.9572916666666667 0.5601851851851852 0.9671875 0.5601851851851852
1 0.2375 0.1824074074074074 0.24270833333333333 0.18518518518518517 0.24479166666666666 0.1962962962962963 0.25104166666666666 0.20277777777777778 0.253125 0.21203703703703702 0.25885416666666666 0.25277777777777777 0.26197916666666665 0.30185185185185187 0.26145833333333335 0.3175925925925926 0.2578125 0.3212962962962963 0.2390625 0.3194444444444444 0.23385416666666667 0.26944444444444443 0.22604166666666667 0.2175925925925926 0.22708333333333333 0.2064814814814815 0.2296875 0.20277777777777778 0.2296875 0.18796296296296297 0.23333333333333334 0.18333333333333332 0.23697916666666666 0.18333333333333332
1 0.9958333333333333 0.6370370370370371 0.9994791666666667 0.6351851851851852 0.9994791666666667 0.7731481481481481 0.9807291666666667 0.774074074074074 0.9713541666666666 0.7685185185185185 0.9739583333333334 0.7453703703703703 0.9838541666666667 0.7129629629629629 0.9921875 0.6990740740740741 0.9895833333333334 0.6814814814814815 0.978125 0.6574074074074074 0.98125 0.6509259259259259 0.990625 0.6481481481481481 0.9958333333333333 0.637962962962963
1 0.9598958333333333 0.6083333333333333 0.9703125 0.6166666666666667 0.9817708333333334 0.6333333333333333 0.98125 0.6435185185185185 0.9755208333333333 0.6583333333333333 0.9890625 0.6824074074074075 0.9916666666666667 0.6972222222222222 0.9776041666666667 0.7305555555555555 0.9666666666666667 0.7787037037037037 0.9609375 0.7898148148148149 0.95625 0.7916666666666666 0.9432291666666667 0.7861111111111111 0.921875 0.7685185185185185 0.9052083333333333 0.7481481481481481 0.9020833333333333 0.7379629629629629 0.9041666666666667 0.7231481481481481 0.9166666666666666 0.6944444444444444 0.9265625 0.6472222222222223 0.934375 0.6388888888888888 0.9546875 0.6388888888888888 0.9578125 0.6333333333333333 0.959375 0.6231481481481481 0.9552083333333333 0.612037037037037 0.9557291666666666 0.6092592592592593 0.959375 0.6083333333333333