0 0.7026041666666667 0.3 0.7270833333333333 0.30833333333333335 0.7338541666666667 0.3037037037037037 0.734375 0.31666666666666665 0.7307291666666667 0.3333333333333333 0.7270833333333333 0.33240740740740743 0.7234375 0.32407407407407407 0.690625 0.3138888888888889 0.6901041666666666 0.3037037037037037 0.6921875 0.29814814814814816 0.7020833333333333 0.3
0 0.6703125 0.3055555555555556 0.6755208333333333 0.3101851851851852 0.675 0.31574074074074077 0.6671875 0.31851851851851853 0.659375 0.3175925925925926 0.6578125 0.3138888888888889 0.6588541666666666 0.3055555555555556 0.6609375 0.30185185185185187 0.6697916666666667 0.3055555555555556
0 0.5567708333333333 0.5046296296296297 0.5609375 0.5120370370370371 0.5604166666666667 0.5203703703703704 0.5432291666666667 0.5472222222222223 0.5260416666666666 0.5898148148148148 0.5088541666666667 0.6240740740740741 0.5026041666666666 0.6203703703703703 0.5015625 0.6148148148148148 0.503125 0.6083333333333333 0.5380208333333333 0.5407407407407407 0.5453125 0.525 0.5494791666666666 0.5083333333333333 0.5520833333333334 0.5037037037037037 0.55625 0.5046296296296297
0 0.5635416666666667 0.4398148148148148 0.5697916666666667 0.4537037037037037 0.5692708333333333 0.46111111111111114 0.5645833333333333 0.46574074074074073 0.559375 0.462037037037037 0.55625 0.44537037037037036 0.5578125 0.4388888888888889 0.5630208333333333 0.4398148148148148
0 0.7083333333333334 0.5342592592592592 0.7104166666666667 0.5388888888888889 0.7104166666666667 0.5453703703703704 0.70625 0.5731481481481482 0.7067708333333333 0.5907407407407408 0.7046875 0.5953703703703703 0.7005208333333334 0.5972222222222222 0.6942708333333333 0.5935185185185186 0.6916666666666667 0.5851851851851851 0.7020833333333333 0.5361111111111111 0.7078125 0.5342592592592592
0 0.6447916666666667 0.3537037037037037 0.65 0.36944444444444446 0.6494791666666667 0.38055555555555554 0.6447916666666667 0.38981481481481484 0.6333333333333333 0.38981481481481484 0.6036458333333333 0.40925925925925927 0.6 0.4074074074074074 0.5979166666666667 0.4 0.5973958333333333 0.39351851851851855 0.6 0.387037037037037 0.6291666666666667 0.3675925925925926 0.6369791666666667 0.35185185185185186 0.6416666666666667 0.3509259259259259 0.6442708333333333 0.3537037037037037
0 0.6817708333333333 0.5388888888888889 0.6958333333333333 0.5537037037037037 0.69375 0.5657407407407408 0.6895833333333333 0.5703703703703704 0.6859375 0.5694444444444444 0.6770833333333334 0.55 0.678125 0.5398148148148149 0.68125 0.5388888888888889
0 0.6442708333333333 0.5092592592592593 0.6479166666666667 0.5138888888888888 0.6463541666666667 0.55 0.6489583333333333 0.5611111111111111 0.6479166666666667 0.5694444444444444 0.6411458333333333 0.575925925925926 0.6328125 0.5740740740740741 0.6296875 0.5666666666666667 0.6291666666666667 0.5564814814814815 0.6338541666666667 0.5462962962962963 0.6369791666666667 0.5166666666666667 0.640625 0.5101851851851852 0.64375 0.5092592592592593
0 0.5083333333333333 0.26851851851851855 0.5119791666666667 0.27314814814814814 0.5109375 0.29907407407407405 0.5135416666666667 0.3731481481481482 0.5119791666666667 0.37592592592592594 0.5083333333333333 0.375 0.50625 0.362962962962963 0.5046875 0.2962962962962963 0.5026041666666666 0.275 0.5046875 0.27037037037037037 0.5078125 0.26944444444444443
0 0.6072916666666667 0.4740740740740741 0.6119791666666666 0.47314814814814815 0.615625 0.4824074074074074 0.6458333333333334 0.49444444444444446 0.6510416666666666 0.5 0.6494791666666667 0.5083333333333333 0.6401041666666667 0.5101851851851852 0.6369791666666667 0.5166666666666667 0.6052083333333333 0.5111111111111111 0.6020833333333333 0.5055555555555555 0.6020833333333333 0.49907407407407406 0.6072916666666667 0.475
0 0.6692708333333334 0.40925925925925927 0.6744791666666666 0.4212962962962963 0.675 0.4305555555555556 0.6729166666666667 0.4388888888888889 0.6671875 0.44074074074074077 0.6604166666666667 0.43796296296296294 0.6447916666666667 0.44351851851851853 0.6390625 0.4388888888888889 0.6385416666666667 0.4305555555555556 0.640625 0.425 0.6609375 0.4203703703703704 0.6645833333333333 0.4111111111111111 0.66875 0.40925925925925927
0 0.5177083333333333 0.29259259259259257 0.5291666666666667 0.2962962962962963 0.5291666666666667 0.31296296296296294 0.5229166666666667 0.3175925925925926 0.5145833333333333 0.31574074074074077 0.5119791666666667 0.3111111111111111 0.5114583333333333 0.29259259259259257 0.5171875 0.29259259259259257
2 0.459375 0.5657407407407408 0.4666666666666667 0.5685185185185185 0.47239583333333335 0.5805555555555556 0.4703125 0.5944444444444444 0.45989583333333334 0.6027777777777777 0.44947916666666665 0.6 0.4427083333333333 0.5879629629629629 0.44375 0.5777777777777777 0.44635416666666666 0.5722222222222222 0.45260416666666664 0.5666666666666667 0.4588541666666667 0.5657407407407408
2 0.8125 0.6675925925925926 0.8208333333333333 0.6768518518518518 0.8213541666666667 0.6851851851851852 0.81875 0.6907407407407408 0.8098958333333334 0.6898148148148148 0.8036458333333333 0.6824074074074075 0.803125 0.6712962962962963 0.8119791666666667 0.6675925925925926
2 0.7390625 0.4361111111111111 0.7447916666666666 0.44074074074074077 0.7494791666666667 0.4527777777777778 0.7479166666666667 0.4601851851851852 0.7427083333333333 0.46296296296296297 0.7307291666666667 0.45925925925925926 0.7229166666666667 0.44907407407407407 0.7229166666666667 0.4425925925925926 0.7265625 0.43703703703703706 0.7385416666666667 0.4361111111111111
2 0.4390625 0.37037037037037035 0.440625 0.37222222222222223 0.4390625 0.3787037037037037 0.43333333333333335 0.37592592592592594 0.43385416666666665 0.37222222222222223 0.43854166666666666 0.37037037037037035
2 0.5473958333333333 0.3351851851851852 0.5505208333333333 0.337037037037037 0.5520833333333334 0.3425925925925926 0.5505208333333333 0.34814814814814815 0.546875 0.35 0.5416666666666666 0.34814814814814815 0.5390625 0.3416666666666667 0.5421875 0.33611111111111114 0.546875 0.3351851851851852
2 0.4890625 0.4287037037037037 0.49114583333333334 0.4305555555555556 0.49114583333333334 0.4351851851851852 0.4875 0.43796296296296294 0.48489583333333336 0.43703703703703706 0.48385416666666664 0.43148148148148147 0.48854166666666665 0.4287037037037037
2 0.3921875 0.5268518518518519 0.4005208333333333 0.5342592592592592 0.4015625 0.5444444444444444 0.39739583333333334 0.5546296296296296 0.390625 0.5601851851851852 0.3802083333333333 0.5592592592592592 0.37447916666666664 0.5527777777777778 0.3729166666666667 0.5453703703703704 0.3770833333333333 0.5333333333333333 0.384375 0.5277777777777778 0.39166666666666666 0.5268518518518519
2 0.45 0.3453703703703704 0.45364583333333336 0.35185185185185186 0.45 0.3592592592592593 0.44479166666666664 0.3592592592592593 0.440625 0.3537037037037037 0.4421875 0.34814814814814815 0.44947916666666665 0.3453703703703704
2 0.42291666666666666 0.31666666666666665 0.4244791666666667 0.32592592592592595 0.4197916666666667 0.3314814814814815 0.41041666666666665 0.33055555555555555 0.4078125 0.3277777777777778 0.40729166666666666 0.32037037037037036 0.4140625 0.3138888888888889 0.42239583333333336 0.31666666666666665
2 0.5302083333333333 0.36574074074074076 0.5333333333333333 0.37037037037037035 0.5328125 0.375 0.5302083333333333 0.3768518518518518 0.5234375 0.3731481481481482 0.5239583333333333 0.3675925925925926 0.5296875 0.36574074074074076
2 0.46041666666666664 0.4777777777777778 0.4661458333333333 0.4842592592592593 0.4635416666666667 0.49166666666666664 0.4583333333333333 0.49166666666666664 0.4546875 0.487962962962963 0.4546875 0.4824074074074074 0.45989583333333334 0.4777777777777778
2 0.6859375 0.46574074074074073 0.6911458333333333 0.4703703703703704 0.6953125 0.47962962962962963 0.6927083333333334 0.49166666666666664 0.6859375 0.49537037037037035 0.6755208333333333 0.49166666666666664 0.6677083333333333 0.48055555555555557 0.6682291666666667 0.4722222222222222 0.671875 0.4666666666666667 0.6854166666666667 0.46574074074074073
2 0.7546875 0.4148148148148148 0.7609375 0.41944444444444445 0.765625 0.4287037037037037 0.765625 0.43796296296296294 0.7619791666666667 0.44074074074074077 0.7473958333333334 0.4388888888888889 0.7411458333333333 0.42962962962962964 0.7401041666666667 0.42407407407407405 0.7432291666666667 0.4166666666666667 0.7541666666666667 0.4148148148148148
2 0.6796875 0.5611111111111111 0.6880208333333333 0.5703703703703704 0.6833333333333333 0.5805555555555556 0.6760416666666667 0.5796296296296296 0.6713541666666667 0.5740740740740741 0.671875 0.5638888888888889 0.6791666666666667 0.5611111111111111
2 0.5354166666666667 0.46574074074074073 0.5427083333333333 0.4703703703703704 0.5463541666666667 0.4787037037037037 0.5442708333333334 0.49074074074074076 0.5375 0.49537037037037035 0.5270833333333333 0.49444444444444446 0.5223958333333333 0.4898148148148148 0.5197916666666667 0.4824074074074074 0.5223958333333333 0.4703703703703704 0.5265625 0.4666666666666667 0.5348958333333333 0.46574074074074073
2 0.44375 0.32592592592592595 0.44583333333333336 0.3333333333333333 0.4432291666666667 0.33611111111111114 0.4375 0.3351851851851852 0.4359375 0.3314814814814815 0.43854166666666666 0.32592592592592595 0.4432291666666667 0.32592592592592595
2 0.546875 0.6425925925925926 0.5505208333333333 0.6472222222222223 0.55 0.6537037037037037 0.5479166666666667 0.6555555555555556 0.5432291666666667 0.6546296296296297 0.5411458333333333 0.6509259259259259 0.5432291666666667 0.6435185185185185 0.5463541666666667 0.6425925925925926
2 0.6375 0.6240740740740741 0.640625 0.6259259259259259 0.64375 0.6333333333333333 0.6416666666666667 0.6398148148148148 0.6375 0.6416666666666667 0.6302083333333334 0.6333333333333333 0.63125 0.6259259259259259 0.6369791666666667 0.6240740740740741
2 0.6010416666666667 0.31574074074074077 0.6057291666666667 0.31851851851851853 0.6078125 0.32407407407407407 0.6072916666666667 0.3296296296296296 0.6020833333333333 0.33425925925925926 0.59375 0.33240740740740743 0.5890625 0.32407407407407407 0.5916666666666667 0.31666666666666665 0.6005208333333333 0.31574074074074077
2 0.6692708333333334 0.49907407407407406 0.6760416666666667 0.5046296296296297 0.6786458333333333 0.5101851851851852 0.678125 0.5212962962962963 0.6713541666666667 0.5287037037037037 0.6567708333333333 0.5231481481481481 0.6515625 0.5185185185185185 0.6489583333333333 0.5120370370370371 0.6541666666666667 0.5 0.66875 0.49907407407407406
1 0.9854166666666667 0.6055555555555555 0.9916666666666667 0.6064814814814815 0.9994791666666667 0.6129629629629629 0.9994791666666667 0.6259259259259259 0.9973958333333334 0.6277777777777778 0.9973958333333334 0.6314814814814815 0.9994791666666667 0.6333333333333333 0.9994791666666667 0.7666666666666667 0.9973958333333334 0.7685185185185185 0.9947916666666666 0.7814814814814814 0.9895833333333334 0.7888888888888889 0.9838541666666667 0.7898148148148149 0.9661458333333334 0.7787037037037037 0.9572916666666667 0.7601851851851852 0.9401041666666666 0.7092592592592593 0.9510416666666667 0.674074074074074 0.9583333333333334 0.6425925925925926 0.9651041666666667 0.637962962962963 0.9848958333333333 0.6388888888888888 0.9901041666666667 0.6287037037037037 0.9854166666666667 0.6064814814814815
1 0.98125 0.5574074074074075 0.9994791666666667 0.562962962962963 0.9994791666666667 0.5777777777777777 0.9927083333333333 0.5833333333333334 0.9838541666666667 0.6064814814814815 0.9848958333333333 0.6148148148148148 0.9875 0.6194444444444445 0.9875 0.6296296296296297 0.9822916666666667 0.6370370370370371 0.9661458333333334 0.6361111111111111 0.9598958333333333 0.6398148148148148 0.9557291666666666 0.6472222222222223 0.9458333333333333 0.687962962962963 0.9390625 0.7037037037037037 0.93125 0.6861111111111111 0.9286458333333333 0.6731481481481482 0.9322916666666666 0.6425925925925926 0.9427083333333334 0.6185185185185185 0.9546875 0.6083333333333333 0.9630208333333333 0.5944444444444444 0.9682291666666667 0.5907407407407408 0.9713541666666666 0.5833333333333334 0.9739583333333334 0.5638888888888889 0.9807291666666667 0.5574074074074075
1 0.24739583333333334 0.1925925925925926 0.2515625 0.1962962962962963 0.25364583333333335 0.2074074074074074 0.2625 0.22037037037037038 0.2682291666666667 0.2814814814814815 0.26614583333333336 0.33055555555555555 0.25729166666666664 0.3333333333333333 0.24739583333333334 0.33055555555555555 0.23385416666666667 0.22685185185185186 0.23385416666666667 0.2212962962962963 0.2375 0.21388888888888888 0.2375 0.19722222222222222 0.246875 0.1925925925925926
1 0.2765625 0.18333333333333332 0.28229166666666666 0.18888888888888888 0.284375 0.20925925925925926 0.29010416666666666 0.225 0.3020833333333333 0.32407407407407407 0.2989583333333333 0.3314814814814815 0.284375 0.3333333333333333 0.27447916666666666 0.3296296296296296 0.26979166666666665 0.3037037037037037 0.26979166666666665 0.2833333333333333 0.26666666666666666 0.25277777777777777 0.26614583333333336 0.23333333333333334 0.26927083333333335 0.2111111111111111 0.2677083333333333 0.18981481481481483 0.2708333333333333 0.18425925925925926 0.2760416666666667 0.18333333333333332