0 0.49322916666666666 0.4009259259259259 0.49375 0.41388888888888886 0.4744791666666667 0.5268518518518519 0.4734375 0.5527777777777778 0.46979166666666666 0.5564814814814815 0.46197916666666666 0.5518518518518518 0.4609375 0.5444444444444444 0.465625 0.5351851851851852 0.46822916666666664 0.5231481481481481 0.4859375 0.4046296296296296 0.48802083333333335 0.3990740740740741 0.49270833333333336 0.4009259259259259
0 0.37916666666666665 0.7166666666666667 0.384375 0.725 0.3953125 0.7555555555555555 0.39427083333333335 0.7638888888888888 0.3885416666666667 0.7685185185185185 0.3859375 0.7675925925925926 0.36875 0.7351851851851852 0.3703125 0.7222222222222222 0.37552083333333336 0.7157407407407408 0.37864583333333335 0.7166666666666667
0 0.5927083333333333 0.5546296296296296 0.6005208333333333 0.5648148148148148 0.6026041666666667 0.5805555555555556 0.5755208333333334 0.6287037037037037 0.571875 0.6314814814814815 0.5640625 0.6259259259259259 0.5625 0.6212962962962963 0.5630208333333333 0.6101851851851852 0.5776041666666667 0.5768518518518518 0.578125 0.5675925925925925 0.5807291666666666 0.5611111111111111 0.5869791666666667 0.5518518518518518 0.5921875 0.5546296296296296
0 0.6083333333333333 0.21851851851851853 0.6125 0.225 0.6145833333333334 0.23703703703703705 0.6130208333333333 0.2462962962962963 0.6104166666666667 0.25 0.5619791666666667 0.2740740740740741 0.553125 0.275 0.5255208333333333 0.28703703703703703 0.515625 0.29444444444444445 0.5114583333333333 0.3037037037037037 0.5041666666666667 0.3111111111111111 0.4973958333333333 0.3074074074074074 0.4921875 0.29444444444444445 0.49270833333333336 0.27685185185185185 0.49947916666666664 0.26851851851851855 0.5145833333333333 0.27037037037037037 0.603125 0.21851851851851853 0.6078125 0.21851851851851853
0 0.4953125 0.625 0.4979166666666667 0.6324074074074074 0.5015625 0.662962962962963 0.5072916666666667 0.6722222222222223 0.5072916666666667 0.6787037037037037 0.5046875 0.6842592592592592 0.4973958333333333 0.6888888888888889 0.49270833333333336 0.687962962962963 0.4890625 0.6824074074074075 0.49114583333333334 0.6648148148148149 0.4869791666666667 0.6370370370370371 0.4890625 0.6259259259259259 0.4947916666666667 0.625
0 0.42552083333333335 0.37222222222222223 0.428125 0.3768518518518518 0.4276041666666667 0.4 0.4395833333333333 0.5046296296296297 0.43854166666666666 0.5157407407407407 0.43385416666666665 0.5157407407407407 0.4317708333333333 0.5111111111111111 0.4203125 0.39166666666666666 0.4161458333333333 0.3814814814814815 0.41770833333333335 0.37407407407407406 0.425 0.37222222222222223
0 0.5734375 0.7805555555555556 0.5776041666666667 0.7898148148148149 0.5765625 0.8018518518518518 0.5739583333333333 0.8055555555555556 0.5651041666666666 0.8074074074074075 0.559375 0.8046296296296296 0.559375 0.7953703703703704 0.5661458333333333 0.7842592592592592 0.5729166666666666 0.7805555555555556
0 0.4401041666666667 0.6333333333333333 0.45 0.6685185185185185 0.45 0.6759259259259259 0.446875 0.6787037037037037 0.4421875 0.675 0.4359375 0.6555555555555556 0.42916666666666664 0.6453703703703704 0.4296875 0.637962962962963 0.43333333333333335 0.6324074074074074 0.4395833333333333 0.6333333333333333
0 0.4817708333333333 0.7 0.48385416666666664 0.7027777777777777 0.48333333333333334 0.7111111111111111 0.471875 0.725925925925926 0.46770833333333334 0.7212962962962963 0.4661458333333333 0.712037037037037 0.4703125 0.7046296296296296 0.48125 0.7
0 0.5067708333333333 0.8240740740740741 0.5125 0.8305555555555556 0.49947916666666664 0.8518518518518519 0.49375 0.8453703703703703 0.49375 0.8361111111111111 0.50625 0.8240740740740741
0 0.4510416666666667 0.44074074074074077 0.4578125 0.44351851851851853 0.4635416666666667 0.49444444444444446 0.46979166666666666 0.5166666666666667 0.46510416666666665 0.525 0.459375 0.5277777777777778 0.45260416666666664 0.5194444444444445 0.45416666666666666 0.5 0.4479166666666667 0.45092592592592595 0.4479166666666667 0.4444444444444444 0.4505208333333333 0.44074074074074077
2 0.44375 0.4925925925925926 0.44479166666666664 0.5037037037037037 0.4427083333333333 0.5064814814814815 0.440625 0.5037037037037037 0.440625 0.49537037037037035 0.4432291666666667 0.4925925925925926
2 0.5208333333333334 0.7407407407407407 0.5260416666666666 0.7481481481481481 0.5260416666666666 0.7657407407407407 0.5208333333333334 0.7685185185185185 0.5177083333333333 0.7620370370370371 0.5171875 0.7481481481481481 0.5203125 0.7416666666666667
2 0.44166666666666665 0.7537037037037037 0.446875 0.7712962962962963 0.446875 0.7861111111111111 0.4427083333333333 0.7962962962962963 0.43645833333333334 0.7925925925925926 0.43333333333333335 0.7787037037037037 0.4348958333333333 0.7592592592592593 0.43697916666666664 0.7546296296296297 0.44114583333333335 0.7537037037037037
2 0.6135416666666667 0.41574074074074074 0.6145833333333334 0.42685185185185187 0.6125 0.4324074074074074 0.6083333333333333 0.43148148148148147 0.6067708333333334 0.4222222222222222 0.6088541666666667 0.41574074074074074 0.6130208333333333 0.41574074074074074
2 0.4859375 0.20092592592592592 0.48854166666666665 0.20462962962962963 0.48854166666666665 0.21481481481481482 0.48541666666666666 0.2222222222222222 0.48125 0.21851851851851853 0.4817708333333333 0.20555555555555555 0.48541666666666666 0.20092592592592592
2 0.4588541666666667 0.6587962962962963 0.007291666666666667 0.019444444444444445
2 0.44583333333333336 0.3398148148148148 0.008333333333333333 0.025925925925925925
2 0.5557291666666667 0.8435185185185186 0.5588541666666667 0.8537037037037037 0.5567708333333333 0.8592592592592593 0.5526041666666667 0.8546296296296296 0.5520833333333334 0.8481481481481481 0.5552083333333333 0.8435185185185186
2 0.5640625 0.3435185185185185 0.5671875 0.34814814814814815 0.5677083333333334 0.36203703703703705 0.5630208333333333 0.37222222222222223 0.5572916666666666 0.3675925925925926 0.55625 0.35462962962962963 0.5598958333333334 0.34444444444444444 0.5635416666666667 0.3435185185185185
2 0.5244791666666667 0.5787037037037037 0.5192708333333333 0.5740740740740741 0.5161458333333333 0.5638888888888889 0.5151041666666667 0.5453703703703704 0.5177083333333333 0.5324074074074074 0.521875 0.5277777777777778 0.5265625 0.5277777777777778 0.5307291666666667 0.5435185185185185 0.5322916666666667 0.5638888888888889 0.5296875 0.5740740740740741 0.525 0.5777777777777777
2 0.5364583333333334 0.6416666666666667 0.540625 0.6481481481481481 0.5401041666666667 0.6601851851851852 0.5354166666666667 0.662962962962963 0.5328125 0.6564814814814814 0.5328125 0.6472222222222223 0.5359375 0.6425925925925926
2 0.5489583333333333 0.15648148148148147 0.553125 0.1685185185185185 0.553125 0.18796296296296297 0.5505208333333333 0.2 0.5442708333333334 0.20925925925925926 0.5390625 0.2064814814814815 0.5354166666666667 0.2 0.534375 0.18055555555555555 0.5380208333333333 0.1648148148148148 0.5421875 0.15648148148148147 0.5484375 0.15648148148148147
2 0.46145833333333336 0.3787037037037037 0.4630208333333333 0.39444444444444443 0.45989583333333334 0.40185185185185185 0.4552083333333333 0.39814814814814814 0.4546875 0.3851851851851852 0.4583333333333333 0.3768518518518518 0.4609375 0.3787037037037037
2 0.41354166666666664 0.275 0.4171875 0.2796296296296296 0.41770833333333335 0.28425925925925927 0.4171875 0.30648148148148147 0.41354166666666664 0.3148148148148148 0.40989583333333335 0.3148148148148148 0.40729166666666666 0.3101851851851852 0.40625 0.3 0.4088541666666667 0.2796296296296296 0.41302083333333334 0.275
2 0.4544270833333333 0.24166666666666667 0.015104166666666667 0.046296296296296294
2 0.40703125 0.4041666666666667 0.009895833333333333 0.032407407407407406
2 0.5354166666666667 0.5166666666666667 0.5411458333333333 0.5277777777777778 0.5427083333333333 0.5462962962962963 0.5401041666666667 0.5601851851851852 0.5348958333333333 0.5657407407407408 0.5322916666666667 0.5611111111111111 0.5322916666666667 0.55 0.5369791666666667 0.5472222222222223 0.5364583333333334 0.5361111111111111 0.534375 0.5305555555555556 0.5317708333333333 0.5314814814814814 0.5307291666666667 0.5425925925925926 0.5302083333333333 0.5370370370370371 0.5255208333333333 0.5287037037037037 0.5286458333333334 0.5185185185185185 0.5348958333333333 0.5166666666666667
2 0.39791666666666664 0.48148148148148145 0.40208333333333335 0.4861111111111111 0.4036458333333333 0.4925925925925926 0.4041666666666667 0.5046296296296297 0.40208333333333335 0.5166666666666667 0.39947916666666666 0.5194444444444445 0.3953125 0.5185185185185185 0.3921875 0.5064814814814815 0.3932291666666667 0.4898148148148148 0.39739583333333334 0.4824074074074074
2 0.3854166666666667 0.6462962962962963 0.3880208333333333 0.6462962962962963 0.38958333333333334 0.65 0.3890625 0.6601851851851852 0.3859375 0.6611111111111111 0.384375 0.6574074074074074 0.3854166666666667 0.6472222222222223
2 0.44895833333333335 0.8296296296296296 0.45260416666666664 0.8351851851851851 0.45364583333333336 0.85 0.4510416666666667 0.8601851851851852 0.44479166666666664 0.8666666666666667 0.4375 0.8629629629629629 0.4348958333333333 0.8574074074074074 0.43385416666666665 0.8472222222222222 0.4390625 0.8305555555555556 0.44375 0.8277777777777777 0.4484375 0.8296296296296296
2 0.5109375 0.8111111111111111 0.5140625 0.8166666666666667 0.5130208333333334 0.8296296296296296 0.5088541666666667 0.8231481481481482 0.5104166666666666 0.812037037037037
2 0.6140625 0.3814814814814815 0.6161458333333333 0.3851851851851852 0.6161458333333333 0.39537037037037037 0.6145833333333334 0.39814814814814814 0.6109375 0.39814814814814814 0.609375 0.39444444444444443 0.6098958333333333 0.38425925925925924 0.6135416666666667 0.3814814814814815
1 0.37083333333333335 0.020370370370370372 0.3802083333333333 0.022222222222222223 0.4125 0.03796296296296296 0.41354166666666664 0.07314814814814814 0.4114583333333333 0.08055555555555556 0.39947916666666666 0.07962962962962963 0.35833333333333334 0.06481481481481481 0.3458333333333333 0.05185185185185185 0.3328125 0.04537037037037037 0.3307291666666667 0.03148148148148148 0.3333333333333333 0.020370370370370372 0.3458333333333333 0.021296296296296296 0.3578125 0.017592592592592594 0.3703125 0.020370370370370372
1 0.346875 0 0.41458333333333336 0 0.41302083333333334 0.03425925925925926 0.35208333333333336 0.010185185185185186 0.346875 0.000925925925925926