0 0.665625 0.30277777777777776 0.6755208333333333 0.30925925925925923 0.675 0.31666666666666665 0.6703125 0.31851851851851853 0.6619791666666667 0.31851851851851853 0.6588541666666666 0.3138888888888889 0.6598958333333333 0.3037037037037037 0.6614583333333334 0.30092592592592593 0.6651041666666667 0.30277777777777776
0 0.7114583333333333 0.49537037037037035 0.7151041666666667 0.5009259259259259 0.7119791666666667 0.5333333333333333 0.7145833333333333 0.5472222222222223 0.7114583333333333 0.5601851851851852 0.7067708333333333 0.562962962962963 0.7 0.5611111111111111 0.6947916666666667 0.5527777777777778 0.69375 0.5453703703703704 0.7005208333333334 0.5287037037037037 0.7046875 0.4981481481481482 0.7109375 0.49537037037037035
0 0.6125 0.41944444444444445 0.615625 0.425 0.6208333333333333 0.4462962962962963 0.6307291666666667 0.4675925925925926 0.6307291666666667 0.48148148148148145 0.6270833333333333 0.48518518518518516 0.6182291666666667 0.4824074074074074 0.609375 0.46296296296296297 0.6020833333333333 0.4601851851851852 0.5953125 0.44351851851851853 0.5953125 0.43333333333333335 0.6005208333333333 0.4212962962962963 0.6119791666666666 0.41944444444444445
0 0.7619791666666667 0.48518518518518516 0.765625 0.4861111111111111 0.7729166666666667 0.49722222222222223 0.7729166666666667 0.5120370370370371 0.7651041666666667 0.5148148148148148 0.7619791666666667 0.5111111111111111 0.759375 0.49444444444444446 0.7614583333333333 0.4861111111111111
0 0.5572916666666666 0.4388888888888889 0.5625 0.4388888888888889 0.5697916666666667 0.4537037037037037 0.5697916666666667 0.45925925925925926 0.5671875 0.4638888888888889 0.5604166666666667 0.4638888888888889 0.5567708333333333 0.44814814814814813 0.5572916666666666 0.4398148148148148
0 0.6098958333333333 0.47314814814814815 0.6145833333333334 0.48148148148148145 0.6203125 0.48518518518518516 0.6484375 0.4935185185185185 0.6505208333333333 0.4981481481481482 0.6505208333333333 0.5111111111111111 0.6473958333333333 0.5203703703703704 0.6041666666666666 0.5101851851851852 0.6020833333333333 0.5046296296296297 0.6026041666666667 0.49537037037037035 0.6067708333333334 0.4759259259259259 0.609375 0.47314814814814815
0 0.5927083333333333 0.6111111111111112 0.6854166666666667 0.6203703703703703 0.6973958333333333 0.6157407407407407 0.7005208333333334 0.6240740740740741 0.7010416666666667 0.6388888888888888 0.6963541666666667 0.6425925925925926 0.68125 0.6361111111111111 0.5869791666666667 0.6287037037037037 0.584375 0.6240740740740741 0.5848958333333333 0.6138888888888889 0.5921875 0.6111111111111112
0 0.734375 0.41388888888888886 0.75 0.4324074074074074 0.7505208333333333 0.4398148148148148 0.7484375 0.4462962962962963 0.740625 0.4425925925925926 0.725 0.425 0.7276041666666667 0.4101851851851852 0.7307291666666667 0.4083333333333333 0.7338541666666667 0.41388888888888886
0 0.728125 0.3814814814814815 0.7302083333333333 0.38333333333333336 0.7317708333333334 0.39444444444444443 0.7302083333333333 0.4046296296296296 0.725 0.41574074074074074 0.7177083333333333 0.4685185185185185 0.7098958333333333 0.4666666666666667 0.7078125 0.46111111111111114 0.715625 0.41203703703703703 0.7135416666666666 0.39814814814814814 0.7145833333333333 0.3851851851851852 0.7161458333333334 0.3814814814814815 0.7223958333333333 0.3787037037037037 0.7276041666666667 0.3814814814814815
0 0.6505208333333333 0.4601851851851852 0.6552083333333333 0.46574074074074073 0.6557291666666667 0.4777777777777778 0.6484375 0.4898148148148148 0.6322916666666667 0.487962962962963 0.6302083333333334 0.48333333333333334 0.6302083333333334 0.4759259259259259 0.6328125 0.4703703703703704 0.6390625 0.4675925925925926 0.64375 0.45925925925925926 0.65 0.4601851851851852
0 0.525 0.2611111111111111 0.5317708333333333 0.2638888888888889 0.534375 0.26944444444444443 0.534375 0.27685185185185185 0.5265625 0.3037037037037037 0.5234375 0.2972222222222222 0.515625 0.2953703703703704 0.5197916666666667 0.2814814814814815 0.5182291666666666 0.27314814814814814 0.5203125 0.2657407407407407 0.5244791666666667 0.2611111111111111
0 0.5145833333333333 0.2953703703703704 0.5203125 0.2962962962962963 0.5265625 0.30277777777777776 0.5213541666666667 0.31666666666666665 0.5171875 0.3824074074074074 0.5088541666666667 0.38333333333333336 0.5151041666666667 0.31203703703703706 0.5130208333333334 0.3055555555555556 0.5145833333333333 0.2962962962962963
2 0.6390625 0.2916666666666667 0.6473958333333333 0.3 0.6473958333333333 0.30648148148148147 0.6416666666666667 0.31203703703703706 0.63125 0.3101851851851852 0.6260416666666667 0.30185185185185187 0.6286458333333333 0.2935185185185185 0.6385416666666667 0.2916666666666667
2 0.6645833333333333 0.42592592592592593 0.6703125 0.425 0.6729166666666667 0.4287037037037037 0.671875 0.43333333333333335 0.6677083333333333 0.43425925925925923 0.6645833333333333 0.43148148148148147 0.6645833333333333 0.42685185185185187
2 0.73125 0.6472222222222223 0.7375 0.6527777777777778 0.7432291666666667 0.6648148148148149 0.7421875 0.6787037037037037 0.7364583333333333 0.6851851851851852 0.7203125 0.6814814814814815 0.7140625 0.675 0.7114583333333333 0.6685185185185185 0.7109375 0.6546296296296297 0.7130208333333333 0.65 0.7197916666666667 0.6453703703703704 0.7307291666666667 0.6472222222222223
2 0.7380208333333333 0.5 0.7458333333333333 0.5046296296296297 0.7505208333333333 0.512962962962963 0.7505208333333333 0.5231481481481481 0.7442708333333333 0.5305555555555556 0.7338541666666667 0.5296296296296297 0.7223958333333333 0.5175925925925926 0.7223958333333333 0.5092592592592593 0.725 0.5037037037037037 0.7296875 0.5 0.7375 0.5
2 0.45364583333333336 0.412962962962963 0.45677083333333335 0.41388888888888886 0.4588541666666667 0.41944444444444445 0.453125 0.42592592592592593 0.4479166666666667 0.4212962962962963 0.45 0.4148148148148148 0.453125 0.412962962962963
2 0.46197916666666666 0.5953703703703703 0.46979166666666666 0.600925925925926 0.47239583333333335 0.6083333333333333 0.471875 0.6175925925925926 0.4630208333333333 0.6268518518518519 0.45260416666666664 0.625 0.4479166666666667 0.6194444444444445 0.446875 0.6138888888888889 0.4473958333333333 0.6055555555555555 0.4505208333333333 0.6 0.46145833333333336 0.5953703703703703
2 0.4088541666666667 0.4361111111111111 0.4109375 0.4462962962962963 0.4041666666666667 0.4546296296296296 0.39375 0.4527777777777778 0.390625 0.44814814814814813 0.390625 0.4388888888888889 0.39739583333333334 0.4324074074074074 0.4041666666666667 0.4324074074074074 0.4083333333333333 0.4361111111111111
2 0.4140625 0.33611111111111114 0.415625 0.3388888888888889 0.41458333333333336 0.3490740740740741 0.40520833333333334 0.35555555555555557 0.3953125 0.35185185185185186 0.3927083333333333 0.3453703703703704 0.3932291666666667 0.3398148148148148 0.3963541666666667 0.3351851851851852 0.4036458333333333 0.33240740740740743 0.41354166666666664 0.33611111111111114
2 0.48776041666666664 0.43333333333333335 0.0078125 0.009259259259259259
2 0.5479166666666667 0.6435185185185185 0.5505208333333333 0.6472222222222223 0.5505208333333333 0.6527777777777778 0.5479166666666667 0.6555555555555556 0.5432291666666667 0.6546296296296297 0.5411458333333333 0.6509259259259259 0.5416666666666666 0.6462962962962963 0.5473958333333333 0.6435185185185185
2 0.5338541666666666 0.675 0.5401041666666667 0.6814814814814815 0.5411458333333333 0.6898148148148148 0.5390625 0.6953703703703704 0.5328125 0.6990740740740741 0.5260416666666666 0.6953703703703704 0.5234375 0.6898148148148148 0.5234375 0.6833333333333333 0.528125 0.6759259259259259 0.5333333333333333 0.675
2 0.3802083333333333 0.5666666666666667 0.3854166666666667 0.5740740740740741 0.38645833333333335 0.587037037037037 0.3796875 0.5981481481481481 0.3729166666666667 0.6018518518518519 0.3671875 0.6018518518518519 0.359375 0.5962962962962963 0.3567708333333333 0.5888888888888889 0.3572916666666667 0.5805555555555556 0.36614583333333334 0.5675925925925925 0.3729166666666667 0.5648148148148148 0.3796875 0.5666666666666667
2 0.4510416666666667 0.34629629629629627 0.453125 0.35462962962962963 0.44947916666666665 0.3592592592592593 0.4421875 0.3574074074074074 0.440625 0.3509259259259259 0.4453125 0.3453703703703704 0.4505208333333333 0.34629629629629627
2 0.5489583333333333 0.33611111111111114 0.5510416666666667 0.3388888888888889 0.5515625 0.3453703703703704 0.5484375 0.3490740740740741 0.5416666666666666 0.34814814814814815 0.5390625 0.3425925925925926 0.5421875 0.33611111111111114 0.5484375 0.33611111111111114
2 0.4197916666666667 0.5722222222222222 0.4234375 0.575925925925926 0.4239583333333333 0.5833333333333334 0.41875 0.5888888888888889 0.4140625 0.5879629629629629 0.4119791666666667 0.5842592592592593 0.4119791666666667 0.5777777777777777 0.41458333333333336 0.5731481481481482 0.4192708333333333 0.5722222222222222
2 0.44375 0.32592592592592595 0.4453125 0.3333333333333333 0.4427083333333333 0.33611111111111114 0.4390625 0.33611111111111114 0.4359375 0.3314814814814815 0.43802083333333336 0.32592592592592595 0.4432291666666667 0.32592592592592595
2 0.5984375 0.30185185185185187 0.6020833333333333 0.30648148148148147 0.6026041666666667 0.3148148148148148 0.5953125 0.32037037037037036 0.584375 0.31666666666666665 0.58125 0.3111111111111111 0.58125 0.30648148148148147 0.5890625 0.3 0.5979166666666667 0.30185185185185187
2 0.6791666666666667 0.5601851851851852 0.6880208333333333 0.5685185185185185 0.6885416666666667 0.575 0.6848958333333334 0.5796296296296296 0.678125 0.5796296296296296 0.6723958333333333 0.5740740740740741 0.6723958333333333 0.5638888888888889 0.6786458333333333 0.5601851851851852
2 0.465625 0.2953703703703704 0.4661458333333333 0.2898148148148148 0.4708333333333333 0.2898148148148148 0.471875 0.29259259259259257 0.4708333333333333 0.2953703703703704 0.4661458333333333 0.2953703703703704
2 0.7057291666666666 0.45092592592592595 0.7078125 0.4527777777777778 0.7078125 0.46111111111111114 0.7109375 0.4666666666666667 0.7166666666666667 0.46944444444444444 0.7213541666666666 0.46574074074074073 0.7197916666666667 0.45740740740740743 0.7208333333333333 0.4527777777777778 0.7223958333333333 0.45092592592592595 0.7265625 0.4546296296296296 0.7296875 0.4648148148148148 0.7286458333333333 0.47314814814814815 0.7244791666666667 0.4787037037037037 0.7098958333333333 0.47685185185185186 0.7036458333333333 0.4722222222222222 0.7015625 0.4601851851851852 0.7052083333333333 0.45092592592592595
1 0.9927083333333333 0.6074074074074074 0.9994791666666667 0.6129629629629629 0.9994791666666667 0.7694444444444445 0.9973958333333334 0.7703703703703704 0.9947916666666666 0.7824074074074074 0.9890625 0.7898148148148149 0.9765625 0.7861111111111111 0.9645833333333333 0.7759259259259259 0.9489583333333333 0.737037037037037 0.9411458333333333 0.7129629629629629 0.940625 0.7055555555555556 0.9494791666666667 0.6787037037037037 0.95625 0.6462962962962963 0.959375 0.6407407407407407 0.9645833333333333 0.637962962962963 0.9848958333333333 0.6388888888888888 0.990625 0.6268518518518519 0.9890625 0.6175925925925926 0.9859375 0.612037037037037 0.9859375 0.6064814814814815 0.9921875 0.6074074074074074
1 0.9390625 0.625 0.9453125 0.6148148148148148 0.9557291666666666 0.6074074074074074 0.9609375 0.5972222222222222 0.9682291666666667 0.5907407407407408 0.9713541666666666 0.5842592592592593 0.9739583333333334 0.5657407407407408 0.9776041666666667 0.5592592592592592 0.9848958333333333 0.5574074074074075 0.9994791666666667 0.5611111111111111 0.9994791666666667 0.575925925925926 0.9947916666666666 0.5796296296296296 0.9869791666666666 0.5953703703703703 0.9875 0.6018518518518519 0.9947916666666666 0.6 0.9958333333333333 0.6046296296296296 0.99375 0.6064814814814815 0.9875 0.6018518518518519 0.9838541666666667 0.6083333333333333 0.9880208333333333 0.6212962962962963 0.9875 0.6296296296296297 0.9817708333333334 0.6370370370370371 0.9661458333333334 0.6361111111111111 0.9588541666666667 0.6407407407407407 0.9484375 0.6685185185185185 0.9458333333333333 0.687962962962963 0.9401041666666666 0.7027777777777777 0.9354166666666667 0.6972222222222222 0.928125 0.6712962962962963 0.93125 0.6453703703703704 0.9390625 0.6259259259259259
1 0.24791666666666667 0.1925925925925926 0.2515625 0.19537037037037036 0.25416666666666665 0.20925925925925926 0.2625 0.22037037037037038 0.2682291666666667 0.2796296296296296 0.26927083333333335 0.3111111111111111 0.2671875 0.3277777777777778 0.26875 0.33055555555555555 0.27239583333333334 0.3296296296296296 0.25625 0.3333333333333333 0.24739583333333334 0.33055555555555555 0.23385416666666667 0.22777777777777777 0.23385416666666667 0.2212962962962963 0.23802083333333332 0.21296296296296297 0.2375 0.19722222222222222 0.24739583333333334 0.1925925925925926
1 0.2796875 0.18425925925925926 0.28229166666666666 0.18888888888888888 0.2833333333333333 0.2037037037037037 0.28854166666666664 0.21851851851851853 0.29322916666666665 0.24166666666666667 0.30052083333333335 0.3101851851851852 0.3015625 0.32685185185185184 0.2942708333333333 0.33240740740740743 0.2760416666666667 0.3314814814814815 0.26979166666666665 0.29444444444444445 0.265625 0.2388888888888889 0.26927083333333335 0.2037037037037037 0.2677083333333333 0.18981481481481483 0.2708333333333333 0.18425925925925926 0.2791666666666667 0.18425925925925926