0 0.4583333333333333 0.3138888888888889 0.4734375 0.3138888888888889 0.4739583333333333 0.31666666666666665 0.471875 0.32685185185185184 0.4630208333333333 0.3314814814814815 0.4588541666666667 0.3277777777777778 0.4583333333333333 0.3148148148148148
0 0.3411458333333333 0.525 0.34479166666666666 0.5333333333333333 0.34427083333333336 0.5435185185185185 0.33489583333333334 0.5666666666666667 0.3307291666666667 0.587037037037037 0.32447916666666665 0.5935185185185186 0.3171875 0.5925925925925926 0.3140625 0.5888888888888889 0.3104166666666667 0.5796296296296296 0.3104166666666667 0.5703703703703704 0.3338541666666667 0.525 0.340625 0.525
0 0.48072916666666665 0.36574074074074076 0.48333333333333334 0.36944444444444446 0.4828125 0.37962962962962965 0.47604166666666664 0.3861111111111111 0.45625 0.39444444444444443 0.45364583333333336 0.38981481481481484 0.45364583333333336 0.37962962962962965 0.48020833333333335 0.36666666666666664
0 0.41822916666666665 0.5305555555555556 0.4239583333333333 0.5361111111111111 0.4244791666666667 0.5435185185185185 0.4197916666666667 0.5546296296296296 0.4109375 0.5907407407407408 0.39895833333333336 0.6620370370370371 0.39375 0.6722222222222223 0.3890625 0.6694444444444444 0.3880208333333333 0.6592592592592592 0.40989583333333335 0.5601851851851852 0.4125 0.5361111111111111 0.41458333333333336 0.5314814814814814 0.41770833333333335 0.5305555555555556
0 0.578125 0.40555555555555556 0.5828125 0.4148148148148148 0.5901041666666667 0.4203703703703704 0.6526041666666667 0.46111111111111114 0.6552083333333333 0.4685185185185185 0.6541666666666667 0.4740740740740741 0.6328125 0.46296296296296297 0.5880208333333333 0.4305555555555556 0.5734375 0.42592592592592593 0.571875 0.4222222222222222 0.5723958333333333 0.4111111111111111 0.575 0.40555555555555556 0.5776041666666667 0.40555555555555556
0 0.4901041666666667 0.35555555555555557 0.4942708333333333 0.35555555555555557 0.496875 0.36203703703703705 0.4973958333333333 0.37777777777777777 0.4942708333333333 0.37962962962962965 0.49114583333333334 0.37222222222222223 0.4875 0.37037037037037035 0.48125 0.38333333333333336 0.45677083333333335 0.39444444444444443 0.45416666666666666 0.39166666666666666 0.453125 0.3851851851851852 0.4546875 0.3787037037037037 0.48541666666666666 0.3638888888888889 0.4901041666666667 0.35648148148148145
0 0.3984375 0.2962962962962963 0.40260416666666665 0.32314814814814813 0.39739583333333334 0.32592592592592595 0.39375 0.31851851851851853 0.39427083333333335 0.29907407407407405 0.39791666666666664 0.2962962962962963
0 0.6109375 0.5064814814814815 0.6161458333333333 0.5157407407407407 0.6390625 0.5185185185185185 0.6411458333333333 0.5231481481481481 0.6411458333333333 0.5314814814814814 0.6385416666666667 0.5361111111111111 0.6130208333333333 0.5333333333333333 0.6098958333333333 0.5388888888888889 0.6057291666666667 0.5388888888888889 0.6036458333333333 0.5351851851851852 0.6026041666666667 0.5185185185185185 0.6057291666666667 0.5064814814814815 0.6104166666666667 0.5064814814814815
0 0.490625 0.36944444444444446 0.49322916666666666 0.37222222222222223 0.49375 0.3814814814814815 0.49270833333333336 0.4074074074074074 0.4901041666666667 0.4148148148148148 0.4864583333333333 0.4148148148148148 0.484375 0.4111111111111111 0.48333333333333334 0.38425925925925924 0.48385416666666664 0.37037037037037035 0.4901041666666667 0.36944444444444446
0 0.478125 0.5472222222222223 0.48020833333333335 0.5527777777777778 0.4796875 0.5601851851851852 0.4671875 0.5768518518518518 0.46145833333333336 0.575925925925926 0.4609375 0.5666666666666667 0.4708333333333333 0.5462962962962963 0.47760416666666666 0.5472222222222223
0 0.625 0.4074074074074074 0.628125 0.41759259259259257 0.6572916666666667 0.4388888888888889 0.6572916666666667 0.44537037037037036 0.6520833333333333 0.45740740740740743 0.6151041666666667 0.4351851851851852 0.6135416666666667 0.425 0.6171875 0.4111111111111111 0.6213541666666667 0.4064814814814815 0.6244791666666667 0.4074074074074074
0 0.6520833333333333 0.2611111111111111 0.65625 0.2657407407407407 0.6578125 0.2722222222222222 0.6578125 0.2833333333333333 0.6541666666666667 0.29444444444444445 0.6432291666666666 0.28888888888888886 0.6296875 0.28888888888888886 0.5515625 0.2972222222222222 0.5427083333333333 0.2962962962962963 0.5416666666666666 0.28425925925925927 0.5458333333333333 0.2777777777777778 0.6427083333333333 0.26851851851851855 0.6515625 0.2611111111111111
2 0.4265625 0.4888888888888889 0.42916666666666664 0.49074074074074076 0.4296875 0.49537037037037035 0.42552083333333335 0.49907407407407406 0.421875 0.49722222222222223 0.42135416666666664 0.4925925925925926 0.42604166666666665 0.4888888888888889
2 0.35572916666666665 0.41944444444444445 0.35833333333333334 0.425 0.3572916666666667 0.43425925925925923 0.35208333333333336 0.44074074074074077 0.3458333333333333 0.44351851851851853 0.33541666666666664 0.4398148148148148 0.3338541666666667 0.4351851851851852 0.33489583333333334 0.425 0.346875 0.4166666666666667 0.35520833333333335 0.41944444444444445
2 0.49322916666666666 0.4398148148148148 0.49635416666666665 0.4425925925925926 0.496875 0.45 0.49114583333333334 0.4546296296296296 0.48541666666666666 0.4527777777777778 0.48333333333333334 0.4462962962962963 0.48802083333333335 0.4398148148148148 0.49270833333333336 0.4398148148148148
2 0.5713541666666667 0.5064814814814815 0.578125 0.5111111111111111 0.5822916666666667 0.5222222222222223 0.578125 0.5333333333333333 0.5729166666666666 0.5361111111111111 0.5604166666666667 0.5333333333333333 0.5552083333333333 0.5231481481481481 0.5552083333333333 0.5166666666666667 0.5572916666666666 0.5120370370370371 0.5625 0.5074074074074074 0.5708333333333333 0.5064814814814815
2 0.44114583333333335 0.49166666666666664 0.440625 0.4842592592592593 0.446875 0.4787037037037037 0.45260416666666664 0.48055555555555557 0.4546875 0.4842592592592593 0.45416666666666666 0.49074074074074076 0.4510416666666667 0.49444444444444446 0.44166666666666665 0.49166666666666664
2 0.3494791666666667 0.44351851851851853 0.35208333333333336 0.45185185185185184 0.3489583333333333 0.45555555555555555 0.34427083333333336 0.45555555555555555 0.3411458333333333 0.44907407407407407 0.34427083333333336 0.44351851851851853 0.3489583333333333 0.44351851851851853
2 0.47708333333333336 0.5009259259259259 0.48125 0.5037037037037037 0.48333333333333334 0.5111111111111111 0.4822916666666667 0.5157407407407407 0.4786458333333333 0.5185185185185185 0.47291666666666665 0.5185185185185185 0.46822916666666664 0.5120370370370371 0.46822916666666664 0.5074074074074074 0.4708333333333333 0.5027777777777778 0.4765625 0.5009259259259259
2 0.4796875 0.5462962962962963 0.4828125 0.5435185185185185 0.4890625 0.5462962962962963 0.4890625 0.55 0.4859375 0.5537037037037037 0.48125 0.5537037037037037 0.4796875 0.5472222222222223
2 0.375 0.30833333333333335 0.37604166666666666 0.3138888888888889 0.37395833333333334 0.3175925925925926 0.36822916666666666 0.31666666666666665 0.3671875 0.3101851851851852 0.3692708333333333 0.3074074074074074 0.37447916666666664 0.30833333333333335
2 0.7145833333333333 0.562037037037037 0.7239583333333334 0.5675925925925925 0.7291666666666666 0.5777777777777777 0.7286458333333333 0.5879629629629629 0.7223958333333333 0.5944444444444444 0.7098958333333333 0.5916666666666667 0.703125 0.5814814814814815 0.7041666666666667 0.5675925925925925 0.7140625 0.562037037037037
2 0.46510416666666665 0.6240740740740741 0.475 0.6296296296296297 0.4791666666666667 0.6425925925925926 0.4791666666666667 0.6472222222222223 0.47552083333333334 0.6555555555555556 0.4666666666666667 0.6638888888888889 0.45677083333333335 0.6620370370370371 0.45208333333333334 0.6574074074074074 0.4479166666666667 0.6472222222222223 0.4484375 0.6388888888888888 0.4510416666666667 0.6324074074074074 0.4557291666666667 0.6268518518518519 0.46458333333333335 0.6240740740740741
2 0.5015625 0.6027777777777777 0.5067708333333333 0.6055555555555555 0.5072916666666667 0.6157407407407407 0.5036458333333333 0.6194444444444445 0.49583333333333335 0.6157407407407407 0.496875 0.6055555555555555 0.5010416666666667 0.6037037037037037
2 0.4041666666666667 0.4212962962962963 0.4078125 0.42592592592592593 0.4078125 0.43425925925925923 0.4005208333333333 0.44074074074074077 0.39010416666666664 0.4388888888888889 0.3885416666666667 0.42962962962962964 0.39427083333333335 0.4222222222222222 0.4036458333333333 0.4212962962962963
2 0.44166666666666665 0.41759259259259257 0.4395833333333333 0.42407407407407405 0.4348958333333333 0.42314814814814816 0.434375 0.41759259259259257 0.44114583333333335 0.41759259259259257
2 0.5255208333333333 0.362962962962963 0.5307291666666667 0.36574074074074076 0.534375 0.3731481481481482 0.5328125 0.3814814814814815 0.5260416666666666 0.3861111111111111 0.5161458333333333 0.38425925925925924 0.5114583333333333 0.3768518518518518 0.5114583333333333 0.3712962962962963 0.5145833333333333 0.36574074074074076 0.525 0.362962962962963
2 0.5640625 0.47962962962962963 0.5671875 0.4842592592592593 0.5666666666666667 0.49074074074074076 0.5640625 0.4935185185185185 0.5572916666666666 0.4935185185185185 0.553125 0.487962962962963 0.5546875 0.47962962962962963 0.5635416666666667 0.47962962962962963
2 0.5640625 0.4166666666666667 0.5671875 0.41944444444444445 0.5671875 0.42407407407407405 0.5604166666666667 0.42407407407407405 0.5598958333333334 0.41944444444444445 0.5635416666666667 0.41759259259259257
2 0.5203125 0.4777777777777778 0.5265625 0.48055555555555557 0.53125 0.4888888888888889 0.53125 0.49722222222222223 0.525 0.5055555555555555 0.5125 0.5046296296296297 0.5052083333333334 0.49444444444444446 0.5067708333333333 0.48518518518518516 0.5098958333333333 0.48055555555555557 0.5197916666666667 0.4777777777777778
2 0.4861979166666667 0.5 0.008854166666666666 0.011111111111111112
2 0.5015625 0.3851851851851852 0.5083333333333333 0.3888888888888889 0.5119791666666667 0.3962962962962963 0.5098958333333333 0.4046296296296296 0.5046875 0.4083333333333333 0.4942708333333333 0.4083333333333333 0.49270833333333336 0.4046296296296296 0.49375 0.3861111111111111 0.5010416666666667 0.3851851851851852
2 0.5380208333333333 0.462037037037037 0.5421875 0.4666666666666667 0.5421875 0.4703703703703704 0.5380208333333333 0.4740740740740741 0.5317708333333333 0.4703703703703704 0.5333333333333333 0.46296296296296297 0.5375 0.462037037037037
2 0.4354166666666667 0.5638888888888889 0.4421875 0.5685185185185185 0.44583333333333336 0.5768518518518518 0.44635416666666666 0.5833333333333334 0.4395833333333333 0.5953703703703703 0.4317708333333333 0.5990740740740741 0.4197916666666667 0.5925925925925926 0.4166666666666667 0.5861111111111111 0.4166666666666667 0.5805555555555556 0.42083333333333334 0.5703703703703704 0.428125 0.5648148148148148 0.4348958333333333 0.5638888888888889
1 0.9994791666666667 0.412962962962963 0.9994791666666667 0.47129629629629627 0.9973958333333334 0.4722222222222222 0.9994791666666667 0.475 0.9994791666666667 0.5351851851851852 0.9963541666666667 0.5388888888888889 0.9875 0.5370370370370371 0.9802083333333333 0.5305555555555556 0.9760416666666667 0.5222222222222223 0.9755208333333333 0.5138888888888888 0.990625 0.45925925925925926 0.9973958333333334 0.42777777777777776 0.9953125 0.4185185185185185 0.9989583333333333 0.412962962962963
1 0.9260416666666667 0.5842592592592593 0.9328125 0.5842592592592593 0.9515625 0.6055555555555555 0.953125 0.6166666666666667 0.9484375 0.625 0.9479166666666666 0.6324074074074074 0.9552083333333333 0.6425925925925926 0.9630208333333333 0.6648148148148149 0.9614583333333333 0.6759259259259259 0.9546875 0.6898148148148148 0.9473958333333333 0.7138888888888889 0.9395833333333333 0.7537037037037037 0.9338541666666667 0.7620370370370371 0.9192708333333334 0.7583333333333333 0.8901041666666667 0.7342592592592593 0.8791666666666667 0.7175925925925926 0.8802083333333334 0.7018518518518518 0.8916666666666667 0.6712962962962963 0.9005208333333333 0.6259259259259259 0.9041666666666667 0.6194444444444445 0.9104166666666667 0.6157407407407407 0.9255208333333333 0.6175925925925926 0.9302083333333333 0.6083333333333333 0.9307291666666667 0.5990740740740741 0.9260416666666667 0.5851851851851851
1 0.978125 0.5851851851851851 0.9822916666666667 0.5925925925925926 0.9838541666666667 0.6212962962962963 0.9822916666666667 0.6361111111111111 0.9895833333333334 0.6583333333333333 0.9895833333333334 0.6796296296296296 0.9744791666666667 0.7333333333333333 0.9682291666666667 0.7416666666666667 0.9619791666666667 0.7435185185185185 0.9484375 0.7416666666666667 0.9447916666666667 0.737037037037037 0.9489583333333333 0.712037037037037 0.9640625 0.6685185185185185 0.9614583333333333 0.6555555555555556 0.9505208333333334 0.6333333333333333 0.9505208333333334 0.6296296296296297 0.9552083333333333 0.6222222222222222 0.9598958333333333 0.6222222222222222 0.965625 0.6101851851851852 0.9708333333333333 0.6046296296296296 0.9734375 0.5879629629629629 0.9776041666666667 0.5851851851851851
1 0.9229166666666667 0.5370370370370371 0.95 0.5407407407407407 0.953125 0.5435185185185185 0.953125 0.5472222222222223 0.9494791666666667 0.5527777777777778 0.9364583333333333 0.5583333333333333 0.9322916666666666 0.5712962962962963 0.9255208333333333 0.5824074074074074 0.9265625 0.6092592592592593 0.925 0.6129629629629629 0.9098958333333333 0.6138888888888889 0.9005208333333333 0.6231481481481481 0.8880208333333334 0.6759259259259259 0.8802083333333334 0.6685185185185185 0.8776041666666666 0.6592592592592592 0.8765625 0.6435185185185185 0.8796875 0.6231481481481481 0.8895833333333333 0.5972222222222222 0.9 0.5898148148148148 0.9072916666666667 0.575 0.9145833333333333 0.5685185185185185 0.9177083333333333 0.5509259259259259 0.9171875 0.5425925925925926 0.9223958333333333 0.5370370370370371
1 0.24166666666666667 0.19907407407407407 0.24427083333333333 0.20277777777777778 0.24583333333333332 0.21666666666666667 0.2557291666666667 0.25277777777777777 0.2604166666666667 0.30462962962962964 0.26666666666666666 0.34074074074074073 0.265625 0.3435185185185185 0.24739583333333334 0.34629629629629627 0.2359375 0.34444444444444444 0.23802083333333332 0.34444444444444444 0.2390625 0.34074074074074073 0.22916666666666666 0.2638888888888889 0.22864583333333333 0.24814814814814815 0.23125 0.225 0.23020833333333332 0.20277777777777778 0.23333333333333334 0.19907407407407407 0.24114583333333334 0.19907407407407407
1 0.21041666666666667 0.20833333333333334 0.21354166666666666 0.21296296296296297 0.21510416666666668 0.22314814814814815 0.2203125 0.22685185185185186 0.22395833333333334 0.2361111111111111 0.23489583333333333 0.32037037037037036 0.23125 0.34074074074074073 0.23229166666666667 0.3453703703703704 0.21770833333333334 0.34814814814814815 0.2125 0.3472222222222222 0.20989583333333334 0.3416666666666667 0.2046875 0.29444444444444445 0.19583333333333333 0.2462962962962963 0.19583333333333333 0.23703703703703705 0.19947916666666668 0.22685185185185186 0.19895833333333332 0.21388888888888888 0.20208333333333334 0.20925925925925926 0.20989583333333334 0.20833333333333334