0 0.4083333333333333 0.32685185185185184 0.4114583333333333 0.33796296296296297 0.409375 0.34629629629629627 0.39114583333333336 0.34814814814814815 0.38333333333333336 0.34814814814814815 0.3828125 0.337037037037037 0.4 0.33240740740740743 0.4078125 0.32685185185185184
0 0.7286458333333333 0.5194444444444445 0.7401041666666667 0.5296296296296297 0.7427083333333333 0.55 0.7375 0.5574074074074075 0.7229166666666667 0.5675925925925925 0.6921875 0.6138888888888889 0.6875 0.6268518518518519 0.6640625 0.6638888888888889 0.6489583333333333 0.6962962962962963 0.6432291666666666 0.6953703703703704 0.6359375 0.6851851851851852 0.6364583333333333 0.6703703703703704 0.7104166666666667 0.5537037037037037 0.7229166666666667 0.5231481481481481 0.728125 0.5194444444444445
0 0.2864583333333333 0.5333333333333333 0.2911458333333333 0.5407407407407407 0.29270833333333335 0.549074074074074 0.2765625 0.562962962962963 0.2703125 0.5601851851851852 0.26979166666666665 0.5527777777777778 0.28125 0.5407407407407407 0.2828125 0.5342592592592592 0.2859375 0.5333333333333333
0 0.35208333333333336 0.562962962962963 0.35625 0.5712962962962963 0.35572916666666665 0.5777777777777777 0.346875 0.5861111111111111 0.3223958333333333 0.6296296296296297 0.3182291666666667 0.6425925925925926 0.30364583333333334 0.6722222222222223 0.29270833333333335 0.6925925925925925 0.2859375 0.7 0.28020833333333334 0.6953703703703704 0.2796875 0.6861111111111111 0.3416666666666667 0.575925925925926 0.34479166666666666 0.562037037037037 0.3515625 0.562962962962963
0 0.39166666666666666 0.287962962962963 0.3953125 0.2962962962962963 0.396875 0.3148148148148148 0.3932291666666667 0.31666666666666665 0.38697916666666665 0.3111111111111111 0.3572916666666667 0.32222222222222224 0.3536458333333333 0.31851851851851853 0.3541666666666667 0.3074074074074074 0.38333333333333336 0.29814814814814816 0.3890625 0.287962962962963 0.39114583333333336 0.287962962962963
0 0.6265625 0.29907407407407405 0.6770833333333334 0.3055555555555556 0.6875 0.30185185185185187 0.6895833333333333 0.3055555555555556 0.6895833333333333 0.31574074074074077 0.6864583333333333 0.3212962962962963 0.6791666666666667 0.31574074074074077 0.6104166666666667 0.3101851851851852 0.6088541666666667 0.3074074074074074 0.6098958333333333 0.29907407407407405 0.6260416666666667 0.29907407407407405
0 0.4979166666666667 0.425 0.49895833333333334 0.44166666666666665 0.49635416666666665 0.44722222222222224 0.46927083333333336 0.44722222222222224 0.4609375 0.45185185185185184 0.45677083333333335 0.45 0.4557291666666667 0.4425925925925926 0.45625 0.42314814814814816 0.4588541666666667 0.41574074074074074 0.4630208333333333 0.4166666666666667 0.4666666666666667 0.42314814814814816 0.4973958333333333 0.425
0 0.5005208333333333 0.29814814814814816 0.5026041666666666 0.30925925925925923 0.5010416666666667 0.325 0.4744791666666667 0.3287037037037037 0.46770833333333334 0.3277777777777778 0.4671875 0.30925925925925923 0.4921875 0.30462962962962964 0.496875 0.2972222222222222 0.5 0.29814814814814816
0 0.6473958333333333 0.4583333333333333 0.6515625 0.4638888888888889 0.65625 0.47685185185185186 0.6703125 0.49537037037037035 0.6692708333333334 0.5074074074074074 0.6640625 0.5101851851851852 0.6489583333333333 0.49166666666666664 0.6416666666666667 0.4888888888888889 0.6385416666666667 0.4842592592592593 0.6375 0.4740740740740741 0.6427083333333333 0.46111111111111114 0.646875 0.45925925925925926
0 0.6635416666666667 0.35462962962962963 0.675 0.3574074074074074 0.6765625 0.3611111111111111 0.675 0.3685185185185185 0.6645833333333333 0.37222222222222223 0.6609375 0.37222222222222223 0.6578125 0.3648148148148148 0.6588541666666666 0.35648148148148145 0.6630208333333333 0.35462962962962963
2 0.6802083333333333 0.3925925925925926 0.6869791666666667 0.3972222222222222 0.6901041666666666 0.40370370370370373 0.6901041666666666 0.4101851851851852 0.6838541666666667 0.41574074074074074 0.671875 0.41388888888888886 0.665625 0.4046296296296296 0.6661458333333333 0.39814814814814814 0.6703125 0.39351851851851855 0.6796875 0.3925925925925926
2 0.6760416666666667 0.42962962962962964 0.684375 0.4351851851851852 0.6875 0.4425925925925926 0.6869791666666667 0.45 0.6822916666666666 0.4546296296296296 0.6682291666666667 0.4527777777777778 0.6625 0.44537037037037036 0.6619791666666667 0.43796296296296294 0.6635416666666667 0.43425925925925923 0.6755208333333333 0.42962962962962964
2 0.4359375 0.5648148148148148 0.4421875 0.5685185185185185 0.446875 0.5796296296296296 0.44583333333333336 0.5888888888888889 0.4359375 0.5990740740740741 0.4239583333333333 0.5972222222222222 0.41822916666666665 0.5898148148148148 0.4171875 0.5842592592592593 0.41822916666666665 0.575925925925926 0.42135416666666664 0.5703703703703704 0.4296875 0.5648148148148148 0.4354166666666667 0.5648148148148148
2 0.471875 0.625 0.4791666666666667 0.6333333333333333 0.48125 0.6472222222222223 0.47552083333333334 0.6583333333333333 0.4671875 0.662962962962963 0.4546875 0.6574074074074074 0.4510416666666667 0.6509259259259259 0.4505208333333333 0.6398148148148148 0.4583333333333333 0.6259259259259259 0.4713541666666667 0.625
2 0.434375 0.41759259259259257 0.44114583333333335 0.41759259259259257 0.4395833333333333 0.42407407407407405 0.4354166666666667 0.42407407407407405 0.434375 0.4185185185185185
2 0.4322916666666667 0.5018518518518519 0.43802083333333336 0.5092592592592593 0.43802083333333336 0.5194444444444445 0.4354166666666667 0.525 0.4270833333333333 0.5296296296296297 0.41822916666666665 0.5268518518518519 0.415625 0.5222222222222223 0.41458333333333336 0.512962962962963 0.4161458333333333 0.5074074074074074 0.421875 0.5018518518518519 0.4317708333333333 0.5018518518518519
2 0.35989583333333336 0.35648148148148145 0.365625 0.3611111111111111 0.36666666666666664 0.3685185185185185 0.36302083333333335 0.375 0.35833333333333334 0.37777777777777777 0.34791666666666665 0.3768518518518518 0.34270833333333334 0.3685185185185185 0.3484375 0.35833333333333334 0.359375 0.35648148148148145
2 0.3885416666666667 0.45555555555555555 0.3932291666666667 0.4583333333333333 0.3958333333333333 0.4666666666666667 0.3932291666666667 0.47314814814814815 0.3880208333333333 0.47685185185185186 0.3776041666666667 0.475 0.37395833333333334 0.4666666666666667 0.378125 0.4583333333333333 0.3880208333333333 0.45555555555555555
2 0.35 0.4425925925925926 0.3515625 0.45 0.34791666666666665 0.4537037037037037 0.34270833333333334 0.4527777777777778 0.340625 0.4462962962962963 0.34427083333333336 0.44166666666666665 0.3494791666666667 0.4425925925925926
2 0.5130208333333334 0.46296296296296297 0.5182291666666666 0.4703703703703704 0.5166666666666667 0.47685185185185186 0.5130208333333334 0.4787037037037037 0.5057291666666667 0.47685185185185186 0.5036458333333333 0.4722222222222222 0.5052083333333334 0.46574074074074073 0.5125 0.46296296296296297
2 0.5057291666666667 0.387037037037037 0.5119791666666667 0.39444444444444443 0.5119791666666667 0.4009259259259259 0.5046875 0.40925925925925927 0.49270833333333336 0.4074074074074074 0.48802083333333335 0.3972222222222222 0.49322916666666666 0.38796296296296295 0.5052083333333334 0.387037037037037
1 0.9994791666666667 0.475 0.9994791666666667 0.5305555555555556 0.9953125 0.5361111111111111 0.9875 0.5361111111111111 0.9796875 0.5296296296296297 0.9760416666666667 0.5212962962962963 0.9760416666666667 0.5148148148148148 0.99375 0.4444444444444444 0.9963541666666667 0.42962962962962964 0.9953125 0.41944444444444445 0.9979166666666667 0.41388888888888886 0.9994791666666667 0.41388888888888886 0.9994791666666667 0.46944444444444444 0.9973958333333334 0.47129629629629627 0.9989583333333333 0.475
1 0.9328125 0.5842592592592593 0.95 0.6018518518518519 0.9520833333333333 0.6157407407407407 0.9479166666666666 0.6324074074074074 0.9536458333333333 0.6398148148148148 0.9630208333333333 0.6620370370370371 0.9630208333333333 0.6685185185185185 0.9546875 0.6842592592592592 0.9442708333333333 0.7148148148148148 0.9427083333333334 0.7222222222222222 0.9432291666666667 0.7379629629629629 0.9395833333333333 0.7546296296296297 0.9338541666666667 0.7620370370370371 0.9197916666666667 0.7583333333333333 0.9010416666666666 0.7444444444444445 0.8864583333333333 0.7296296296296296 0.8786458333333333 0.7148148148148148 0.8802083333333334 0.7018518518518518 0.8921875 0.6703703703703704 0.8932291666666666 0.6564814814814814 0.9005208333333333 0.6259259259259259 0.9098958333333333 0.6157407407407407 0.9270833333333334 0.6148148148148148 0.93125 0.6055555555555555 0.9270833333333334 0.5851851851851851 0.9322916666666666 0.5842592592592593
1 0.9807291666666667 0.5861111111111111 0.9833333333333333 0.5925925925925926 0.9828125 0.6129629629629629 0.9807291666666667 0.6240740740740741 0.9770833333333333 0.6370370370370371 0.9645833333333333 0.6601851851851852 0.95 0.6333333333333333 0.95 0.6296296296296297 0.953125 0.6240740740740741 0.9598958333333333 0.6203703703703703 0.971875 0.600925925925926 0.9739583333333334 0.5861111111111111 0.9802083333333333 0.5861111111111111
1 0.21041666666666667 0.20833333333333334 0.21302083333333333 0.21203703703703702 0.21458333333333332 0.22314814814814815 0.2234375 0.2351851851851852 0.2328125 0.31296296296296294 0.23541666666666666 0.32314814814814813 0.23489583333333333 0.3287037037037037 0.23854166666666668 0.34074074074074073 0.23802083333333332 0.3453703703703704 0.2296875 0.3472222222222222 0.21197916666666666 0.3453703703703704 0.19947916666666668 0.26851851851851855 0.196875 0.2490740740740741 0.196875 0.2361111111111111 0.19947916666666668 0.22777777777777777 0.19895833333333332 0.21388888888888888 0.20260416666666667 0.20925925925925926 0.20989583333333334 0.20833333333333334
1 0.9442708333333333 0.5388888888888889 0.9526041666666667 0.5416666666666666 0.953125 0.5472222222222223 0.9494791666666667 0.5527777777777778 0.9380208333333333 0.5564814814814815 0.934375 0.562037037037037 0.9307291666666667 0.575 0.9369791666666667 0.5814814814814815 0.928125 0.5814814814814815 0.9260416666666667 0.5842592592592593 0.9255208333333333 0.5888888888888889 0.9286458333333333 0.6 0.9270833333333334 0.612037037037037 0.9229166666666667 0.6148148148148148 0.909375 0.6138888888888889 0.9015625 0.6212962962962963 0.8932291666666666 0.65 0.8911458333333333 0.6675925925925926 0.8875 0.6759259259259259 0.8796875 0.6685185185185185 0.8770833333333333 0.649074074074074 0.8802083333333334 0.6212962962962963 0.8869791666666667 0.6018518518518519 0.8921875 0.5944444444444444 0.9015625 0.5879629629629629 0.9078125 0.5740740740740741 0.9145833333333333 0.5685185185185185 0.91875 0.5388888888888889 0.94375 0.5388888888888889
1 0.2375 0.19814814814814816 0.2421875 0.19907407407407407 0.24427083333333333 0.20277777777777778 0.2453125 0.21574074074074073 0.25625 0.2518518518518518 0.2604166666666667 0.30833333333333335 0.265625 0.3425925925925926 0.2630208333333333 0.3453703703703704 0.24322916666666666 0.3453703703703704 0.23958333333333334 0.3398148148148148 0.23125 0.2861111111111111 0.23020833333333332 0.262037037037037 0.23229166666666667 0.23333333333333334 0.2296875 0.20555555555555555 0.23125 0.20092592592592592 0.23697916666666666 0.19907407407407407