0 0.5822916666666667 0.7 0.5864583333333333 0.7064814814814815 0.5869791666666667 0.712037037037037 0.58125 0.7175925925925926 0.5755208333333334 0.7148148148148148 0.575 0.7046296296296296 0.5770833333333333 0.7 0.5817708333333333 0.7
0 0.5390625 0.4212962962962963 0.5458333333333333 0.42314814814814816 0.5473958333333333 0.42685185185185187 0.5473958333333333 0.4324074074074074 0.54375 0.4398148148148148 0.5427083333333333 0.4925925925925926 0.5395833333333333 0.4981481481481482 0.5302083333333333 0.49537037037037035 0.5270833333333333 0.4324074074074074 0.5286458333333334 0.4222222222222222 0.5385416666666667 0.4212962962962963
0 0.5645833333333333 0.5555555555555556 0.5671875 0.5638888888888889 0.5635416666666667 0.5722222222222222 0.5427083333333333 0.5712962962962963 0.515625 0.5768518518518518 0.5119791666666667 0.5768518518518518 0.5088541666666667 0.5712962962962963 0.5083333333333333 0.5638888888888889 0.5114583333333333 0.5583333333333333 0.5640625 0.5555555555555556
0 0.5708333333333333 0.37222222222222223 0.571875 0.3990740740740741 0.5697916666666667 0.4046296296296296 0.5666666666666667 0.4046296296296296 0.5630208333333333 0.39814814814814814 0.5630208333333333 0.38981481481481484 0.5640625 0.3768518518518518 0.5703125 0.37222222222222223
0 0.5197916666666667 0.46111111111111114 0.5244791666666667 0.4703703703703704 0.5244791666666667 0.48333333333333334 0.5119791666666667 0.49444444444444446 0.5015625 0.5083333333333333 0.49583333333333335 0.5027777777777778 0.49635416666666665 0.4935185185185185 0.5135416666666667 0.462037037037037 0.5166666666666667 0.45925925925925926 0.5192708333333333 0.46111111111111114
0 0.4703125 0.08888888888888889 0.4765625 0.11018518518518519 0.48072916666666665 0.11481481481481481 0.48020833333333335 0.12314814814814815 0.475 0.13055555555555556 0.4703125 0.12685185185185185 0.46458333333333335 0.10092592592592593 0.4661458333333333 0.09074074074074075 0.46979166666666666 0.08888888888888889
0 0.5463541666666667 0.3194444444444444 0.5645833333333333 0.3453703703703704 0.5739583333333333 0.3537037037037037 0.5734375 0.3675925925925926 0.5697916666666667 0.375 0.565625 0.3768518518518518 0.5411458333333333 0.33796296296296297 0.5401041666666667 0.32592592592592595 0.5427083333333333 0.32037037037037036 0.5458333333333333 0.3194444444444444
0 0.5442708333333334 0.3435185185185185 0.5489583333333333 0.3527777777777778 0.559375 0.3907407407407407 0.5666666666666667 0.4064814814814815 0.571875 0.425 0.5817708333333333 0.4425925925925926 0.5807291666666666 0.4527777777777778 0.5770833333333333 0.4564814814814815 0.571875 0.4527777777777778 0.5671875 0.43333333333333335 0.5442708333333334 0.37592592592592594 0.5390625 0.35555555555555557 0.5390625 0.3472222222222222 0.5421875 0.3416666666666667 0.54375 0.3435185185185185
0 0.4661458333333333 0.425 0.47239583333333335 0.43703703703703706 0.5177083333333333 0.6092592592592593 0.5286458333333334 0.6296296296296297 0.5265625 0.6435185185185185 0.521875 0.6509259259259259 0.5135416666666667 0.6537037037037037 0.5057291666666667 0.637962962962963 0.5072916666666667 0.625 0.496875 0.5842592592592593 0.48333333333333334 0.537962962962963 0.47708333333333336 0.5231481481481481 0.4557291666666667 0.4462962962962963 0.45625 0.43148148148148147 0.465625 0.42592592592592593
0 0.5479166666666667 0.575 0.5520833333333334 0.5861111111111111 0.5567708333333333 0.6203703703703703 0.5619791666666667 0.6305555555555555 0.5604166666666667 0.6425925925925926 0.5541666666666667 0.6481481481481481 0.5473958333333333 0.6481481481481481 0.5432291666666667 0.6388888888888888 0.54375 0.6240740740740741 0.5369791666666667 0.5879629629629629 0.5395833333333333 0.5796296296296296 0.5473958333333333 0.575925925925926
2 0.58125 0.6722222222222223 0.5848958333333333 0.6712962962962963 0.5859375 0.674074074074074 0.5854166666666667 0.6861111111111111 0.5817708333333333 0.687962962962963 0.5802083333333333 0.6842592592592592 0.58125 0.6731481481481482
2 0.4588541666666667 0.33425925925925926 0.4640625 0.3453703703703704 0.465625 0.362962962962963 0.4625 0.3787037037037037 0.45625 0.3851851851851852 0.45208333333333334 0.3824074074074074 0.4484375 0.375 0.44635416666666666 0.3509259259259259 0.4505208333333333 0.3351851851851852 0.45364583333333336 0.33240740740740743 0.4583333333333333 0.33425925925925926
2 0.4875 0.6916666666666667 0.49270833333333336 0.6972222222222222 0.4953125 0.7092592592592593 0.4953125 0.7194444444444444 0.49114583333333334 0.7351851851851852 0.4875 0.7407407407407407 0.48333333333333334 0.7416666666666667 0.4796875 0.737037037037037 0.478125 0.7277777777777777 0.4791666666666667 0.7055555555555556 0.48333333333333334 0.6944444444444444 0.4869791666666667 0.6925925925925925
2 0.5171875 0.2796296296296296 0.5244791666666667 0.2972222222222222 0.5244791666666667 0.3055555555555556 0.5197916666666667 0.3148148148148148 0.5151041666666667 0.3101851851851852 0.5130208333333334 0.30092592592592593 0.5130208333333334 0.28703703703703703 0.5145833333333333 0.28055555555555556 0.5166666666666667 0.2796296296296296
2 0.5442708333333334 0.38055555555555554 0.546875 0.3851851851851852 0.5463541666666667 0.39444444444444443 0.54375 0.39537037037037037 0.5427083333333333 0.3925925925925926 0.54375 0.3814814814814815
2 0.49270833333333336 0.34814814814814815 0.4979166666666667 0.35648148148148145 0.49947916666666664 0.37407407407407406 0.4973958333333333 0.3851851851851852 0.49166666666666664 0.3907407407407407 0.4875 0.3888888888888889 0.48541666666666666 0.38425925925925924 0.48333333333333334 0.3648148148148148 0.48541666666666666 0.3527777777777778 0.4921875 0.34814814814814815
2 0.5239583333333333 0.2518518518518518 0.5286458333333334 0.2611111111111111 0.53125 0.275 0.5302083333333333 0.29074074074074074 0.5260416666666666 0.2972222222222222 0.5223958333333333 0.29444444444444445 0.5161458333333333 0.27870370370370373 0.5166666666666667 0.2611111111111111 0.51875 0.25462962962962965 0.5234375 0.2518518518518518
2 0.5625 0.6759259259259259 0.565625 0.6814814814814815 0.5666666666666667 0.700925925925926 0.5645833333333333 0.712037037037037 0.5598958333333334 0.7185185185185186 0.5578125 0.7185185185185186 0.5546875 0.712037037037037 0.5536458333333333 0.6944444444444444 0.55625 0.6805555555555556 0.5619791666666667 0.6759259259259259
2 0.5307291666666667 0.21666666666666667 0.5328125 0.23148148148148148 0.5302083333333333 0.2361111111111111 0.5260416666666666 0.23055555555555557 0.5270833333333333 0.21851851851851853 0.5302083333333333 0.21666666666666667
2 0.5182291666666666 0.5064814814814815 0.5213541666666667 0.5148148148148148 0.5213541666666667 0.524074074074074 0.5177083333333333 0.5324074074074074 0.5151041666666667 0.5314814814814814 0.5125 0.5231481481481481 0.5135416666666667 0.5101851851851852 0.5177083333333333 0.5064814814814815
2 0.55703125 0.500462962962963 0.0140625 0.04351851851851852
2 0.5296875 0.637962962962963 0.5328125 0.6361111111111111 0.5364583333333334 0.6388888888888888 0.5395833333333333 0.6564814814814814 0.5380208333333333 0.6703703703703704 0.5348958333333333 0.6787037037037037 0.5328125 0.6814814814814815 0.5286458333333334 0.6805555555555556 0.5260416666666666 0.6731481481481482 0.525 0.6555555555555556 0.5296875 0.6388888888888888
1 0.6494791666666667 0.019444444444444445 0.6567708333333333 0.022222222222222223 0.6671875 0.020370370370370372 0.6697916666666667 0.032407407407407406 0.6682291666666667 0.044444444444444446 0.653125 0.05277777777777778 0.6380208333333334 0.06666666666666667 0.5911458333333334 0.08148148148148149 0.5880208333333333 0.0787037037037037 0.5869791666666667 0.07314814814814814 0.5869791666666667 0.041666666666666664 0.5885416666666666 0.037037037037037035 0.621875 0.021296296296296296 0.6401041666666667 0.017592592592592594 0.6489583333333333 0.019444444444444445
1 0.5854166666666667 0 0.6536458333333334 0 0.6526041666666667 0.004629629629629629 0.6473958333333333 0.010185185185185186 0.6010416666666667 0.027777777777777776 0.596875 0.026851851851851852 0.5895833333333333 0.03333333333333333 0.5869791666666667 0.03333333333333333 0.5854166666666667 0.000925925925925926