0 0.5291666666666667 0.43148148148148147 0.5317708333333333 0.44166666666666665 0.5296875 0.45185185185185184 0.5151041666666667 0.4537037037037037 0.44895833333333335 0.4888888888888889 0.44479166666666664 0.487962962962963 0.4432291666666667 0.4824074074074074 0.4432291666666667 0.4777777777777778 0.44635416666666666 0.4740740740740741 0.5130208333333334 0.4425925925925926 0.5197916666666667 0.43796296296296294 0.525 0.42962962962962964 0.5286458333333334 0.43148148148148147
0 0.6302083333333334 0.26481481481481484 0.6333333333333333 0.26666666666666666 0.6395833333333333 0.28055555555555556 0.6505208333333333 0.2962962962962963 0.6489583333333333 0.3101851851851852 0.6453125 0.31296296296296294 0.640625 0.3111111111111111 0.6229166666666667 0.287962962962963 0.6213541666666667 0.2824074074074074 0.6229166666666667 0.2722222222222222 0.6296875 0.2657407407407407
0 0.5692708333333333 0.6111111111111112 0.5739583333333333 0.6222222222222222 0.5723958333333333 0.6333333333333333 0.5546875 0.6620370370370371 0.5494791666666666 0.6759259259259259 0.5432291666666667 0.6824074074074075 0.5380208333333333 0.6796296296296296 0.5328125 0.6712962962962963 0.5291666666666667 0.6583333333333333 0.5296875 0.6518518518518519 0.5369791666666667 0.6388888888888888 0.5432291666666667 0.6370370370370371 0.5609375 0.612037037037037 0.56875 0.6111111111111112
0 0.384375 0.48518518518518516 0.39166666666666666 0.49444444444444446 0.39375 0.5064814814814815 0.38958333333333334 0.5194444444444445 0.384375 0.5268518518518519 0.3802083333333333 0.5444444444444444 0.3734375 0.5935185185185186 0.3729166666666667 0.6092592592592593 0.3614583333333333 0.687037037037037 0.3572916666666667 0.7 0.35208333333333336 0.7027777777777777 0.3453125 0.6990740740740741 0.3421875 0.6935185185185185 0.3416666666666667 0.6824074074074075 0.37083333333333335 0.525 0.3697916666666667 0.4981481481481482 0.3734375 0.48703703703703705 0.38385416666666666 0.48518518518518516
0 0.5770833333333333 0.4759259259259259 0.5927083333333333 0.48333333333333334 0.6026041666666667 0.47962962962962963 0.6057291666666667 0.4861111111111111 0.60625 0.49444444444444446 0.6046875 0.5046296296296297 0.6005208333333333 0.5120370370370371 0.5958333333333333 0.5111111111111111 0.5916666666666667 0.5018518518518519 0.5708333333333333 0.4925925925925926 0.5708333333333333 0.47962962962962963 0.5765625 0.4759259259259259
0 0.43333333333333335 0.35 0.4390625 0.3574074074074074 0.50625 0.37777777777777777 0.5088541666666667 0.3814814814814815 0.5088541666666667 0.38981481481481484 0.5067708333333333 0.39166666666666666 0.47708333333333336 0.38333333333333336 0.4546875 0.3731481481481482 0.43072916666666666 0.3712962962962963 0.42864583333333334 0.36944444444444446 0.428125 0.3592592592592593 0.42916666666666664 0.3527777777777778 0.4328125 0.35
0 0.6713541666666667 0.6046296296296296 0.6729166666666667 0.6083333333333333 0.6723958333333333 0.6268518518518519 0.6713541666666667 0.6324074074074074 0.6671875 0.6370370370370371 0.6598958333333333 0.6342592592592593 0.6578125 0.6240740740740741 0.6661458333333333 0.6046296296296296 0.6708333333333333 0.6046296296296296
0 0.5817708333333333 0.3731481481481482 0.5875 0.3851851851851852 0.6 0.3990740740740741 0.5989583333333334 0.4101851851851852 0.5947916666666667 0.4101851851851852 0.575 0.3925925925925926 0.5744791666666667 0.38055555555555554 0.5776041666666667 0.37407407407407406 0.58125 0.3731481481481482
0 0.6203125 0.4388888888888889 0.6244791666666667 0.44166666666666665 0.6270833333333333 0.44907407407407407 0.6208333333333333 0.46574074074074073 0.6161458333333333 0.47129629629629627 0.6130208333333333 0.46944444444444444 0.6125 0.45925925925925926 0.6151041666666667 0.4462962962962963 0.6197916666666666 0.4388888888888889
0 0.6942708333333333 0.487962962962963 0.6979166666666666 0.4981481481481482 0.6859375 0.5212962962962963 0.6822916666666666 0.5092592592592593 0.6885416666666667 0.4888888888888889 0.69375 0.487962962962963
0 0.47760416666666666 0.4074074074074074 0.5 0.41759259259259257 0.5109375 0.4148148148148148 0.515625 0.42685185185185187 0.5140625 0.43703703703703706 0.5104166666666666 0.44537037037037036 0.503125 0.44166666666666665 0.496875 0.43425925925925923 0.46822916666666664 0.42407407407407405 0.4666666666666667 0.4101851851851852 0.46875 0.4064814814814815 0.47708333333333336 0.4074074074074074
2 0.49973958333333335 0.3976851851851852 0.008854166666666666 0.008333333333333333
2 0.6458333333333334 0.5296296296296297 0.6510416666666666 0.5361111111111111 0.6505208333333333 0.5435185185185185 0.6484375 0.5462962962962963 0.6411458333333333 0.5462962962962963 0.6359375 0.5398148148148149 0.6354166666666666 0.5361111111111111 0.6375 0.5314814814814814 0.6453125 0.5296296296296297
2 0.6567708333333333 0.38055555555555554 0.6645833333333333 0.3861111111111111 0.6666666666666666 0.39166666666666666 0.6661458333333333 0.3990740740740741 0.6609375 0.4046296296296296 0.6505208333333333 0.40370370370370373 0.6421875 0.39351851851851855 0.6458333333333334 0.38333333333333336 0.65625 0.38055555555555554
2 0.45989583333333334 0.6898148148148148 0.46197916666666666 0.6935185185185185 0.46197916666666666 0.6990740740740741 0.4588541666666667 0.7027777777777777 0.453125 0.7018518518518518 0.45208333333333334 0.6944444444444444 0.4546875 0.6898148148148148 0.459375 0.6898148148148148
2 0.33229166666666665 0.47685185185185186 0.33229166666666665 0.46944444444444444 0.3359375 0.46574074074074073 0.3416666666666667 0.46574074074074073 0.34375 0.47314814814814815 0.33958333333333335 0.4787037037037037 0.3328125 0.47685185185185186
2 0.5901041666666667 0.4203703703703704 0.5942708333333333 0.425 0.5942708333333333 0.4287037037037037 0.590625 0.4324074074074074 0.5838541666666667 0.4287037037037037 0.5854166666666667 0.4212962962962963 0.5895833333333333 0.4203703703703704
2 0.40989583333333335 0.40370370370370373 0.014583333333333334 0.014814814814814815
2 0.6994791666666667 0.5925925925925926 0.7020833333333333 0.5972222222222222 0.6994791666666667 0.6037037037037037 0.6958333333333333 0.6027777777777777 0.6932291666666667 0.5981481481481481 0.69375 0.5935185185185186 0.6989583333333333 0.5925925925925926
2 0.42239583333333336 0.5990740740740741 0.42552083333333335 0.600925925925926 0.428125 0.6074074074074074 0.4265625 0.6157407407407407 0.42239583333333336 0.6194444444444445 0.41458333333333336 0.6185185185185185 0.4119791666666667 0.6129629629629629 0.4119791666666667 0.6074074074074074 0.41458333333333336 0.6018518518518519 0.421875 0.5990740740740741
2 0.5317708333333333 0.5259259259259259 0.5411458333333333 0.5324074074074074 0.5442708333333334 0.5425925925925926 0.5416666666666666 0.5518518518518518 0.5359375 0.5564814814814815 0.5244791666666667 0.5537037037037037 0.515625 0.5462962962962963 0.515625 0.537962962962963 0.5182291666666666 0.5305555555555556 0.5223958333333333 0.5268518518518519 0.53125 0.5259259259259259
2 0.5880208333333333 0.5574074074074075 0.5916666666666667 0.562037037037037 0.5916666666666667 0.5675925925925925 0.5869791666666667 0.5722222222222222 0.58125 0.5694444444444444 0.5796875 0.5638888888888889 0.5828125 0.5574074074074075 0.5875 0.5574074074074075
2 0.32864583333333336 0.5601851851851852 0.33489583333333334 0.5685185185185185 0.3359375 0.5805555555555556 0.33125 0.5888888888888889 0.32083333333333336 0.5944444444444444 0.31354166666666666 0.5935185185185186 0.3072916666666667 0.5879629629629629 0.3067708333333333 0.5740740740740741 0.31666666666666665 0.562037037037037 0.328125 0.5601851851851852
2 0.43802083333333336 0.4263888888888889 0.014583333333333334 0.01574074074074074
2 0.39166666666666666 0.3333333333333333 0.3958333333333333 0.3388888888888889 0.3958333333333333 0.3453703703703704 0.39375 0.35 0.3880208333333333 0.3527777777777778 0.37604166666666666 0.35185185185185186 0.3734375 0.3416666666666667 0.3802083333333333 0.33425925925925926 0.39114583333333336 0.3333333333333333
2 0.36041666666666666 0.40555555555555556 0.3640625 0.4074074074074074 0.3671875 0.41759259259259257 0.3651041666666667 0.425 0.35625 0.43148148148148147 0.3453125 0.42962962962962964 0.3416666666666667 0.42407407407407405 0.3416666666666667 0.41759259259259257 0.3494791666666667 0.4074074074074074 0.35989583333333336 0.40555555555555556
2 0.45 0.32592592592592595 0.4546875 0.33055555555555555 0.4546875 0.33611111111111114 0.4473958333333333 0.3425925925925926 0.4390625 0.34074074074074073 0.43697916666666664 0.33796296296296297 0.43697916666666664 0.3333333333333333 0.44114583333333335 0.32685185185185184 0.44947916666666665 0.32592592592592595
2 0.5161458333333333 0.5444444444444444 0.5208333333333334 0.5527777777777778 0.5239583333333333 0.5537037037037037 0.5177083333333333 0.5555555555555556 0.5171875 0.5601851851851852 0.5203125 0.5638888888888889 0.5265625 0.5648148148148148 0.528125 0.5564814814814815 0.5364583333333334 0.5583333333333333 0.5364583333333334 0.5648148148148148 0.5338541666666666 0.5703703703703704 0.5260416666666666 0.575 0.515625 0.5722222222222222 0.5098958333333333 0.5638888888888889 0.5088541666666667 0.5555555555555556 0.5104166666666666 0.55 0.515625 0.5444444444444444
2 0.5057291666666667 0.30833333333333335 0.5104166666666666 0.31296296296296294 0.5109375 0.32037037037037036 0.509375 0.325 0.5026041666666666 0.3287037037037037 0.4942708333333333 0.32685185185185184 0.4895833333333333 0.3175925925925926 0.4942708333333333 0.30925925925925923 0.5052083333333334 0.30833333333333335
2 0.5822916666666667 0.2953703703703704 0.5885416666666666 0.2935185185185185 0.5911458333333334 0.3 0.584375 0.30277777777777776 0.5822916666666667 0.2962962962962963
2 0.7026041666666667 0.3851851851851852 0.70625 0.4009259259259259 0.7026041666666667 0.41203703703703703 0.696875 0.4166666666666667 0.6885416666666667 0.4148148148148148 0.6848958333333334 0.4064814814814815 0.6848958333333334 0.39537037037037037 0.6911458333333333 0.38333333333333336 0.696875 0.3814814814814815 0.7020833333333333 0.3851851851851852
2 0.6817708333333333 0.5148148148148148 0.6854166666666667 0.5194444444444445 0.6828125 0.524074074074074 0.678125 0.524074074074074 0.675 0.5185185185185185 0.6776041666666667 0.5148148148148148 0.68125 0.5148148148148148
2 0.44166666666666665 0.6944444444444444 0.4427083333333333 0.7027777777777777 0.44114583333333335 0.7055555555555556 0.4354166666666667 0.7055555555555556 0.43333333333333335 0.7018518518518518 0.4348958333333333 0.6944444444444444 0.44114583333333335 0.6944444444444444
1 0.9875 0.47685185185185186 0.025 0.12777777777777777
1 0.9317708333333333 0.5842592592592593 0.9463541666666667 0.5981481481481481 0.9505208333333334 0.6055555555555555 0.9515625 0.6157407407407407 0.9473958333333333 0.6305555555555555 0.9609375 0.6546296296296297 0.9630208333333333 0.6638888888888889 0.9614583333333333 0.6759259259259259 0.95625 0.6861111111111111 0.9473958333333333 0.7148148148148148 0.9390625 0.7555555555555555 0.934375 0.7620370370370371 0.9260416666666667 0.7620370370370371 0.9046875 0.7481481481481481 0.8869791666666667 0.7305555555555555 0.8791666666666667 0.7166666666666667 0.8802083333333334 0.7018518518518518 0.8921875 0.6685185185185185 0.8932291666666666 0.6564814814814814 0.9010416666666666 0.6240740740740741 0.909375 0.6157407407407407 0.9255208333333333 0.6175925925925926 0.9302083333333333 0.6092592592592593 0.93125 0.6027777777777777 0.9276041666666667 0.5851851851851851 0.93125 0.5842592592592593
1 0.978125 0.5851851851851851 0.9817708333333334 0.5888888888888889 0.9828125 0.5953703703703703 0.9822916666666667 0.6351851851851852 0.9895833333333334 0.6583333333333333 0.9895833333333334 0.6777777777777778 0.9744791666666667 0.7324074074074074 0.9682291666666667 0.7416666666666667 0.9598958333333333 0.7435185185185185 0.9505208333333334 0.7425925925925926 0.9453125 0.7379629629629629 0.9479166666666666 0.7166666666666667 0.9640625 0.6685185185185185 0.9614583333333333 0.6546296296296297 0.9515625 0.6351851851851852 0.9510416666666667 0.6296296296296297 0.95625 0.6231481481481481 0.9604166666666667 0.6222222222222222 0.971875 0.6018518518518519 0.9739583333333334 0.5879629629629629 0.9776041666666667 0.5851851851851851
1 0.9307291666666667 0.5361111111111111 0.9494791666666667 0.5398148148148149 0.9526041666666667 0.5425925925925926 0.9526041666666667 0.5481481481481482 0.9364583333333333 0.5583333333333333 0.9296875 0.5768518518518518 0.9208333333333333 0.587037037037037 0.9192708333333334 0.5953703703703703 0.9140625 0.5990740740740741 0.9119791666666667 0.6055555555555555 0.9125 0.6111111111111112 0.9 0.6240740740740741 0.8880208333333334 0.6759259259259259 0.8822916666666667 0.6722222222222223 0.878125 0.6620370370370371 0.8776041666666666 0.6351851851851852 0.8807291666666667 0.6194444444444445 0.890625 0.5962962962962963 0.9015625 0.587037037037037 0.9078125 0.5740740740740741 0.9145833333333333 0.5685185185185185 0.9177083333333333 0.5537037037037037 0.9182291666666667 0.5388888888888889 0.9302083333333333 0.5361111111111111
1 0.23854166666666668 0.19814814814814816 0.24427083333333333 0.20185185185185187 0.24791666666666667 0.225 0.2552083333333333 0.24722222222222223 0.2640625 0.3296296296296296 0.2640625 0.3416666666666667 0.2598958333333333 0.3453703703703704 0.240625 0.34444444444444444 0.23541666666666666 0.3148148148148148 0.23072916666666668 0.2814814814814815 0.22864583333333333 0.2462962962962963 0.23072916666666668 0.225 0.23020833333333332 0.20277777777777778 0.23802083333333332 0.19814814814814816
1 0.21145833333333333 0.20925925925925926 0.21510416666666668 0.22314814814814815 0.22395833333333334 0.23333333333333334 0.23489583333333333 0.3277777777777778 0.23802083333333332 0.3425925925925926 0.2375 0.3453703703703704 0.215625 0.34814814814814815 0.2109375 0.34629629629629627 0.209375 0.3416666666666667 0.20520833333333333 0.2972222222222222 0.19583333333333333 0.24351851851851852 0.19583333333333333 0.23703703703703705 0.19947916666666668 0.225 0.19895833333333332 0.21296296296296297 0.20364583333333333 0.20833333333333334 0.2109375 0.20925925925925926