0 0.3958333333333333 0.8388888888888889 0.4015625 0.8972222222222223 0.40677083333333336 0.9055555555555556 0.40572916666666664 0.9120370370370371 0.39739583333333334 0.9166666666666666 0.39010416666666664 0.9157407407407407 0.3927083333333333 0.9037037037037037 0.38697916666666665 0.8481481481481481 0.3880208333333333 0.8398148148148148 0.3953125 0.8388888888888889
0 0.3958333333333333 0.7805555555555556 0.3984375 0.7851851851851852 0.396875 0.8111111111111111 0.39375 0.812037037037037 0.3921875 0.8092592592592592 0.3890625 0.7907407407407407 0.39010416666666664 0.7833333333333333 0.3953125 0.7814814814814814
0 0.5682291666666667 0.5046296296296297 0.5703125 0.5101851851851852 0.56875 0.5203703703703704 0.5416666666666666 0.5592592592592592 0.534375 0.5657407407407408 0.5104166666666666 0.6092592592592593 0.5052083333333334 0.6064814814814815 0.5026041666666666 0.5990740740740741 0.5026041666666666 0.5925925925925926 0.5234375 0.5675925925925925 0.5614583333333333 0.5055555555555555 0.5651041666666666 0.5027777777777778 0.5677083333333334 0.5046296296296297
0 0.47604166666666664 0.6027777777777777 0.48125 0.612037037037037 0.47760416666666666 0.6240740740740741 0.47239583333333335 0.6222222222222222 0.465625 0.6083333333333333 0.46822916666666664 0.6 0.47552083333333334 0.6027777777777777
0 0.5510416666666667 0.8416666666666667 0.5552083333333333 0.8546296296296296 0.5526041666666667 0.8666666666666667 0.5416666666666666 0.8666666666666667 0.5260416666666666 0.8740740740740741 0.5203125 0.8722222222222222 0.5192708333333333 0.8638888888888889 0.5208333333333334 0.8592592592592593 0.5463541666666667 0.8416666666666667 0.5505208333333333 0.8416666666666667
0 0.44427083333333334 0.674074074074074 0.4484375 0.6777777777777778 0.44895833333333335 0.6898148148148148 0.43854166666666666 0.737037037037037 0.4390625 0.7555555555555555 0.4317708333333333 0.7666666666666667 0.42135416666666664 0.762962962962963 0.4171875 0.7546296296296297 0.4166666666666667 0.7472222222222222 0.42604166666666665 0.7296296296296296 0.43697916666666664 0.6777777777777778 0.440625 0.6731481481481482 0.44375 0.674074074074074
0 0.5270833333333333 0.8138888888888889 0.5364583333333334 0.825 0.5401041666666667 0.8333333333333334 0.5385416666666667 0.8425925925925926 0.5328125 0.8481481481481481 0.5286458333333334 0.8453703703703703 0.5265625 0.8333333333333334 0.5223958333333333 0.8231481481481482 0.5229166666666667 0.8166666666666667 0.5265625 0.8138888888888889
0 0.5364583333333334 0.7296296296296296 0.5421875 0.7361111111111112 0.5432291666666667 0.7509259259259259 0.5395833333333333 0.762962962962963 0.5348958333333333 0.7648148148148148 0.5286458333333334 0.7601851851851852 0.5083333333333333 0.762962962962963 0.5057291666666667 0.7546296296296297 0.50625 0.75 0.5109375 0.7425925925925926 0.5265625 0.7379629629629629 0.5302083333333333 0.7305555555555555 0.5359375 0.7296296296296296
0 0.375 0.5046296296296297 0.3859375 0.5083333333333333 0.4265625 0.5120370370370371 0.4296875 0.5138888888888888 0.43072916666666666 0.5194444444444445 0.4276041666666667 0.525 0.3875 0.5194444444444445 0.3729166666666667 0.5212962962962963 0.3703125 0.5148148148148148 0.37135416666666665 0.5083333333333333 0.37447916666666664 0.5046296296296297
0 0.5046875 0.6824074074074075 0.5072916666666667 0.6907407407407408 0.5098958333333333 0.7435185185185185 0.50625 0.7490740740740741 0.50625 0.762962962962963 0.503125 0.7685185185185185 0.4984375 0.7648148148148148 0.49114583333333334 0.7083333333333334 0.4859375 0.700925925925926 0.48541666666666666 0.6925925925925925 0.49375 0.6842592592592592 0.5041666666666667 0.6824074074074075
0 0.4661458333333333 0.7472222222222222 0.46875 0.7546296296296297 0.465625 0.7851851851851852 0.4671875 0.8027777777777778 0.4661458333333333 0.8074074074074075 0.46145833333333336 0.8111111111111111 0.45364583333333336 0.8083333333333333 0.45 0.8037037037037037 0.44947916666666665 0.7972222222222223 0.4557291666666667 0.7861111111111111 0.4583333333333333 0.75 0.46145833333333336 0.7462962962962963 0.465625 0.7472222222222222
0 0.3875 0.5194444444444445 0.39427083333333335 0.5212962962962963 0.396875 0.5259259259259259 0.39791666666666664 0.5407407407407407 0.3953125 0.5518518518518518 0.3859375 0.5518518518518518 0.38333333333333336 0.5212962962962963 0.38697916666666665 0.5194444444444445
2 0.55 0.39814814814814814 0.5546875 0.40370370370370373 0.5583333333333333 0.4212962962962963 0.5572916666666666 0.43703703703703706 0.5541666666666667 0.4462962962962963 0.55 0.45092592592592595 0.5442708333333334 0.45 0.5401041666666667 0.44351851851851853 0.5375 0.42777777777777776 0.5380208333333333 0.41574074074074074 0.5411458333333333 0.4046296296296296 0.5494791666666666 0.39814814814814814
2 0.47291666666666665 0.8972222222222223 0.47760416666666666 0.9101851851851852 0.4796875 0.924074074074074 0.4791666666666667 0.9361111111111111 0.47604166666666664 0.9435185185185185 0.4703125 0.9407407407407408 0.4640625 0.9231481481481482 0.4640625 0.9092592592592592 0.4661458333333333 0.899074074074074 0.46822916666666664 0.8962962962962963 0.47239583333333335 0.8972222222222223
2 0.4296875 0.38842592592592595 0.005208333333333333 0.013888888888888888
2 0.4114583333333333 0.5694444444444444 0.415625 0.5768518518518518 0.41510416666666666 0.5898148148148148 0.4114583333333333 0.5925925925925926 0.4083333333333333 0.5879629629629629 0.4083333333333333 0.575 0.4109375 0.5703703703703704
2 0.4640625 0.47129629629629627 0.465625 0.4777777777777778 0.4640625 0.4842592592592593 0.46145833333333336 0.4842592592592593 0.46041666666666664 0.48055555555555557 0.4609375 0.47314814814814815 0.4635416666666667 0.47129629629629627
2 0.5291666666666667 0.2759259259259259 0.5338541666666666 0.28703703703703703 0.534375 0.3055555555555556 0.53125 0.3175925925925926 0.5255208333333333 0.325 0.5208333333333334 0.32407407407407407 0.5177083333333333 0.3194444444444444 0.515625 0.29907407407407405 0.5208333333333334 0.2777777777777778 0.5260416666666666 0.2740740740740741 0.5286458333333334 0.2759259259259259
2 0.41822916666666665 0.39444444444444443 0.42135416666666664 0.40185185185185185 0.42135416666666664 0.4111111111111111 0.41822916666666665 0.41759259259259257 0.415625 0.4166666666666667 0.41354166666666664 0.4111111111111111 0.4140625 0.4009259259259259 0.41770833333333335 0.39444444444444443
2 0.4015625 0.33425925925925926 0.40572916666666664 0.34444444444444444 0.40572916666666664 0.3574074074074074 0.4036458333333333 0.3648148148148148 0.3984375 0.3648148148148148 0.3958333333333333 0.35555555555555557 0.396875 0.34074074074074073 0.4010416666666667 0.3351851851851852
2 0.4278645833333333 0.5509259259259259 0.0067708333333333336 0.018518518518518517
2 0.49375 0.41944444444444445 0.49583333333333335 0.42592592592592593 0.49583333333333335 0.4351851851851852 0.49322916666666666 0.4398148148148148 0.4890625 0.4361111111111111 0.48802083333333335 0.42962962962962964 0.4890625 0.4222222222222222 0.49322916666666666 0.41944444444444445
2 0.4890625 0.8231481481481482 0.017708333333333333 0.05
2 0.4609375 0.9287037037037037 0.46510416666666665 0.9361111111111111 0.4671875 0.9472222222222222 0.4671875 0.9657407407407408 0.46458333333333335 0.9731481481481481 0.4583333333333333 0.9694444444444444 0.45260416666666664 0.9527777777777777 0.45364583333333336 0.9324074074074075 0.4578125 0.9268518518518518 0.46041666666666664 0.9287037037037037
2 0.5401041666666667 0.8194444444444444 0.011458333333333333 0.03148148148148148
2 0.490625 0.5351851851851852 0.4947916666666667 0.5398148148148149 0.4979166666666667 0.5518518518518518 0.4973958333333333 0.5712962962962963 0.4921875 0.5824074074074074 0.4859375 0.5796296296296296 0.48125 0.562962962962963 0.48125 0.5518518518518518 0.48385416666666664 0.5398148148148149 0.4901041666666667 0.5351851851851852
2 0.40572916666666664 0.3861111111111111 0.4083333333333333 0.39166666666666666 0.4078125 0.40185185185185185 0.4046875 0.40370370370370373 0.40260416666666665 0.4 0.40260416666666665 0.3907407407407407 0.40520833333333334 0.387037037037037
2 0.5854166666666667 0.5731481481481482 0.5880208333333333 0.5796296296296296 0.5859375 0.5898148148148148 0.5822916666666667 0.5888888888888889 0.5807291666666666 0.5833333333333334 0.58125 0.5768518518518518 0.5848958333333333 0.5731481481481482
2 0.5765625 0.7324074074074074 0.5802083333333333 0.7444444444444445 0.5791666666666667 0.7518518518518519 0.5755208333333334 0.7555555555555555 0.5713541666666667 0.75 0.5703125 0.737037037037037 0.5729166666666666 0.7314814814814815 0.5760416666666667 0.7324074074074074
2 0.4015625 0.6583333333333333 0.40677083333333336 0.6694444444444444 0.40729166666666666 0.6814814814814815 0.40572916666666664 0.6888888888888889 0.4036458333333333 0.6916666666666667 0.4 0.6907407407407408 0.39739583333333334 0.6833333333333333 0.39739583333333334 0.662962962962963 0.4010416666666667 0.6592592592592592
2 0.5078125 0.8 0.5088541666666667 0.8018518518518518 0.5114583333333333 0.7981481481481482 0.5109375 0.7925925925925926 0.5067708333333333 0.7851851851851852 0.5046875 0.7935185185185185 0.5072916666666667 0.8
1 0.346875 0.026851851851851852 0.40625 0.05277777777777778 0.40520833333333334 0.08425925925925926 0.378125 0.08796296296296297 0.34322916666666664 0.07777777777777778 0.3359375 0.062037037037037036 0.32864583333333336 0.05648148148148148 0.32760416666666664 0.04537037037037037 0.3302083333333333 0.03333333333333333 0.33958333333333335 0.03333333333333333 0.34270833333333334 0.027777777777777776 0.3463541666666667 0.026851851851851852
1 0.3515625 0.08425925925925926 0.39010416666666664 0.09074074074074075 0.40572916666666664 0.1 0.40625 0.13796296296296295 0.40260416666666665 0.14814814814814814 0.35625 0.13240740740740742 0.3411458333333333 0.12314814814814815 0.33697916666666666 0.11666666666666667 0.32395833333333335 0.1111111111111111 0.3223958333333333 0.09537037037037037 0.325 0.08796296296296297 0.3380208333333333 0.08981481481481482 0.35104166666666664 0.08425925925925926