0 0.6604166666666667 0.3277777777777778 0.6630208333333333 0.3351851851851852 0.6630208333333333 0.3453703703703704 0.6614583333333334 0.35648148148148145 0.6588541666666666 0.3592592592592593 0.6515625 0.35 0.6192708333333333 0.35462962962962963 0.6171875 0.35 0.6171875 0.34074074074074073 0.6208333333333333 0.33611111111111114 0.6510416666666666 0.33425925925925926 0.6567708333333333 0.32685185185185184 0.6598958333333333 0.3277777777777778
0 0.6953125 0.6166666666666667 0.7010416666666667 0.6231481481481481 0.7026041666666667 0.6296296296296297 0.7020833333333333 0.6370370370370371 0.6984375 0.6416666666666667 0.6916666666666667 0.6407407407407407 0.6848958333333334 0.6175925925925926 0.6848958333333334 0.6101851851851852 0.6880208333333333 0.6074074074074074 0.6911458333333333 0.6083333333333333 0.6947916666666667 0.6166666666666667
0 0.675 0.37592592592592594 0.6786458333333333 0.38333333333333336 0.678125 0.3962962962962963 0.675 0.40185185185185185 0.6677083333333333 0.40370370370370373 0.6552083333333333 0.4148148148148148 0.65 0.4111111111111111 0.6489583333333333 0.40185185185185185 0.6619791666666667 0.387037037037037 0.6682291666666667 0.375 0.6744791666666666 0.37592592592592594
0 0.6854166666666667 0.4444444444444444 0.6911458333333333 0.45092592592592595 0.7208333333333333 0.45092592592592595 0.7234375 0.4537037037037037 0.7239583333333334 0.45925925925925926 0.7229166666666667 0.46944444444444444 0.7203125 0.4740740740740741 0.6932291666666667 0.4759259259259259 0.6859375 0.48148148148148145 0.6786458333333333 0.4777777777777778 0.6765625 0.4675925925925926 0.6786458333333333 0.44907407407407407 0.6848958333333334 0.4444444444444444
0 0.49166666666666664 0.49537037037037035 0.5015625 0.49444444444444446 0.5046875 0.4981481481481482 0.503125 0.5083333333333333 0.4979166666666667 0.5120370370370371 0.4901041666666667 0.5111111111111111 0.48385416666666664 0.5055555555555555 0.4869791666666667 0.49444444444444446 0.49114583333333334 0.49537037037037035
0 0.4875 0.30648148148148147 0.49635416666666665 0.3055555555555556 0.5005208333333333 0.3175925925925926 0.49322916666666666 0.35462962962962963 0.490625 0.3574074074074074 0.48489583333333336 0.35648148148148145 0.4828125 0.35185185185185186 0.48385416666666664 0.3175925925925926 0.4875 0.3074074074074074
0 0.4859375 0.5083333333333333 0.5645833333333333 0.5388888888888889 0.5744791666666667 0.5351851851851852 0.5760416666666667 0.5481481481481482 0.5755208333333334 0.5564814814814815 0.5729166666666666 0.5611111111111111 0.5578125 0.55 0.48072916666666665 0.524074074074074 0.478125 0.5194444444444445 0.4786458333333333 0.5120370370370371 0.48541666666666666 0.5083333333333333
0 0.509375 0.5675925925925925 0.6458333333333334 0.6287037037037037 0.6510416666666666 0.6277777777777778 0.6541666666666667 0.6203703703703703 0.6598958333333333 0.6222222222222222 0.6619791666666667 0.6259259259259259 0.6619791666666667 0.6388888888888888 0.6578125 0.6712962962962963 0.6546875 0.6731481481481482 0.6484375 0.6694444444444444 0.6447916666666667 0.6583333333333333 0.6364583333333333 0.6509259259259259 0.5010416666666667 0.5953703703703703 0.4973958333333333 0.5879629629629629 0.4979166666666667 0.575925925925926 0.5026041666666666 0.5666666666666667 0.5088541666666667 0.5675925925925925
0 0.5640625 0.33611111111111114 0.5697916666666667 0.337037037037037 0.61875 0.3074074074074074 0.6234375 0.3074074074074074 0.6244791666666667 0.31666666666666665 0.615625 0.325 0.5838541666666667 0.3388888888888889 0.5651041666666666 0.35555555555555557 0.5609375 0.3537037037037037 0.5588541666666667 0.3453703703703704 0.559375 0.3388888888888889 0.5635416666666667 0.337037037037037
0 0.6333333333333333 0.5555555555555556 0.6515625 0.5638888888888889 0.6505208333333333 0.5731481481481482 0.6364583333333333 0.5777777777777777 0.6317708333333333 0.5777777777777777 0.6302083333333334 0.5722222222222222 0.6302083333333334 0.5574074074074075 0.6328125 0.5555555555555556
0 0.44114583333333335 0.4203703703703704 0.44375 0.42592592592592593 0.4421875 0.43703703703703706 0.42864583333333334 0.46111111111111114 0.4234375 0.45925925925925926 0.4234375 0.44814814814814813 0.43385416666666665 0.41759259259259257 0.4390625 0.41759259259259257 0.440625 0.4203703703703704
2 0.6578125 0.3814814814814815 0.6619791666666667 0.3861111111111111 0.65 0.4009259259259259 0.6442708333333333 0.39814814814814814 0.6416666666666667 0.3925925925925926 0.6421875 0.387037037037037 0.6489583333333333 0.38055555555555554 0.6572916666666667 0.3814814814814815
2 0.478125 0.587037037037037 0.48072916666666665 0.5907407407407408 0.48072916666666665 0.5953703703703703 0.478125 0.5981481481481481 0.4739583333333333 0.5981481481481481 0.471875 0.5944444444444444 0.4734375 0.5879629629629629 0.47760416666666666 0.587037037037037
2 0.359375 0.34629629629629627 0.3625 0.3509259259259259 0.3625 0.3574074074074074 0.35833333333333334 0.362962962962963 0.3494791666666667 0.36574074074074076 0.3416666666666667 0.362962962962963 0.33958333333333335 0.3574074074074074 0.34010416666666665 0.3527777777777778 0.3484375 0.3453703703703704 0.35885416666666664 0.34629629629629627
2 0.49895833333333334 0.39351851851851855 0.49895833333333334 0.4 0.49322916666666666 0.4 0.4921875 0.3972222222222222 0.4942708333333333 0.3925925925925926 0.4984375 0.39351851851851855
2 0.48072916666666665 0.47129629629629627 0.48854166666666665 0.46944444444444444 0.49114583333333334 0.4759259259259259 0.4895833333333333 0.48055555555555557 0.48333333333333334 0.48148148148148145 0.48072916666666665 0.47962962962962963 0.48072916666666665 0.4722222222222222
2 0.5872395833333334 0.38842592592592595 0.009895833333333333 0.010185185185185186
2 0.3296875 0.4787037037037037 0.32916666666666666 0.4703703703703704 0.3328125 0.4666666666666667 0.3380208333333333 0.4675925925925926 0.34010416666666665 0.475 0.3359375 0.48055555555555557 0.3302083333333333 0.4787037037037037
2 0.5989583333333334 0.4703703703703704 0.6052083333333333 0.4675925925925926 0.6072916666666667 0.47314814814814815 0.6057291666666667 0.4759259259259259 0.6010416666666667 0.4759259259259259 0.5994791666666667 0.47129629629629627
2 0.4505208333333333 0.32592592592592595 0.45416666666666666 0.3296296296296296 0.4546875 0.3351851851851852 0.44947916666666665 0.3416666666666667 0.4395833333333333 0.3398148148148148 0.43697916666666664 0.3333333333333333 0.4421875 0.32592592592592595 0.45 0.32592592592592595
2 0.37864583333333335 0.3138888888888889 0.38333333333333336 0.3194444444444444 0.38333333333333336 0.3277777777777778 0.3729166666666667 0.3333333333333333 0.36354166666666665 0.33055555555555555 0.3619791666666667 0.32222222222222224 0.36822916666666666 0.3148148148148148 0.378125 0.3138888888888889
2 0.4078125 0.3962962962962963 0.4125 0.40185185185185185 0.4119791666666667 0.4074074074074074 0.4078125 0.4111111111111111 0.39895833333333336 0.4074074074074074 0.4005208333333333 0.39814814814814814 0.40729166666666666 0.3962962962962963
2 0.4276041666666667 0.5712962962962963 0.43072916666666666 0.575 0.43125 0.5814814814814815 0.42604166666666665 0.5898148148148148 0.4171875 0.587037037037037 0.415625 0.5777777777777777 0.421875 0.5703703703703704 0.4270833333333333 0.5712962962962963
2 0.3640625 0.6185185185185185 0.371875 0.6240740740740741 0.37447916666666664 0.6296296296296297 0.375 0.637962962962963 0.3697916666666667 0.65 0.359375 0.6564814814814814 0.34791666666666665 0.6537037037037037 0.34479166666666666 0.649074074074074 0.34375 0.6388888888888888 0.34479166666666666 0.6324074074074074 0.35052083333333334 0.6231481481481481 0.36354166666666665 0.6185185185185185
2 0.41875 0.41388888888888886 0.421875 0.4222222222222222 0.41770833333333335 0.4287037037037037 0.4109375 0.42777777777777776 0.4078125 0.4203703703703704 0.4119791666666667 0.41388888888888886 0.41822916666666665 0.41388888888888886
2 0.384375 0.4444444444444444 0.39010416666666664 0.45185185185185184 0.38958333333333334 0.462037037037037 0.38333333333333336 0.46944444444444444 0.3765625 0.47129629629629627 0.36614583333333334 0.4666666666666667 0.3645833333333333 0.45555555555555555 0.3729166666666667 0.4444444444444444 0.38385416666666666 0.4444444444444444
2 0.5510416666666667 0.4388888888888889 0.5572916666666666 0.4361111111111111 0.559375 0.44074074074074077 0.5572916666666666 0.4444444444444444 0.5526041666666667 0.44351851851851853 0.5515625 0.4398148148148148
2 0.44375 0.29814814814814816 0.4473958333333333 0.30185185185185187 0.4484375 0.3101851851851852 0.4395833333333333 0.3175925925925926 0.4317708333333333 0.3138888888888889 0.43020833333333336 0.30648148148148147 0.4348958333333333 0.29814814814814816 0.4432291666666667 0.29814814814814816
2 0.5854166666666667 0.5574074074074075 0.5916666666666667 0.562962962962963 0.5916666666666667 0.5685185185185185 0.5885416666666666 0.5722222222222222 0.584375 0.5722222222222222 0.5796875 0.5675925925925925 0.5802083333333333 0.5601851851851852 0.5848958333333333 0.5574074074074075
2 0.42864583333333334 0.5888888888888889 0.4317708333333333 0.5916666666666667 0.4317708333333333 0.5981481481481481 0.42864583333333334 0.600925925925926 0.4239583333333333 0.5981481481481481 0.4234375 0.5925925925925926 0.428125 0.5898148148148148
2 0.4395833333333333 0.48518518518518516 0.446875 0.4888888888888889 0.4510416666666667 0.49722222222222223 0.44947916666666665 0.5083333333333333 0.4401041666666667 0.5138888888888888 0.4296875 0.512962962962963 0.42552083333333335 0.5083333333333333 0.4239583333333333 0.5018518518518519 0.4270833333333333 0.49074074074074076 0.4390625 0.48518518518518516
2 0.509375 0.30925925925925923 0.5109375 0.3175925925925926 0.5046875 0.325 0.49947916666666664 0.32407407407407407 0.5 0.31666666666666665 0.4973958333333333 0.30648148148148147 0.5046875 0.3055555555555556 0.5088541666666667 0.30925925925925923
2 0.5828125 0.4212962962962963 0.5880208333333333 0.4287037037037037 0.5833333333333334 0.4351851851851852 0.5776041666666667 0.43425925925925923 0.5744791666666667 0.42962962962962964 0.5755208333333334 0.42314814814814816 0.5822916666666667 0.4212962962962963
1 0.21041666666666667 0.20833333333333334 0.21354166666666666 0.21296296296296297 0.21510416666666668 0.22407407407407406 0.22083333333333333 0.22870370370370371 0.22395833333333334 0.23703703703703705 0.23177083333333334 0.2916666666666667 0.23385416666666667 0.3277777777777778 0.23802083333333332 0.34444444444444444 0.2171875 0.34814814814814815 0.2125 0.3472222222222222 0.20989583333333334 0.3425925925925926 0.2046875 0.29444444444444445 0.19583333333333333 0.24537037037037038 0.19583333333333333 0.2351851851851852 0.19895833333333332 0.22685185185185186 0.19895833333333332 0.21296296296296297 0.20416666666666666 0.20833333333333334 0.20989583333333334 0.20833333333333334
1 0.9994791666666667 0.4740740740740741 0.9994791666666667 0.5342592592592592 0.9963541666666667 0.537962962962963 0.9869791666666666 0.5361111111111111 0.9807291666666667 0.5305555555555556 0.9755208333333333 0.5222222222222223 0.975 0.5157407407407407 0.9932291666666667 0.44722222222222224 0.9963541666666667 0.4287037037037037 0.9953125 0.4203703703703704 0.9979166666666667 0.412962962962963 0.9994791666666667 0.412962962962963 0.9994791666666667 0.47129629629629627 0.9973958333333334 0.47314814814814815 0.9989583333333333 0.4740740740740741
1 0.9265625 0.5851851851851851 0.9328125 0.5842592592592593 0.95 0.6027777777777777 0.9526041666666667 0.6148148148148148 0.9479166666666666 0.6259259259259259 0.9479166666666666 0.6324074074074074 0.9546875 0.6407407407407407 0.9630208333333333 0.6638888888888889 0.9609375 0.6768518518518518 0.9546875 0.6898148148148148 0.9473958333333333 0.7148148148148148 0.9395833333333333 0.7546296296296297 0.9322916666666666 0.762962962962963 0.9192708333333334 0.7583333333333333 0.9005208333333333 0.7444444444444445 0.8802083333333334 0.7203703703703703 0.8802083333333334 0.7027777777777777 0.8921875 0.6685185185185185 0.9005208333333333 0.625 0.9088541666666666 0.6157407407407407 0.9265625 0.6157407407407407 0.9307291666666667 0.6064814814814815 0.9307291666666667 0.5990740740740741 0.9270833333333334 0.5861111111111111
1 0.9770833333333333 0.5842592592592593 0.9807291666666667 0.5879629629629629 0.9822916666666667 0.5944444444444444 0.9828125 0.6361111111111111 0.9890625 0.6564814814814814 0.9895833333333334 0.6805555555555556 0.9744791666666667 0.7333333333333333 0.9692708333333333 0.7407407407407407 0.9635416666666666 0.7425925925925926 0.9515625 0.7425925925925926 0.9447916666666667 0.737037037037037 0.9526041666666667 0.6990740740740741 0.9640625 0.6694444444444444 0.9619791666666667 0.6564814814814814 0.9505208333333334 0.6314814814814815 0.953125 0.6259259259259259 0.9598958333333333 0.6222222222222222 0.9703125 0.6055555555555555 0.9723958333333333 0.6018518518518519 0.9739583333333334 0.587037037037037 0.9765625 0.5851851851851851
1 0.9333333333333333 0.537962962962963 0.9411458333333333 0.5398148148148149 0.9395833333333333 0.5425925925925926 0.9421875 0.5444444444444444 0.9494791666666667 0.5407407407407407 0.9526041666666667 0.5425925925925926 0.9526041666666667 0.549074074074074 0.9401041666666666 0.5546296296296296 0.9333333333333333 0.5638888888888889 0.925 0.5851851851851851 0.9255208333333333 0.6027777777777777 0.9234375 0.6055555555555555 0.9255208333333333 0.6092592592592593 0.9239583333333333 0.612037037037037 0.9114583333333334 0.612037037037037 0.9 0.6240740740740741 0.8932291666666666 0.65 0.890625 0.6694444444444444 0.8869791666666667 0.6768518518518518 0.8791666666666667 0.6657407407407407 0.8770833333333333 0.649074074074074 0.8776041666666666 0.6342592592592593 0.8833333333333333 0.6111111111111112 0.8901041666666667 0.5962962962962963 0.9020833333333333 0.587037037037037 0.9052083333333333 0.5777777777777777 0.9151041666666667 0.5666666666666667 0.9177083333333333 0.5388888888888889 0.9328125 0.537962962962963
1 0.24166666666666667 0.19907407407407407 0.24479166666666666 0.20462962962962963 0.24583333333333332 0.21574074074074073 0.25625 0.25555555555555554 0.2630208333333333 0.3287037037037037 0.2630208333333333 0.3416666666666667 0.25885416666666666 0.3453703703703704 0.2421875 0.3453703703703704 0.23958333333333334 0.3425925925925926 0.23072916666666668 0.2814814814814815 0.22864583333333333 0.25092592592592594 0.23125 0.2222222222222222 0.2296875 0.20555555555555555 0.23333333333333334 0.19907407407407407 0.24114583333333334 0.19907407407407407