0 0.49270833333333336 0.40185185185185185 0.49322916666666666 0.4148148148148148 0.4739583333333333 0.5277777777777778 0.47291666666666665 0.5537037037037037 0.46927083333333336 0.5574074074074075 0.46145833333333336 0.5527777777777778 0.46041666666666664 0.5453703703703704 0.46510416666666665 0.5361111111111111 0.46770833333333334 0.524074074074074 0.48541666666666666 0.40555555555555556 0.4875 0.4 0.4921875 0.40185185185185185
0 0.37864583333333335 0.7175925925925926 0.38385416666666666 0.725925925925926 0.39479166666666665 0.7564814814814815 0.39375 0.7648148148148148 0.3880208333333333 0.7694444444444445 0.3854166666666667 0.7685185185185185 0.36822916666666666 0.7361111111111112 0.3697916666666667 0.7231481481481481 0.375 0.7166666666666667 0.378125 0.7175925925925926
0 0.5921875 0.5555555555555556 0.6 0.5657407407407408 0.6020833333333333 0.5814814814814815 0.575 0.6296296296296297 0.5713541666666667 0.6324074074074074 0.5635416666666667 0.6268518518518519 0.5619791666666667 0.6222222222222222 0.5625 0.6111111111111112 0.5770833333333333 0.5777777777777777 0.5776041666666667 0.5685185185185185 0.5802083333333333 0.562037037037037 0.5864583333333333 0.5527777777777778 0.5916666666666667 0.5555555555555556
0 0.6078125 0.21944444444444444 0.6119791666666666 0.22592592592592592 0.6140625 0.23796296296296296 0.6125 0.24722222222222223 0.6098958333333333 0.25092592592592594 0.5614583333333333 0.275 0.5526041666666667 0.2759259259259259 0.525 0.287962962962963 0.5151041666666667 0.2953703703703704 0.5109375 0.30462962962962964 0.5036458333333333 0.31203703703703706 0.496875 0.30833333333333335 0.49166666666666664 0.2953703703703704 0.4921875 0.2777777777777778 0.49895833333333334 0.26944444444444443 0.5140625 0.2712962962962963 0.6026041666666667 0.21944444444444444 0.6072916666666667 0.21944444444444444
0 0.4947916666666667 0.6259259259259259 0.4973958333333333 0.6333333333333333 0.5010416666666667 0.6638888888888889 0.5067708333333333 0.6731481481481482 0.5067708333333333 0.6796296296296296 0.5041666666666667 0.6851851851851852 0.496875 0.6898148148148148 0.4921875 0.6888888888888889 0.48854166666666665 0.6833333333333333 0.490625 0.6657407407407407 0.4864583333333333 0.637962962962963 0.48854166666666665 0.6268518518518519 0.4942708333333333 0.6259259259259259
0 0.425 0.3731481481481482 0.4276041666666667 0.37777777777777777 0.4270833333333333 0.4009259259259259 0.4390625 0.5055555555555555 0.43802083333333336 0.5166666666666667 0.43333333333333335 0.5166666666666667 0.43125 0.5120370370370371 0.4197916666666667 0.3925925925925926 0.415625 0.3824074074074074 0.4171875 0.375 0.4244791666666667 0.3731481481481482
0 0.5729166666666666 0.7814814814814814 0.5770833333333333 0.7907407407407407 0.5760416666666667 0.8027777777777778 0.5734375 0.8064814814814815 0.5645833333333333 0.8083333333333333 0.5588541666666667 0.8055555555555556 0.5588541666666667 0.7962962962962963 0.565625 0.7851851851851852 0.5723958333333333 0.7814814814814814
0 0.4395833333333333 0.6342592592592593 0.44947916666666665 0.6694444444444444 0.44947916666666665 0.6768518518518518 0.44635416666666666 0.6796296296296296 0.44166666666666665 0.6759259259259259 0.4354166666666667 0.6564814814814814 0.42864583333333334 0.6462962962962963 0.42916666666666664 0.6388888888888888 0.4328125 0.6333333333333333 0.4390625 0.6342592592592593
0 0.48125 0.700925925925926 0.48333333333333334 0.7037037037037037 0.4828125 0.712037037037037 0.4713541666666667 0.7268518518518519 0.4671875 0.7222222222222222 0.465625 0.7129629629629629 0.46979166666666666 0.7055555555555556 0.48072916666666665 0.700925925925926
0 0.50625 0.825 0.5119791666666667 0.8314814814814815 0.49895833333333334 0.8527777777777777 0.49322916666666666 0.8462962962962963 0.49322916666666666 0.837037037037037 0.5057291666666667 0.825
0 0.4505208333333333 0.44166666666666665 0.45729166666666665 0.4444444444444444 0.4630208333333333 0.49537037037037035 0.46927083333333336 0.5175925925925926 0.46458333333333335 0.5259259259259259 0.4588541666666667 0.5287037037037037 0.45208333333333334 0.5203703703703704 0.45364583333333336 0.5009259259259259 0.4473958333333333 0.45185185185185184 0.4473958333333333 0.44537037037037036 0.45 0.44166666666666665
2 0.4432291666666667 0.4935185185185185 0.44427083333333334 0.5046296296296297 0.4421875 0.5074074074074074 0.4401041666666667 0.5046296296296297 0.4401041666666667 0.4962962962962963 0.4427083333333333 0.4935185185185185
2 0.5203125 0.7416666666666667 0.5255208333333333 0.7490740740740741 0.5255208333333333 0.7666666666666667 0.5203125 0.7694444444444445 0.5171875 0.762962962962963 0.5166666666666667 0.7490740740740741 0.5197916666666667 0.7425925925925926
2 0.44114583333333335 0.7546296296296297 0.44635416666666666 0.7722222222222223 0.44635416666666666 0.7870370370370371 0.4421875 0.7972222222222223 0.4359375 0.7935185185185185 0.4328125 0.7796296296296297 0.434375 0.7601851851851852 0.43645833333333334 0.7555555555555555 0.440625 0.7546296296296297
2 0.6130208333333333 0.4166666666666667 0.6140625 0.42777777777777776 0.6119791666666666 0.43333333333333335 0.6078125 0.4324074074074074 0.60625 0.42314814814814816 0.6083333333333333 0.4166666666666667 0.6125 0.4166666666666667
2 0.48541666666666666 0.20185185185185187 0.48802083333333335 0.20555555555555555 0.48802083333333335 0.21574074074074073 0.48489583333333336 0.22314814814814815 0.48072916666666665 0.21944444444444444 0.48125 0.2064814814814815 0.48489583333333336 0.20185185185185187
2 0.4588541666666667 0.6587962962962963 0.007291666666666667 0.019444444444444445
2 0.44583333333333336 0.3398148148148148 0.008333333333333333 0.025925925925925925
2 0.5552083333333333 0.8444444444444444 0.5583333333333333 0.8546296296296296 0.55625 0.8601851851851852 0.5520833333333334 0.8555555555555555 0.5515625 0.8490740740740741 0.5546875 0.8444444444444444
2 0.5635416666666667 0.34444444444444444 0.5666666666666667 0.3490740740740741 0.5671875 0.362962962962963 0.5625 0.3731481481481482 0.5567708333333333 0.3685185185185185 0.5557291666666667 0.35555555555555557 0.559375 0.3453703703703704 0.5630208333333333 0.34444444444444444
2 0.5234375 0.5537037037037037 0.017708333333333333 0.05185185185185185
2 0.5359375 0.6425925925925926 0.5401041666666667 0.649074074074074 0.5395833333333333 0.6611111111111111 0.5348958333333333 0.6638888888888889 0.5322916666666667 0.6574074074074074 0.5322916666666667 0.6481481481481481 0.5354166666666667 0.6435185185185185
2 0.5484375 0.1574074074074074 0.5526041666666667 0.16944444444444445 0.5526041666666667 0.18888888888888888 0.55 0.20092592592592592 0.54375 0.2101851851851852 0.5385416666666667 0.2074074074074074 0.5348958333333333 0.20092592592592592 0.5338541666666666 0.1814814814814815 0.5375 0.16574074074074074 0.5416666666666666 0.1574074074074074 0.5479166666666667 0.1574074074074074
2 0.4609375 0.37962962962962965 0.4625 0.39537037037037037 0.459375 0.4027777777777778 0.4546875 0.3990740740740741 0.45416666666666666 0.3861111111111111 0.4578125 0.37777777777777777 0.46041666666666664 0.37962962962962965
2 0.41302083333333334 0.2759259259259259 0.4166666666666667 0.28055555555555556 0.4171875 0.2851851851851852 0.4166666666666667 0.3074074074074074 0.41302083333333334 0.31574074074074077 0.409375 0.31574074074074077 0.40677083333333336 0.3111111111111111 0.40572916666666664 0.30092592592592593 0.4083333333333333 0.28055555555555556 0.4125 0.2759259259259259
2 0.4544270833333333 0.24166666666666667 0.015104166666666667 0.046296296296296294
2 0.40703125 0.4041666666666667 0.009895833333333333 0.032407407407407406
2 0.5348958333333333 0.5175925925925926 0.540625 0.5287037037037037 0.5421875 0.5472222222222223 0.5395833333333333 0.5611111111111111 0.534375 0.5666666666666667 0.5317708333333333 0.562037037037037 0.5317708333333333 0.5509259259259259 0.5364583333333334 0.5481481481481482 0.5359375 0.5370370370370371 0.5338541666666666 0.5314814814814814 0.53125 0.5324074074074074 0.5302083333333333 0.5435185185185185 0.5296875 0.537962962962963 0.525 0.5296296296296297 0.528125 0.5194444444444445 0.534375 0.5175925925925926
2 0.39739583333333334 0.4824074074074074 0.4015625 0.48703703703703705 0.403125 0.4935185185185185 0.4036458333333333 0.5055555555555555 0.4015625 0.5175925925925926 0.39895833333333336 0.5203703703703704 0.39479166666666665 0.5194444444444445 0.39166666666666666 0.5074074074074074 0.3927083333333333 0.49074074074074076 0.396875 0.48333333333333334
2 0.3848958333333333 0.6472222222222223 0.3875 0.6472222222222223 0.3890625 0.6509259259259259 0.3885416666666667 0.6611111111111111 0.3854166666666667 0.6620370370370371 0.38385416666666666 0.6583333333333333 0.3848958333333333 0.6481481481481481
2 0.4484375 0.8305555555555556 0.45208333333333334 0.8361111111111111 0.453125 0.850925925925926 0.4505208333333333 0.8611111111111112 0.44427083333333334 0.8675925925925926 0.43697916666666664 0.8638888888888889 0.434375 0.8583333333333333 0.43333333333333335 0.8481481481481481 0.43854166666666666 0.8314814814814815 0.4432291666666667 0.8287037037037037 0.4479166666666667 0.8305555555555556
2 0.5104166666666666 0.812037037037037 0.5135416666666667 0.8175925925925925 0.5125 0.8305555555555556 0.5083333333333333 0.8240740740740741 0.5098958333333333 0.812962962962963
2 0.6135416666666667 0.3824074074074074 0.615625 0.3861111111111111 0.615625 0.3962962962962963 0.6140625 0.3990740740740741 0.6104166666666667 0.3990740740740741 0.6088541666666667 0.39537037037037037 0.609375 0.3851851851851852 0.6130208333333333 0.3824074074074074
1 0.3703125 0.021296296296296296 0.3796875 0.023148148148148147 0.4119791666666667 0.03888888888888889 0.41302083333333334 0.07407407407407407 0.4109375 0.08148148148148149 0.39895833333333336 0.08055555555555556 0.3578125 0.06574074074074074 0.3453125 0.05277777777777778 0.33229166666666665 0.046296296296296294 0.3302083333333333 0.032407407407407406 0.3328125 0.021296296296296296 0.3453125 0.022222222222222223 0.3572916666666667 0.018518518518518517 0.3697916666666667 0.021296296296296296
1 0.3458333333333333 0 0.4140625 0 0.4125 0.03518518518518519 0.3515625 0.011111111111111112 0.34791666666666665 0.007407407407407408 0.3463541666666667 0.000925925925925926