0 0.4161458333333333 0.2111111111111111 0.4192708333333333 0.21296296296296297 0.42083333333333334 0.21944444444444444 0.415625 0.23055555555555557 0.41875 0.28055555555555556 0.41822916666666665 0.287962962962963 0.415625 0.2916666666666667 0.4083333333333333 0.28888888888888886 0.40677083333333336 0.23148148148148148 0.40260416666666665 0.2212962962962963 0.403125 0.21481481481481482 0.40729166666666666 0.2101851851851852 0.415625 0.2111111111111111
0 0.5692708333333333 0.1425925925925926 0.5755208333333334 0.1398148148148148 0.5796875 0.14722222222222223 0.578125 0.16111111111111112 0.5630208333333333 0.17222222222222222 0.5609375 0.16944444444444445 0.5609375 0.16018518518518518 0.5692708333333333 0.14351851851851852
0 0.440625 0.1824074074074074 0.44479166666666664 0.18888888888888888 0.44583333333333336 0.20185185185185187 0.45208333333333334 0.22407407407407406 0.4505208333333333 0.2324074074074074 0.4479166666666667 0.2351851851851852 0.4432291666666667 0.2324074074074074 0.43645833333333334 0.21203703703703702 0.42916666666666664 0.19814814814814816 0.4296875 0.19074074074074074 0.43333333333333335 0.18333333333333332 0.4401041666666667 0.1824074074074074
0 0.47942708333333334 0.14351851851851852 0.021354166666666667 0.08518518518518518
0 0.5046875 0.49444444444444446 0.5067708333333333 0.5138888888888888 0.503125 0.5287037037037037 0.496875 0.5231481481481481 0.496875 0.49722222222222223 0.49895833333333334 0.49166666666666664 0.5041666666666667 0.49444444444444446
0 0.4010416666666667 0.5 0.41875 0.512962962962963 0.4197916666666667 0.524074074074074 0.4166666666666667 0.5305555555555556 0.39739583333333334 0.5287037037037037 0.39114583333333336 0.5222222222222223 0.39114583333333336 0.5046296296296297 0.39739583333333334 0.49907407407407406 0.4005208333333333 0.5
0 0.5270833333333333 0.3648148148148148 0.5338541666666666 0.3675925925925926 0.534375 0.37407407407407406 0.5286458333333334 0.39351851851851855 0.5145833333333333 0.5287037037037037 0.5109375 0.5388888888888889 0.5052083333333334 0.5351851851851852 0.5046875 0.525 0.521875 0.3851851851851852 0.5197916666666667 0.3675925925925926 0.5265625 0.3648148148148148
0 0.575 0.2111111111111111 0.5963541666666666 0.21944444444444444 0.5973958333333333 0.22592592592592592 0.5953125 0.2361111111111111 0.5890625 0.24259259259259258 0.5848958333333333 0.2574074074074074 0.5526041666666667 0.5009259259259259 0.5494791666666666 0.5046296296296297 0.5416666666666666 0.5027777777777778 0.5375 0.49537037037037035 0.5375 0.48703703703703705 0.5723958333333333 0.24074074074074073 0.571875 0.23148148148148148 0.5677083333333334 0.22592592592592592 0.5682291666666667 0.21851851851851853 0.5708333333333333 0.21203703703703702 0.5744791666666667 0.21203703703703702
0 0.4078125 0.3861111111111111 0.4083333333333333 0.37592592592592594 0.39166666666666666 0.28888888888888886 0.39166666666666666 0.28055555555555556 0.396875 0.27870370370370373 0.4015625 0.29444444444444445 0.409375 0.3509259259259259 0.41875 0.38425925925925924 0.41770833333333335 0.39166666666666666 0.41302083333333334 0.39537037037037037 0.409375 0.39444444444444443 0.4083333333333333 0.387037037037037
0 0.540625 0.23148148148148148 0.54375 0.2574074074074074 0.54375 0.2657407407407407 0.540625 0.26851851851851855 0.5322916666666667 0.26851851851851855 0.53125 0.26481481481481484 0.5338541666666666 0.2518518518518518 0.534375 0.23333333333333334 0.5359375 0.23055555555555557 0.5401041666666667 0.23148148148148148
0 0.4635416666666667 0.6018518518518519 0.47708333333333336 0.6231481481481481 0.478125 0.6342592592592593 0.47552083333333334 0.6370370370370371 0.471875 0.6370370370370371 0.45364583333333336 0.6175925925925926 0.45364583333333336 0.6083333333333333 0.4557291666666667 0.6027777777777777 0.4583333333333333 0.6 0.4630208333333333 0.6018518518518519
2 0.4359375 0.21203703703703702 0.44427083333333334 0.23333333333333334 0.4427083333333333 0.24351851851851852 0.4395833333333333 0.24814814814814815 0.434375 0.24351851851851852 0.4328125 0.22314814814814815 0.4354166666666667 0.21296296296296297
2 0.55234375 0.5416666666666666 0.0067708333333333336 0.016666666666666666
2 0.4197916666666667 0.7444444444444445 0.42291666666666666 0.7518518518518519 0.4244791666666667 0.7675925925925926 0.42291666666666666 0.7814814814814814 0.4197916666666667 0.7851851851851852 0.415625 0.7814814814814814 0.41302083333333334 0.7694444444444445 0.41354166666666664 0.75 0.4161458333333333 0.7444444444444445 0.4192708333333333 0.7444444444444445
2 0.4421875 0.5 0.44375 0.5018518518518519 0.44375 0.5120370370370371 0.44114583333333335 0.5138888888888888 0.4395833333333333 0.5101851851851852 0.4395833333333333 0.5037037037037037 0.44166666666666665 0.5009259259259259
2 0.48802083333333335 0.5166666666666667 0.4895833333333333 0.5296296296296297 0.4869791666666667 0.5351851851851852 0.48385416666666664 0.5342592592592592 0.4822916666666667 0.5268518518518519 0.4828125 0.5203703703703704 0.4875 0.5166666666666667
2 0.43723958333333335 0.3449074074074074 0.005729166666666666 0.017592592592592594
2 0.4859375 0.7842592592592592 0.48854166666666665 0.7888888888888889 0.4890625 0.799074074074074 0.48541666666666666 0.8046296296296296 0.48125 0.7972222222222223 0.4817708333333333 0.787962962962963 0.48541666666666666 0.7842592592592592
2 0.48489583333333336 0.30925925925925923 0.4864583333333333 0.32037037037037036 0.48333333333333334 0.32407407407407407 0.4817708333333333 0.3212962962962963 0.4817708333333333 0.31296296296296294 0.484375 0.3101851851851852
2 0.40729166666666666 0.5805555555555556 0.4109375 0.5898148148148148 0.41041666666666665 0.6037037037037037 0.4078125 0.612037037037037 0.4036458333333333 0.6083333333333333 0.4015625 0.5962962962962963 0.403125 0.5833333333333334 0.40677083333333336 0.5805555555555556
2 0.4010416666666667 0.725462962962963 0.011458333333333333 0.03981481481481482
2 0.446875 0.6555555555555556 0.45 0.6638888888888889 0.4479166666666667 0.6796296296296296 0.44375 0.6787037037037037 0.44166666666666665 0.6712962962962963 0.4427083333333333 0.6583333333333333 0.44635416666666666 0.6555555555555556
2 0.5458333333333333 0.6222222222222222 0.5505208333333333 0.6314814814814815 0.55 0.6435185185185185 0.5463541666666667 0.65 0.5427083333333333 0.649074074074074 0.5395833333333333 0.6388888888888888 0.5411458333333333 0.625 0.5453125 0.6222222222222222
2 0.5776041666666667 0.7222222222222222 0.584375 0.7314814814814815 0.5880208333333333 0.75 0.5869791666666667 0.7685185185185185 0.58125 0.7777777777777778 0.5755208333333334 0.7768518518518519 0.5713541666666667 0.7712962962962963 0.5666666666666667 0.7527777777777778 0.56875 0.7305555555555555 0.571875 0.7240740740740741 0.5770833333333333 0.7222222222222222
2 0.45625 0.6388888888888888 0.45989583333333334 0.6462962962962963 0.459375 0.6583333333333333 0.45625 0.6638888888888889 0.453125 0.6611111111111111 0.4510416666666667 0.6527777777777778 0.45208333333333334 0.6425925925925926 0.4557291666666667 0.6388888888888888
2 0.4765625 0.6944444444444444 0.48125 0.700925925925926 0.48385416666666664 0.7194444444444444 0.48125 0.7379629629629629 0.47708333333333336 0.7416666666666667 0.4713541666666667 0.7351851851851852 0.46822916666666664 0.7212962962962963 0.46979166666666666 0.7 0.47604166666666664 0.6944444444444444
2 0.46770833333333334 0.39444444444444443 0.46875 0.40370370370370373 0.465625 0.40925925925925927 0.4640625 0.39814814814814814 0.4671875 0.39444444444444443
2 0.3919270833333333 0.6074074074074074 0.011979166666666667 0.03333333333333333
2 0.5385416666666667 0.337037037037037 0.540625 0.35 0.5364583333333334 0.3592592592592593 0.5338541666666666 0.3574074074074074 0.5322916666666667 0.34814814814814815 0.5338541666666666 0.3388888888888889 0.5380208333333333 0.337037037037037
2 0.5541666666666667 0.6203703703703703 0.5567708333333333 0.6268518518518519 0.55625 0.6333333333333333 0.5541666666666667 0.6361111111111111 0.5510416666666667 0.6342592592592593 0.55 0.6268518518518519 0.5536458333333333 0.6203703703703703
2 0.503125 0.5879629629629629 0.5072916666666667 0.600925925925926 0.5078125 0.6212962962962963 0.5046875 0.6324074074074074 0.5010416666666667 0.6351851851851852 0.4947916666666667 0.6296296296296297 0.49166666666666664 0.6074074074074074 0.4947916666666667 0.5916666666666667 0.4984375 0.587037037037037 0.5026041666666666 0.5879629629629629
2 0.39739583333333334 0.48055555555555557 0.4010416666666667 0.4888888888888889 0.4015625 0.5 0.396875 0.5 0.3927083333333333 0.5046296296296297 0.390625 0.5037037037037037 0.390625 0.49166666666666664 0.3927083333333333 0.48333333333333334 0.396875 0.48055555555555557
2 0.45989583333333334 0.3435185185185185 0.4635416666666667 0.35185185185185186 0.4625 0.3638888888888889 0.4578125 0.3675925925925926 0.4557291666666667 0.36203703703703705 0.45625 0.35 0.459375 0.34444444444444444
1 0.4125 0.9657407407407408 0.4140625 0.9990740740740741 0.346875 0.9990740740740741 0.34739583333333335 0.9962962962962963 0.35208333333333336 0.9907407407407407 0.36614583333333334 0.9833333333333333 0.403125 0.9731481481481481 0.4119791666666667 0.9666666666666667
1 0.4109375 0.9212962962962963 0.41302083333333334 0.9287037037037037 0.41302083333333334 0.9583333333333334 0.4114583333333333 0.9629629629629629 0.3770833333333333 0.9787037037037037 0.35989583333333336 0.9824074074074074 0.34375 0.9777777777777777 0.3328125 0.9796296296296296 0.3307291666666667 0.9740740740740741 0.3307291666666667 0.9592592592592593 0.3328125 0.9546296296296296 0.34010416666666665 0.9518518518518518 0.3625 0.9333333333333333 0.39791666666666664 0.9222222222222223 0.41041666666666665 0.9212962962962963