0 0.5609375 0.13055555555555556 0.5645833333333333 0.13240740740740742 0.5666666666666667 0.1398148148148148 0.5567708333333333 0.18611111111111112 0.5578125 0.20092592592592592 0.5546875 0.20555555555555555 0.5411458333333333 0.19537037037037036 0.5390625 0.18703703703703703 0.546875 0.1787037037037037 0.5557291666666667 0.13703703703703704 0.5578125 0.13055555555555556 0.5604166666666667 0.13055555555555556
0 0.4005208333333333 0.6722222222222223 0.40260416666666665 0.6824074074074075 0.4 0.687962962962963 0.3859375 0.6851851851851852 0.38697916666666665 0.6777777777777778 0.4 0.6722222222222223
0 0.51875 0.3453703703703704 0.5213541666666667 0.35 0.5223958333333333 0.3675925925925926 0.5244791666666667 0.5009259259259259 0.5276041666666667 0.5212962962962963 0.5260416666666666 0.5287037037037037 0.5135416666666667 0.5268518518518519 0.5135416666666667 0.5203703703703704 0.5166666666666667 0.5157407407407407 0.5140625 0.36018518518518516 0.5145833333333333 0.3527777777777778 0.5182291666666666 0.3453703703703704
0 0.46979166666666666 0.4097222222222222 0.06041666666666667 0.21944444444444444
0 0.4010416666666667 0.5472222222222223 0.40520833333333334 0.5601851851851852 0.40520833333333334 0.5703703703703704 0.4010416666666667 0.5740740740740741 0.39739583333333334 0.5740740740740741 0.3953125 0.5703703703703704 0.3958333333333333 0.5472222222222223 0.4005208333333333 0.5472222222222223
0 0.40260416666666665 0.3888888888888889 0.4322916666666667 0.3907407407407407 0.434375 0.3972222222222222 0.434375 0.4074074074074074 0.43020833333333336 0.41759259259259257 0.41770833333333335 0.41203703703703703 0.3963541666666667 0.40925925925925927 0.39479166666666665 0.40370370370370373 0.3953125 0.39444444444444443 0.39791666666666664 0.38981481481481484 0.40208333333333335 0.3888888888888889
0 0.5109375 0.33055555555555555 0.5151041666666667 0.33425925925925926 0.5171875 0.34074074074074073 0.5135416666666667 0.36203703703703705 0.5109375 0.3675925925925926 0.50625 0.36666666666666664 0.5005208333333333 0.36018518518518516 0.47604166666666664 0.35833333333333334 0.47291666666666665 0.35462962962962963 0.4713541666666667 0.3435185185185185 0.47239583333333335 0.33611111111111114 0.475 0.33240740740740743 0.5020833333333333 0.33425925925925926 0.50625 0.3296296296296296 0.5104166666666666 0.33055555555555555
0 0.44375 0.33611111111111114 0.4453125 0.3351851851851852 0.45260416666666664 0.3611111111111111 0.44635416666666666 0.49074074074074076 0.4390625 0.4935185185185185 0.44583333333333336 0.3685185185185185 0.44583333333333336 0.3490740740740741 0.44375 0.337037037037037
0 0.425 0.5083333333333333 0.4317708333333333 0.5092592592592593 0.4322916666666667 0.5138888888888888 0.45208333333333334 0.5138888888888888 0.45208333333333334 0.5277777777777778 0.4328125 0.5268518518518519 0.4317708333333333 0.5333333333333333 0.42864583333333334 0.5333333333333333 0.425 0.5324074074074074 0.425 0.5092592592592593
0 0.4328125 0.5296296296296297 0.4348958333333333 0.5314814814814814 0.440625 0.575 0.43854166666666666 0.5814814814814815 0.43333333333333335 0.5824074074074074 0.43125 0.5722222222222222 0.425 0.5342592592592592 0.4317708333333333 0.5342592592592592 0.4328125 0.5305555555555556
2 0.453125 0.16944444444444445 0.45677083333333335 0.17592592592592593 0.45729166666666665 0.18796296296296297 0.4557291666666667 0.20185185185185187 0.4515625 0.21203703703703702 0.44583333333333336 0.20925925925925926 0.44375 0.18888888888888888 0.44635416666666666 0.17592592592592593 0.45 0.16944444444444445 0.45260416666666664 0.16944444444444445
2 0.5645833333333333 0.7722222222222223 0.5697916666666667 0.7796296296296297 0.5729166666666666 0.7944444444444444 0.5713541666666667 0.812962962962963 0.565625 0.8194444444444444 0.5619791666666667 0.8194444444444444 0.5578125 0.8148148148148148 0.5536458333333333 0.7944444444444444 0.5557291666666667 0.7759259259259259 0.5583333333333333 0.7722222222222223 0.5640625 0.7722222222222223
2 0.45625 0.6027777777777777 0.4578125 0.6055555555555555 0.45677083333333335 0.6166666666666667 0.453125 0.6138888888888889 0.453125 0.6064814814814815 0.4557291666666667 0.6027777777777777
2 0.5484375 0.5935185185185186 0.5526041666666667 0.5990740740740741 0.55625 0.6138888888888889 0.5552083333333333 0.6324074074074074 0.5489583333333333 0.6453703703703704 0.5421875 0.6425925925925926 0.5364583333333334 0.6231481481481481 0.5364583333333334 0.6092592592592593 0.5390625 0.6 0.5442708333333334 0.5935185185185186 0.5479166666666667 0.5935185185185186
2 0.42578125 0.7583333333333333 0.013020833333333334 0.04259259259259259
2 0.4739583333333333 0.762962962962963 0.47552083333333334 0.7777777777777778 0.47239583333333335 0.7824074074074074 0.46927083333333336 0.7777777777777778 0.46875 0.7666666666666667 0.4713541666666667 0.7620370370370371 0.4734375 0.762962962962963
2 0.5744791666666667 0.5398148148148149 0.5791666666666667 0.5351851851851852 0.5848958333333333 0.5351851851851852 0.5895833333333333 0.5435185185185185 0.5927083333333333 0.5555555555555556 0.5927083333333333 0.5685185185185185 0.5895833333333333 0.5814814814814815 0.5838541666666667 0.5898148148148148 0.5786458333333333 0.5888888888888889 0.5729166666666666 0.5796296296296296 0.5708333333333333 0.5703703703703704 0.5708333333333333 0.5518518518518518 0.5744791666666667 0.5407407407407407
2 0.4192708333333333 0.2037037037037037 0.42083333333333334 0.21388888888888888 0.41875 0.22037037037037038 0.41510416666666666 0.21666666666666667 0.415625 0.2064814814814815 0.41875 0.2037037037037037
2 0.39479166666666665 0.2462962962962963 0.39791666666666664 0.25555555555555554 0.39791666666666664 0.2675925925925926 0.3927083333333333 0.2833333333333333 0.39010416666666664 0.2833333333333333 0.3880208333333333 0.27870370370370373 0.38697916666666665 0.2601851851851852 0.38958333333333334 0.2490740740740741 0.39427083333333335 0.2462962962962963
2 0.4640625 0.6638888888888889 0.4671875 0.6759259259259259 0.4671875 0.6888888888888889 0.4635416666666667 0.6981481481481482 0.4583333333333333 0.6953703703703704 0.45625 0.6861111111111111 0.4578125 0.6648148148148149 0.4635416666666667 0.6638888888888889
2 0.4473958333333333 0.48333333333333334 0.44947916666666665 0.4888888888888889 0.4505208333333333 0.5111111111111111 0.43854166666666666 0.5138888888888888 0.4348958333333333 0.5092592592592593 0.4348958333333333 0.49907407407407406 0.43802083333333336 0.4861111111111111 0.44114583333333335 0.4935185185185185 0.44114583333333335 0.5074074074074074 0.44375 0.5092592592592593 0.44635416666666666 0.5046296296296297 0.446875 0.4842592592592593
1 0.40260416666666665 0.9731481481481481 0.41354166666666664 0.975 0.41458333333333336 0.9990740740740741 0.3463541666666667 0.9990740740740741 0.35260416666666666 0.9898148148148148 0.36666666666666664 0.9824074074074074 0.40208333333333335 0.9731481481481481
1 0.33541666666666664 0.9796296296296296 0.33125 0.9731481481481481 0.33125 0.9574074074074074 0.3333333333333333 0.9537037037037037 0.3411458333333333 0.950925925925926 0.3609375 0.9333333333333333 0.3880208333333333 0.9259259259259259 0.4 0.9194444444444444 0.4125 0.9203703703703704 0.41302083333333334 0.962037037037037 0.36770833333333336 0.9805555555555555 0.34479166666666666 0.9768518518518519 0.3359375 0.9787037037037037