0 0.4109375 0.6574074074074074 0.4140625 0.6638888888888889 0.41458333333333336 0.7074074074074074 0.4125 0.7092592592592593 0.4083333333333333 0.7083333333333334 0.40572916666666664 0.6777777777777778 0.40260416666666665 0.6666666666666666 0.403125 0.6611111111111111 0.41041666666666665 0.6574074074074074
0 0.528125 0.06851851851851852 0.5322916666666667 0.07777777777777778 0.5380208333333333 0.1037037037037037 0.5640625 0.15833333333333333 0.5713541666666667 0.16666666666666666 0.5921875 0.20833333333333334 0.6104166666666667 0.2351851851851852 0.6083333333333333 0.25092592592592594 0.6026041666666667 0.25925925925925924 0.5958333333333333 0.2574074074074074 0.5302083333333333 0.1259259259259259 0.5119791666666667 0.10185185185185185 0.5109375 0.09351851851851851 0.5145833333333333 0.07685185185185185 0.51875 0.0712962962962963 0.5276041666666667 0.06851851851851852
0 0.5276041666666667 0.8685185185185185 0.5354166666666667 0.8972222222222223 0.5354166666666667 0.9046296296296297 0.5317708333333333 0.9101851851851852 0.5291666666666667 0.9083333333333333 0.5229166666666667 0.8888888888888888 0.5192708333333333 0.8861111111111111 0.5197916666666667 0.8759259259259259 0.5270833333333333 0.8685185185185185
0 0.5416666666666666 0.7546296296296297 0.5442708333333334 0.7574074074074074 0.5484375 0.7722222222222223 0.5729166666666666 0.8157407407407408 0.5885416666666666 0.8351851851851851 0.6083333333333333 0.8685185185185185 0.6119791666666666 0.8777777777777778 0.6119791666666666 0.8870370370370371 0.6078125 0.8925925925925926 0.6046875 0.8916666666666667 0.5427083333333333 0.7814814814814814 0.5348958333333333 0.7759259259259259 0.5354166666666667 0.762962962962963 0.5411458333333333 0.7555555555555555
0 0.39036458333333335 0.7217592592592592 0.0203125 0.0787037037037037
0 0.39739583333333334 0.1638888888888889 0.39947916666666666 0.1712962962962963 0.3963541666666667 0.1814814814814815 0.39375 0.29907407407407405 0.39166666666666666 0.30648148148148147 0.3885416666666667 0.30648148148148147 0.38645833333333335 0.30185185185185187 0.390625 0.18518518518518517 0.3885416666666667 0.16666666666666666 0.390625 0.16296296296296298 0.396875 0.1638888888888889
0 0.4671875 0.5018518518518519 0.4703125 0.5064814814814815 0.4703125 0.5546296296296296 0.47291666666666665 0.5694444444444444 0.471875 0.5768518518518518 0.46770833333333334 0.5787037037037037 0.45677083333333335 0.5777777777777777 0.45260416666666664 0.5731481481481482 0.453125 0.5657407407407408 0.45677083333333335 0.5592592592592592 0.4578125 0.5037037037037037 0.4666666666666667 0.5018518518518519
0 0.39895833333333336 0.49537037037037035 0.40260416666666665 0.5037037037037037 0.4015625 0.5222222222222223 0.4036458333333333 0.5555555555555556 0.4010416666666667 0.5592592592592592 0.3927083333333333 0.5583333333333333 0.39010416666666664 0.5138888888888888 0.3859375 0.5055555555555555 0.38697916666666665 0.4981481481481482 0.3984375 0.49537037037037035
0 0.5041666666666667 0.19907407407407407 0.5057291666666667 0.20277777777777778 0.5046875 0.21203703703703702 0.4953125 0.2351851851851852 0.49322916666666666 0.25 0.4869791666666667 0.2564814814814815 0.478125 0.2462962962962963 0.4765625 0.23796296296296296 0.47760416666666666 0.23425925925925925 0.4869791666666667 0.2222222222222222 0.4973958333333333 0.19722222222222222 0.5036458333333333 0.19907407407407407
0 0.4234375 0.2023148148148148 0.010416666666666666 0.03425925925925926
2 0.44635416666666666 0.18333333333333332 0.013541666666666667 0.044444444444444446
2 0.4708333333333333 0.16666666666666666 0.4744791666666667 0.17592592592592593 0.4744791666666667 0.19074074074074074 0.471875 0.2064814814814815 0.46770833333333334 0.21203703703703702 0.4630208333333333 0.20925925925925926 0.46041666666666664 0.18703703703703703 0.4635416666666667 0.17222222222222222 0.4703125 0.16666666666666666
2 0.5479166666666667 0.5944444444444444 0.5546875 0.6074074074074074 0.5557291666666667 0.6287037037037037 0.553125 0.6407407407407407 0.5473958333333333 0.6472222222222223 0.5427083333333333 0.6453703703703704 0.5395833333333333 0.6398148148148148 0.5364583333333334 0.625 0.5385416666666667 0.6027777777777777 0.5421875 0.5962962962962963 0.5473958333333333 0.5944444444444444
2 0.5864583333333333 0.537962962962963 0.590625 0.549074074074074 0.5916666666666667 0.5657407407407408 0.5895833333333333 0.5777777777777777 0.5833333333333334 0.5879629629629629 0.5786458333333333 0.5879629629629629 0.5723958333333333 0.5796296296296296 0.5703125 0.5712962962962963 0.5697916666666667 0.5537037037037037 0.5729166666666666 0.5407407407407407 0.5765625 0.5351851851851852 0.5828125 0.5333333333333333 0.5859375 0.537962962962963
2 0.45364583333333336 0.6046296296296296 0.45729166666666665 0.6074074074074074 0.45729166666666665 0.6148148148148148 0.4546875 0.6175925925925926 0.453125 0.6148148148148148 0.45364583333333336 0.6055555555555555
2 0.5088541666666667 0.6092592592592593 0.5140625 0.6148148148148148 0.5166666666666667 0.6333333333333333 0.5151041666666667 0.6453703703703704 0.5083333333333333 0.6518518518518519 0.5041666666666667 0.649074074074074 0.5005208333333333 0.6342592592592593 0.5026041666666666 0.6148148148148148 0.5083333333333333 0.6092592592592593
2 0.42604166666666665 0.737037037037037 0.4296875 0.7435185185185185 0.43125 0.7518518518518519 0.43072916666666666 0.7703703703703704 0.4265625 0.7796296296296297 0.42239583333333336 0.7759259259259259 0.4192708333333333 0.7620370370370371 0.4203125 0.7425925925925926 0.42239583333333336 0.7379629629629629 0.42552083333333335 0.737037037037037
2 0.48125 0.7041666666666667 0.0125 0.03981481481481482
2 0.4708333333333333 0.7731481481481481 0.007291666666666667 0.020370370370370372
2 0.484375 0.4675925925925926 0.4869791666666667 0.4703703703703704 0.48802083333333335 0.47685185185185186 0.4869791666666667 0.4898148148148148 0.484375 0.4935185185185185 0.48072916666666665 0.49074074074074076 0.4791666666666667 0.4824074074074074 0.48020833333333335 0.47129629629629627 0.48385416666666664 0.4675925925925926
2 0.4427083333333333 0.49953703703703706 0.013541666666666667 0.04351851851851852
1 0.4125 0.9648148148148148 0.4140625 0.9990740740740741 0.346875 0.9990740740740741 0.35260416666666666 0.9907407407407407 0.39479166666666665 0.975 0.4005208333333333 0.9703703703703703 0.4036458333333333 0.9712962962962963 0.4119791666666667 0.9648148148148148
1 0.4114583333333333 0.9166666666666666 0.41302083333333334 0.9212962962962963 0.41302083333333334 0.9564814814814815 0.40989583333333335 0.9629629629629629 0.3796875 0.9777777777777777 0.3640625 0.9796296296296296 0.35 0.975925925925926 0.3375 0.9805555555555555 0.3328125 0.9796296296296296 0.3307291666666667 0.9740740740740741 0.3307291666666667 0.9583333333333334 0.3328125 0.9546296296296296 0.34010416666666665 0.9527777777777777 0.36041666666666666 0.9333333333333333 0.3921875 0.9259259259259259 0.4109375 0.9166666666666666