0 0.4510416666666667 0.5972222222222222 0.4552083333333333 0.6027777777777777 0.45729166666666665 0.6129629629629629 0.4515625 0.6277777777777778 0.45208333333333334 0.6564814814814814 0.4484375 0.6648148148148149 0.4432291666666667 0.6648148148148149 0.4401041666666667 0.6601851851851852 0.4401041666666667 0.6231481481481481 0.43645833333333334 0.6166666666666667 0.43645833333333334 0.6092592592592593 0.44166666666666665 0.5972222222222222 0.4505208333333333 0.5972222222222222
0 0.5135416666666667 0.387037037037037 0.51875 0.4074074074074074 0.5265625 0.4546296296296296 0.5328125 0.47129629629629627 0.5322916666666667 0.4777777777777778 0.5276041666666667 0.4824074074074074 0.5223958333333333 0.48148148148148145 0.5197916666666667 0.4740740740740741 0.51875 0.45185185185185184 0.5083333333333333 0.39537037037037037 0.5083333333333333 0.387037037037037 0.5130208333333334 0.387037037037037
0 0.728125 0.4666666666666667 0.7380208333333333 0.4759259259259259 0.740625 0.4935185185185185 0.7302083333333333 0.5083333333333333 0.721875 0.5259259259259259 0.7098958333333333 0.5592592592592592 0.70625 0.5796296296296296 0.690625 0.6268518518518519 0.6838541666666667 0.6453703703703704 0.6786458333333333 0.65 0.6703125 0.6425925925925926 0.6703125 0.6287037037037037 0.6916666666666667 0.562962962962963 0.7151041666666667 0.5027777777777778 0.7166666666666667 0.48055555555555557 0.7192708333333333 0.47314814814814815 0.7239583333333334 0.4666666666666667 0.7276041666666667 0.4666666666666667
0 0.49114583333333334 0.3037037037037037 0.4973958333333333 0.3074074074074074 0.5 0.31574074074074077 0.4953125 0.35185185185185186 0.49166666666666664 0.3574074074074074 0.4869791666666667 0.3574074074074074 0.4817708333333333 0.3490740740740741 0.48385416666666664 0.31574074074074077 0.48802083333333335 0.3055555555555556 0.490625 0.30462962962962964
0 0.5557291666666667 0.5185185185185185 0.5588541666666667 0.5222222222222223 0.5598958333333334 0.5314814814814814 0.5541666666666667 0.5527777777777778 0.5505208333333333 0.5546296296296296 0.5473958333333333 0.55 0.5479166666666667 0.525 0.55 0.5194444444444445 0.5552083333333333 0.5185185185185185
0 0.36354166666666665 0.35648148148148145 0.3765625 0.35648148148148145 0.37864583333333335 0.36203703703703705 0.3765625 0.37777777777777777 0.35208333333333336 0.37037037037037035 0.35 0.3648148148148148 0.35104166666666664 0.35648148148148145 0.36302083333333335 0.35648148148148145
0 0.5791666666666667 0.5037037037037037 0.020833333333333332 0.027777777777777776
0 0.4828125 0.3537037037037037 0.48854166666666665 0.3638888888888889 0.48802083333333335 0.3712962962962963 0.484375 0.37962962962962965 0.45625 0.4064814814814815 0.4515625 0.40370370370370373 0.4510416666666667 0.38981481481481484 0.4713541666666667 0.36574074074074076 0.47708333333333336 0.3537037037037037 0.4822916666666667 0.3537037037037037
0 0.6166666666666667 0.5675925925925925 0.6203125 0.5787037037037037 0.6197916666666666 0.5916666666666667 0.6171875 0.5935185185185186 0.6026041666666667 0.5925925925925926 0.5854166666666667 0.5972222222222222 0.5208333333333334 0.6212962962962963 0.515625 0.6194444444444445 0.5145833333333333 0.6138888888888889 0.5151041666666667 0.6074074074074074 0.51875 0.6037037037037037 0.6041666666666666 0.5768518518518518 0.6125 0.5675925925925925 0.6161458333333333 0.5675925925925925
0 0.5015625 0.2675925925925926 0.5046875 0.26944444444444443 0.5098958333333333 0.2796296296296296 0.5255208333333333 0.29444444444444445 0.5255208333333333 0.30925925925925923 0.5192708333333333 0.31203703703703706 0.496875 0.2953703703703704 0.4942708333333333 0.2898148148148148 0.4942708333333333 0.28055555555555556 0.49635416666666665 0.2722222222222222 0.5010416666666667 0.26851851851851855
0 0.6494791666666667 0.49074074074074076 0.6510416666666666 0.4962962962962963 0.6494791666666667 0.5046296296296297 0.6411458333333333 0.5175925925925926 0.6348958333333333 0.5166666666666667 0.6348958333333333 0.5074074074074074 0.6421875 0.48703703703703705 0.6489583333333333 0.49074074074074076
2 0.6760416666666667 0.2814814814814815 0.6786458333333333 0.2851851851851852 0.6786458333333333 0.29259259259259257 0.66875 0.2972222222222222 0.6609375 0.2935185185185185 0.6583333333333333 0.28425925925925927 0.6640625 0.27870370370370373 0.6755208333333333 0.2814814814814815
2 0.4953125 0.3861111111111111 0.4947916666666667 0.3925925925925926 0.4895833333333333 0.3925925925925926 0.48802083333333335 0.38981481481481484 0.490625 0.3851851851851852 0.4947916666666667 0.3861111111111111
2 0.6385416666666667 0.43425925925925923 0.640625 0.43796296296296294 0.6390625 0.4425925925925926 0.6354166666666666 0.4425925925925926 0.6328125 0.4388888888888889 0.6333333333333333 0.4351851851851852 0.6380208333333334 0.43425925925925923
2 0.45729166666666665 0.46296296296296297 0.46041666666666664 0.4666666666666667 0.4609375 0.47314814814814815 0.45625 0.47685185185185186 0.4515625 0.475 0.45 0.46944444444444444 0.45208333333333334 0.4638888888888889 0.45677083333333335 0.46296296296296297
2 0.3697916666666667 0.4074074074074074 0.3729166666666667 0.4111111111111111 0.3734375 0.41574074074074074 0.3703125 0.4212962962962963 0.36666666666666664 0.4222222222222222 0.3619791666666667 0.4212962962962963 0.359375 0.4148148148148148 0.36302083333333335 0.4083333333333333 0.3692708333333333 0.4074074074074074
2 0.41510416666666666 0.6055555555555555 0.41822916666666665 0.6101851851851852 0.41875 0.6175925925925926 0.41302083333333334 0.6240740740740741 0.4041666666666667 0.6222222222222222 0.40208333333333335 0.612037037037037 0.4083333333333333 0.6046296296296296 0.41458333333333336 0.6055555555555555
2 0.41510416666666666 0.4648148148148148 0.41822916666666665 0.46944444444444444 0.41822916666666665 0.475 0.4119791666666667 0.48148148148148145 0.40677083333333336 0.48055555555555557 0.4036458333333333 0.4722222222222222 0.4078125 0.4648148148148148 0.41458333333333336 0.4648148148148148
2 0.3489583333333333 0.649074074074074 0.35572916666666665 0.6527777777777778 0.359375 0.6592592592592592 0.36041666666666666 0.6712962962962963 0.35572916666666665 0.6824074074074075 0.34427083333333336 0.6888888888888889 0.3380208333333333 0.6888888888888889 0.33125 0.6842592592592592 0.32864583333333336 0.6777777777777778 0.32864583333333336 0.6712962962962963 0.334375 0.6555555555555556 0.3416666666666667 0.65 0.3484375 0.649074074074074
2 0.6661458333333333 0.5453703703703704 0.6677083333333333 0.5546296296296296 0.665625 0.5574074074074075 0.6588541666666666 0.5555555555555556 0.6557291666666667 0.55 0.6588541666666666 0.5435185185185185 0.665625 0.5453703703703704
2 0.453125 0.43796296296296294 0.45989583333333334 0.4425925925925926 0.4625 0.44907407407407407 0.45989583333333334 0.4601851851851852 0.4546875 0.4638888888888889 0.4421875 0.462037037037037 0.43697916666666664 0.4527777777777778 0.440625 0.44166666666666665 0.45260416666666664 0.43796296296296294
2 0.6859375 0.4009259259259259 0.6911458333333333 0.4083333333333333 0.6916666666666667 0.4148148148148148 0.6854166666666667 0.42314814814814816 0.6744791666666666 0.4212962962962963 0.6666666666666666 0.4101851851851852 0.6666666666666666 0.4046296296296296 0.6713541666666667 0.3990740740740741 0.6791666666666667 0.3972222222222222 0.6854166666666667 0.4009259259259259
2 0.3640625 0.46574074074074073 0.36770833333333336 0.47314814814814815 0.36354166666666665 0.4787037037037037 0.35885416666666664 0.4787037037037037 0.35625 0.47314814814814815 0.35833333333333334 0.4666666666666667 0.36354166666666665 0.46574074074074073
2 0.3875 0.3148148148148148 0.38958333333333334 0.32037037037037036 0.3890625 0.32592592592592595 0.38229166666666664 0.3314814814814815 0.37083333333333335 0.33055555555555555 0.36770833333333336 0.32592592592592595 0.36770833333333336 0.32037037037037036 0.375 0.31296296296296294 0.38333333333333336 0.31203703703703706 0.38697916666666665 0.3148148148148148
2 0.3489583333333333 0.42685185185185187 0.35572916666666665 0.43148148148148147 0.3578125 0.44166666666666665 0.3541666666666667 0.44907407407407407 0.34791666666666665 0.4537037037037037 0.33489583333333334 0.45092592592592595 0.3328125 0.4462962962962963 0.3328125 0.43796296296296294 0.3375 0.4305555555555556 0.3484375 0.42685185185185187
2 0.6130208333333333 0.47314814814814815 0.615625 0.4759259259259259 0.615625 0.48055555555555557 0.6130208333333333 0.4824074074074074 0.6078125 0.4787037037037037 0.6088541666666667 0.4740740740740741 0.6125 0.47314814814814815
2 0.4505208333333333 0.32592592592592595 0.4552083333333333 0.33425925925925926 0.45 0.3416666666666667 0.4390625 0.3398148148148148 0.43697916666666664 0.3351851851851852 0.440625 0.32685185185185184 0.45 0.32592592592592595
2 0.38177083333333334 0.28425925925925927 0.38697916666666665 0.28888888888888886 0.3880208333333333 0.2962962962962963 0.3802083333333333 0.3037037037037037 0.371875 0.30185185185185187 0.3692708333333333 0.2916666666666667 0.371875 0.2861111111111111 0.38125 0.28425925925925927
2 0.4739583333333333 0.5314814814814814 0.47604166666666664 0.5351851851851852 0.4739583333333333 0.5416666666666666 0.4703125 0.5416666666666666 0.46770833333333334 0.5370370370370371 0.46927083333333336 0.5324074074074074 0.4734375 0.5314814814814814
2 0.5885416666666666 0.38333333333333336 0.5953125 0.3814814814814815 0.5979166666666667 0.3861111111111111 0.596875 0.3907407407407407 0.5916666666666667 0.39166666666666666 0.5885416666666666 0.3888888888888889 0.5885416666666666 0.38425925925925924
2 0.47760416666666666 0.587037037037037 0.48072916666666665 0.5907407407407408 0.48072916666666665 0.5953703703703703 0.47708333333333336 0.5990740740740741 0.471875 0.5953703703703703 0.4734375 0.5879629629629629 0.47708333333333336 0.587037037037037
2 0.6807291666666667 0.2962962962962963 0.6854166666666667 0.3 0.6869791666666667 0.30648148148148147 0.6854166666666667 0.3111111111111111 0.6791666666666667 0.3138888888888889 0.6677083333333333 0.30925925925925923 0.665625 0.29907407407407405 0.6739583333333333 0.2953703703703704 0.6802083333333333 0.2962962962962963
2 0.6666666666666666 0.4425925925925926 0.6708333333333333 0.45185185185185184 0.6671875 0.4564814814814815 0.6609375 0.45555555555555555 0.65625 0.44907407407407407 0.6588541666666666 0.4425925925925926 0.6661458333333333 0.4425925925925926
1 0.9286458333333333 0.5833333333333334 0.9375 0.5879629629629629 0.9510416666666667 0.6046296296296296 0.9520833333333333 0.6148148148148148 0.9473958333333333 0.6305555555555555 0.95625 0.6444444444444445 0.9630208333333333 0.6648148148148149 0.9614583333333333 0.6759259259259259 0.9546875 0.6898148148148148 0.9473958333333333 0.7138888888888889 0.9395833333333333 0.7546296296296297 0.934375 0.7620370370370371 0.9192708333333334 0.7583333333333333 0.8927083333333333 0.737037037037037 0.8833333333333333 0.725925925925926 0.8791666666666667 0.7166666666666667 0.8802083333333334 0.7018518518518518 0.8921875 0.6694444444444444 0.9 0.6268518518518519 0.9036458333333334 0.6194444444444445 0.9088541666666666 0.6157407407407407 0.9260416666666667 0.6166666666666667 0.9307291666666667 0.6064814814814815 0.9307291666666667 0.6 0.9260416666666667 0.5879629629629629 0.928125 0.5842592592592593
1 0.9786458333333333 0.5861111111111111 0.9828125 0.5953703703703703 0.9822916666666667 0.6370370370370371 0.9895833333333334 0.6564814814814814 0.9895833333333334 0.6796296296296296 0.9760416666666667 0.7305555555555555 0.9703125 0.7407407407407407 0.9619791666666667 0.7435185185185185 0.9494791666666667 0.7425925925925926 0.9447916666666667 0.7379629629629629 0.9484375 0.7138888888888889 0.9640625 0.6675925925925926 0.9614583333333333 0.6546296296296297 0.9505208333333334 0.6305555555555555 0.9682291666666667 0.6092592592592593 0.9723958333333333 0.600925925925926 0.9739583333333334 0.5879629629629629 0.978125 0.5861111111111111
1 0.9875 0.4773148148148148 0.025 0.1287037037037037
1 0.21145833333333333 0.20925925925925926 0.21510416666666668 0.22314814814814815 0.22395833333333334 0.2351851851851852 0.23489583333333333 0.32222222222222224 0.23489583333333333 0.3388888888888889 0.2375 0.3398148148148148 0.23802083333333332 0.3435185185185185 0.2171875 0.34814814814814815 0.2125 0.3472222222222222 0.20989583333333334 0.3416666666666667 0.20520833333333333 0.29814814814814816 0.19583333333333333 0.24166666666666667 0.19947916666666668 0.22685185185185186 0.19895833333333332 0.21296296296296297 0.20364583333333333 0.20833333333333334 0.2109375 0.20925925925925926
1 0.9432291666666667 0.5388888888888889 0.9526041666666667 0.5425925925925926 0.953125 0.549074074074074 0.9484375 0.5537037037037037 0.9364583333333333 0.5574074074074075 0.9322916666666666 0.5694444444444444 0.9208333333333333 0.5898148148148148 0.9208333333333333 0.5962962962962963 0.9140625 0.6055555555555555 0.9166666666666666 0.6083333333333333 0.9166666666666666 0.612037037037037 0.9072916666666667 0.6148148148148148 0.9005208333333333 0.6231481481481481 0.8927083333333333 0.6509259259259259 0.8911458333333333 0.6675925925925926 0.8869791666666667 0.6759259259259259 0.8791666666666667 0.6657407407407407 0.8770833333333333 0.65 0.8776041666666666 0.6333333333333333 0.8838541666666667 0.6101851851851852 0.890625 0.5962962962962963 0.9015625 0.587037037037037 0.9052083333333333 0.5777777777777777 0.9151041666666667 0.5666666666666667 0.9171875 0.5555555555555556 0.9166666666666666 0.5407407407407407 0.9182291666666667 0.537962962962963 0.9286458333333333 0.5361111111111111 0.9427083333333334 0.5388888888888889
1 0.2375 0.19814814814814816 0.24166666666666667 0.19907407407407407 0.24479166666666666 0.2037037037037037 0.24895833333333334 0.22870370370370371 0.25625 0.25 0.26458333333333334 0.3416666666666667 0.2578125 0.3453703703703704 0.24322916666666666 0.3453703703703704 0.2390625 0.33796296296296297 0.22916666666666666 0.26666666666666666 0.22916666666666666 0.24074074074074073 0.23125 0.2222222222222222 0.2296875 0.20555555555555555 0.23125 0.20092592592592592 0.23697916666666666 0.19907407407407407