0 0.671875 0.5694444444444444 0.6765625 0.5694444444444444 0.6802083333333333 0.5824074074074074 0.7072916666666667 0.6018518518518519 0.70625 0.6138888888888889 0.7036458333333333 0.6175925925925926 0.6760416666666667 0.6 0.6677083333333333 0.6018518518518519 0.6651041666666667 0.5935185185185186 0.671875 0.5703703703703704
0 0.3984375 0.2962962962962963 0.40260416666666665 0.31851851851851853 0.40208333333333335 0.32407407407407407 0.39895833333333336 0.32592592592592595 0.39375 0.3212962962962963 0.39427083333333335 0.29814814814814816 0.39791666666666664 0.2962962962962963
0 0.5822916666666667 0.525 0.5864583333333333 0.5324074074074074 0.5807291666666666 0.537962962962963 0.49895833333333334 0.5425925925925926 0.4875 0.5481481481481482 0.48333333333333334 0.5453703703703704 0.484375 0.5231481481481481 0.48802083333333335 0.5231481481481481 0.490625 0.5287037037037037 0.5817708333333333 0.525
0 0.6057291666666667 0.39444444444444443 0.6088541666666667 0.4 0.6119791666666666 0.4148148148148148 0.6114583333333333 0.4203703703703704 0.6057291666666667 0.4287037037037037 0.5927083333333333 0.42962962962962964 0.4947916666666667 0.49907407407407406 0.49114583333333334 0.49537037037037035 0.4895833333333333 0.487962962962963 0.4890625 0.4777777777777778 0.49114583333333334 0.4740740740740741 0.5822916666666667 0.412962962962963 0.5932291666666667 0.4027777777777778 0.5979166666666667 0.39351851851851855 0.6052083333333333 0.39444444444444443
0 0.4703125 0.31296296296296294 0.4734375 0.3148148148148148 0.4734375 0.3212962962962963 0.47239583333333335 0.325 0.465625 0.33055555555555555 0.459375 0.3296296296296296 0.4583333333333333 0.3148148148148148 0.46979166666666666 0.3138888888888889
0 0.5536458333333333 0.31203703703703706 0.5598958333333334 0.3138888888888889 0.5619791666666667 0.32037037037037036 0.5609375 0.3787037037037037 0.5572916666666666 0.3824074074074074 0.5515625 0.3824074074074074 0.5458333333333333 0.375 0.5489583333333333 0.3527777777777778 0.5494791666666666 0.3194444444444444 0.553125 0.31296296296296294
0 0.5885416666666666 0.44814814814814813 0.59375 0.4546296296296296 0.5927083333333333 0.5027777777777778 0.5953125 0.5101851851851852 0.59375 0.5231481481481481 0.5890625 0.5296296296296297 0.5770833333333333 0.5231481481481481 0.5739583333333333 0.5185185185185185 0.5744791666666667 0.5101851851851852 0.578125 0.5 0.5791666666666667 0.4564814814814815 0.58125 0.45092592592592595 0.5880208333333333 0.44814814814814813
0 0.503125 0.3907407407407407 0.5734375 0.4027777777777778 0.584375 0.4027777777777778 0.5875 0.3990740740740741 0.5921875 0.4009259259259259 0.5776041666666667 0.4148148148148148 0.5734375 0.4148148148148148 0.5046875 0.40370370370370373 0.503125 0.39166666666666666
0 0.48125 0.36574074074074076 0.4947916666666667 0.36574074074074076 0.4942708333333333 0.37777777777777777 0.49166666666666664 0.3787037037037037 0.49166666666666664 0.41388888888888886 0.48385416666666664 0.41388888888888886 0.484375 0.37962962962962965 0.48072916666666665 0.37777777777777777 0.48125 0.36666666666666664
0 0.48020833333333335 0.36574074074074076 0.48020833333333335 0.37777777777777777 0.4828125 0.3824074074074074 0.45729166666666665 0.39351851851851855 0.45364583333333336 0.38981481481481484 0.453125 0.38055555555555554 0.4796875 0.36574074074074076
2 0.6744791666666666 0.3990740740740741 0.6817708333333333 0.40370370370370373 0.6854166666666667 0.4101851851851852 0.6848958333333334 0.41759259259259257 0.6796875 0.42314814814814816 0.66875 0.4212962962962963 0.6614583333333334 0.412962962962963 0.6630208333333333 0.4027777777777778 0.6739583333333333 0.3990740740740741
2 0.3390625 0.5944444444444444 0.3453125 0.6 0.3463541666666667 0.6138888888888889 0.3421875 0.6231481481481481 0.3338541666666667 0.6287037037037037 0.3234375 0.6259259259259259 0.32083333333333336 0.6212962962962963 0.31979166666666664 0.6092592592592593 0.3223958333333333 0.6018518518518519 0.32708333333333334 0.5972222222222222 0.3385416666666667 0.5944444444444444
2 0.4395833333333333 0.41574074074074074 0.44166666666666665 0.41944444444444445 0.4401041666666667 0.42407407407407405 0.43385416666666665 0.4222222222222222 0.434375 0.4166666666666667 0.4390625 0.41574074074074074
2 0.440625 0.5657407407407408 0.44583333333333336 0.5740740740740741 0.446875 0.5851851851851851 0.44375 0.5925925925925926 0.4354166666666667 0.5990740740740741 0.428125 0.5990740740740741 0.42083333333333334 0.5935185185185186 0.41822916666666665 0.5888888888888889 0.41770833333333335 0.5805555555555556 0.4192708333333333 0.5740740740740741 0.425 0.5666666666666667 0.43020833333333336 0.5638888888888889 0.4401041666666667 0.5657407407407408
2 0.36041666666666666 0.35648148148148145 0.365625 0.36203703703703705 0.36614583333333334 0.37037037037037035 0.3572916666666667 0.3787037037037037 0.3458333333333333 0.3768518518518518 0.34270833333333334 0.3675925925925926 0.3489583333333333 0.35833333333333334 0.35989583333333336 0.35648148148148145
2 0.35052083333333334 0.4444444444444444 0.35208333333333336 0.45092592592592595 0.3489583333333333 0.45555555555555555 0.34322916666666664 0.45555555555555555 0.340625 0.44907407407407407 0.34479166666666666 0.44351851851851853 0.35 0.4444444444444444
2 0.4703125 0.625 0.47708333333333336 0.6314814814814815 0.48020833333333335 0.6472222222222223 0.475 0.6583333333333333 0.46822916666666664 0.6638888888888889 0.4609375 0.6638888888888889 0.4552083333333333 0.6601851851851852 0.44947916666666665 0.65 0.44895833333333335 0.6416666666666667 0.4515625 0.6333333333333333 0.45677083333333335 0.6268518518518519 0.46979166666666666 0.625
2 0.6630208333333333 0.34814814814814815 0.6661458333333333 0.35185185185185186 0.6661458333333333 0.35555555555555557 0.6635416666666667 0.35833333333333334 0.6567708333333333 0.35462962962962963 0.6578125 0.3490740740740741 0.6625 0.34814814814814815
2 0.634375 0.29814814814814816 0.6421875 0.30648148148148147 0.6416666666666667 0.3138888888888889 0.6369791666666667 0.3175925925925926 0.6265625 0.31574074074074077 0.6213541666666667 0.30833333333333335 0.6213541666666667 0.3037037037037037 0.6239583333333333 0.3 0.6338541666666667 0.29814814814814816
2 0.4046875 0.4222222222222222 0.40729166666666666 0.425 0.4078125 0.43333333333333335 0.4005208333333333 0.44074074074074077 0.39010416666666664 0.4388888888888889 0.3880208333333333 0.43425925925925923 0.3885416666666667 0.42777777777777776 0.39479166666666665 0.4212962962962963 0.4041666666666667 0.4222222222222222
2 0.5020833333333333 0.38425925925925924 0.5072916666666667 0.38981481481481484 0.503125 0.39444444444444443 0.49635416666666665 0.39351851851851855 0.4942708333333333 0.3990740740740741 0.496875 0.40370370370370373 0.50625 0.4027777777777778 0.5088541666666667 0.40555555555555556 0.5057291666666667 0.40925925925925927 0.49583333333333335 0.4111111111111111 0.4921875 0.4083333333333333 0.4921875 0.387037037037037 0.4942708333333333 0.38333333333333336 0.5015625 0.38425925925925924
1 0.21145833333333333 0.20925925925925926 0.21510416666666668 0.22314814814814815 0.2203125 0.22685185185185186 0.22291666666666668 0.23333333333333334 0.22864583333333333 0.2657407407407407 0.23385416666666667 0.32222222222222224 0.23177083333333334 0.34074074074074073 0.2328125 0.34444444444444444 0.22760416666666666 0.3472222222222222 0.2125 0.3472222222222222 0.20989583333333334 0.3435185185185185 0.2046875 0.29444444444444445 0.19583333333333333 0.24444444444444444 0.19583333333333333 0.2361111111111111 0.19947916666666668 0.22407407407407406 0.19895833333333332 0.21296296296296297 0.20364583333333333 0.20833333333333334 0.2109375 0.20925925925925926
1 0.9270833333333334 0.5842592592592593 0.9354166666666667 0.5861111111111111 0.9510416666666667 0.6055555555555555 0.953125 0.6157407407407407 0.9479166666666666 0.6268518518518519 0.9479166666666666 0.6324074074074074 0.9567708333333333 0.6453703703703704 0.9635416666666666 0.6675925925925926 0.9479166666666666 0.712037037037037 0.9390625 0.7555555555555555 0.934375 0.7620370370370371 0.9192708333333334 0.7583333333333333 0.8942708333333333 0.7379629629629629 0.8791666666666667 0.7175925925925926 0.8802083333333334 0.7018518518518518 0.8921875 0.6694444444444444 0.89375 0.6546296296296297 0.9005208333333333 0.6259259259259259 0.9041666666666667 0.6194444444444445 0.9098958333333333 0.6157407407407407 0.925 0.6175925925925926 0.9302083333333333 0.6092592592592593 0.93125 0.600925925925926 0.9270833333333334 0.5851851851851851
1 0.9604166666666667 0.6194444444444445 0.971875 0.6027777777777777 0.9760416666666667 0.5851851851851851 0.9802083333333333 0.5861111111111111 0.9828125 0.5972222222222222 0.9822916666666667 0.6342592592592593 0.9901041666666667 0.6583333333333333 0.9880208333333333 0.687037037037037 0.975 0.7324074074074074 0.9703125 0.7407407407407407 0.9666666666666667 0.7425925925925926 0.9510416666666667 0.7425925925925926 0.9458333333333333 0.7398148148148148 0.9447916666666667 0.7342592592592593 0.9489583333333333 0.712037037037037 0.9572916666666667 0.6851851851851852 0.9645833333333333 0.6712962962962963 0.9619791666666667 0.6564814814814814 0.9505208333333334 0.6333333333333333 0.953125 0.625 0.9604166666666667 0.6203703703703703
1 0.9953125 0.41759259259259257 0.9994791666666667 0.412962962962963 0.9994791666666667 0.5342592592592592 0.9947916666666666 0.5407407407407407 0.9911458333333333 0.5388888888888889 0.9796875 0.5296296296296297 0.975 0.5175925925925926 0.9973958333333334 0.4287037037037037 0.9953125 0.4185185185185185
1 0.9291666666666667 0.5361111111111111 0.9505208333333334 0.5398148148148149 0.953125 0.5416666666666666 0.953125 0.549074074074074 0.9401041666666666 0.5555555555555556 0.934375 0.562037037037037 0.93125 0.575 0.9364583333333333 0.5814814814814815 0.9286458333333333 0.5805555555555556 0.925 0.5879629629629629 0.928125 0.6018518518518519 0.9270833333333334 0.612037037037037 0.9109375 0.6129629629629629 0.9005208333333333 0.6231481481481481 0.8932291666666666 0.65 0.8911458333333333 0.6685185185185185 0.8875 0.6759259259259259 0.8828125 0.6722222222222223 0.878125 0.6611111111111111 0.8770833333333333 0.6370370370370371 0.8807291666666667 0.6194444444444445 0.8869791666666667 0.6018518518518519 0.9010416666666666 0.5879629629629629 0.9052083333333333 0.5777777777777777 0.915625 0.5657407407407408 0.91875 0.5388888888888889 0.9286458333333333 0.5361111111111111
1 0.2296875 0.2064814814814815 0.23333333333333334 0.19907407407407407 0.2421875 0.19907407407407407 0.24427083333333333 0.20277777777777778 0.24583333333333332 0.21666666666666667 0.2557291666666667 0.2518518518518518 0.2598958333333333 0.3 0.2635416666666667 0.3212962962962963 0.2630208333333333 0.3435185185185185 0.23958333333333334 0.34444444444444444 0.22916666666666666 0.2638888888888889 0.23125 0.22314814814814815 0.23020833333333332 0.2074074074074074