0 0.43854166666666666 0.5768518518518518 0.44375 0.5833333333333334 0.4453125 0.600925925925926 0.4427083333333333 0.6083333333333333 0.43802083333333336 0.6129629629629629 0.43385416666666665 0.6129629629629629 0.43020833333333336 0.6064814814814815 0.4109375 0.6074074074074074 0.40677083333333336 0.600925925925926 0.40677083333333336 0.5916666666666667 0.40989583333333335 0.5861111111111111 0.4276041666666667 0.5861111111111111 0.4328125 0.5777777777777777 0.43802083333333336 0.5768518518518518
0 0.515625 0.44166666666666665 0.525 0.4527777777777778 0.5619791666666667 0.4740740740740741 0.5635416666666667 0.4777777777777778 0.5630208333333333 0.48518518518518516 0.55625 0.4842592592592593 0.5265625 0.4666666666666667 0.5125 0.4638888888888889 0.5098958333333333 0.4601851851851852 0.509375 0.45092592592592595 0.5119791666666667 0.4425925925925926 0.5151041666666667 0.44166666666666665
0 0.5072916666666667 0.07222222222222222 0.5130208333333334 0.07685185185185185 0.5171875 0.08796296296296297 0.5182291666666666 0.10185185185185185 0.5145833333333333 0.11018518518518519 0.5104166666666666 0.11481481481481481 0.4979166666666667 0.1175925925925926 0.45989583333333334 0.1638888888888889 0.4239583333333333 0.19907407407407407 0.4192708333333333 0.19722222222222222 0.4161458333333333 0.18888888888888888 0.41510416666666666 0.1824074074074074 0.41770833333333335 0.17314814814814813 0.4546875 0.13333333333333333 0.47239583333333335 0.12037037037037036 0.4921875 0.09537037037037037 0.5015625 0.07407407407407407 0.5067708333333333 0.07222222222222222
0 0.603125 0.5 0.60625 0.5018518518518519 0.609375 0.5101851851851852 0.6088541666666667 0.5212962962962963 0.603125 0.5287037037037037 0.5854166666666667 0.5324074074074074 0.5828125 0.5314814814814814 0.5796875 0.5231481481481481 0.5802083333333333 0.512962962962963 0.584375 0.5074074074074074 0.6026041666666667 0.5
0 0.48489583333333336 0.39351851851851855 0.4890625 0.4009259259259259 0.48854166666666665 0.4111111111111111 0.48541666666666666 0.4148148148148148 0.47604166666666664 0.41574074074074074 0.4703125 0.4148148148148148 0.46875 0.4111111111111111 0.46927083333333336 0.4046296296296296 0.484375 0.39351851851851855
0 0.5770833333333333 0.7157407407407408 0.5802083333333333 0.7194444444444444 0.5791666666666667 0.7342592592592593 0.5807291666666666 0.7620370370370371 0.5791666666666667 0.7666666666666667 0.5723958333333333 0.762962962962963 0.5682291666666667 0.7268518518518519 0.56875 0.7185185185185186 0.5765625 0.7157407407407408
0 0.5041666666666667 0.34629629629629627 0.5052083333333334 0.35462962962962963 0.5010416666666667 0.36018518518518516 0.4947916666666667 0.37777777777777777 0.490625 0.37407407407407406 0.4901041666666667 0.3685185185185185 0.4942708333333333 0.3435185185185185 0.4979166666666667 0.3416666666666667 0.5036458333333333 0.34629629629629627
0 0.5671875 0.5277777777777778 0.571875 0.5212962962962963 0.5760416666666667 0.5203703703703704 0.5828125 0.5333333333333333 0.5817708333333333 0.5407407407407407 0.575 0.5509259259259259 0.5630208333333333 0.5842592592592593 0.5604166666666667 0.5879629629629629 0.55625 0.5879629629629629 0.5526041666666667 0.5842592592592593 0.5520833333333334 0.5777777777777777 0.5671875 0.5287037037037037
0 0.4479166666666667 0.28703703703703703 0.45677083333333335 0.28703703703703703 0.46145833333333336 0.29259259259259257 0.46145833333333336 0.3 0.45625 0.3148148148148148 0.44114583333333335 0.4666666666666667 0.43802083333333336 0.4740740740740741 0.4322916666666667 0.4722222222222222 0.43125 0.4675925925925926 0.44479166666666664 0.34814814814814815 0.4479166666666667 0.287962962962963
0 0.6135416666666667 0.4527777777777778 0.6234375 0.4824074074074074 0.6296875 0.4935185185185185 0.6276041666666666 0.5064814814814815 0.6229166666666667 0.5101851851851852 0.6177083333333333 0.5101851851851852 0.6145833333333334 0.5055555555555555 0.6052083333333333 0.46574074074074073 0.6067708333333334 0.4546296296296296 0.6130208333333333 0.4527777777777778
0 0.5046875 0.23425925925925925 0.5067708333333333 0.24722222222222223 0.49322916666666666 0.262037037037037 0.4895833333333333 0.25833333333333336 0.490625 0.24537037037037038 0.5 0.23148148148148148 0.5041666666666667 0.23425925925925925
2 0.61875 0.1814814814814815 0.621875 0.18518518518518517 0.6239583333333333 0.1962962962962963 0.6239583333333333 0.20833333333333334 0.6197916666666666 0.21944444444444444 0.615625 0.21388888888888888 0.6135416666666667 0.2037037037037037 0.6151041666666667 0.18425925925925926 0.6182291666666667 0.1814814814814815
2 0.5630208333333333 0.5074074074074074 0.5640625 0.5166666666666667 0.5614583333333333 0.5212962962962963 0.5598958333333334 0.5185185185185185 0.5598958333333334 0.5092592592592593 0.5625 0.5074074074074074
2 0.534375 0.25 0.5364583333333334 0.2537037037037037 0.5348958333333333 0.2638888888888889 0.5317708333333333 0.25925925925925924 0.5317708333333333 0.25277777777777777 0.5338541666666666 0.25
2 0.5182291666666666 0.5703703703703704 0.5203125 0.5814814814814815 0.5166666666666667 0.5888888888888889 0.5135416666666667 0.5861111111111111 0.5125 0.5777777777777777 0.5145833333333333 0.5694444444444444 0.5177083333333333 0.5703703703703704
2 0.5494791666666666 0.725925925925926 0.5515625 0.7314814814814815 0.5515625 0.7407407407407407 0.5473958333333333 0.75 0.54375 0.7453703703703703 0.5432291666666667 0.737037037037037 0.5447916666666667 0.7277777777777777 0.5489583333333333 0.725925925925926
2 0.43645833333333334 0.6444444444444445 0.440625 0.6546296296296297 0.4401041666666667 0.6657407407407407 0.43645833333333334 0.674074074074074 0.4322916666666667 0.6731481481481482 0.4296875 0.6657407407407407 0.43072916666666666 0.649074074074074 0.4322916666666667 0.6453703703703704 0.4359375 0.6444444444444445
2 0.5166666666666667 0.6453703703703704 0.5192708333333333 0.6509259259259259 0.5197916666666667 0.6592592592592592 0.5182291666666666 0.6675925925925926 0.5151041666666667 0.6712962962962963 0.5104166666666666 0.6657407407407407 0.5098958333333333 0.6564814814814814 0.5119791666666667 0.6472222222222223 0.5161458333333333 0.6453703703703704
2 0.4088541666666667 0.7490740740740741 0.41458333333333336 0.7611111111111111 0.41510416666666666 0.7814814814814814 0.4119791666666667 0.7944444444444444 0.403125 0.8046296296296296 0.39947916666666666 0.8046296296296296 0.3958333333333333 0.8 0.3932291666666667 0.787962962962963 0.3932291666666667 0.7768518518518519 0.396875 0.7564814814814815 0.4015625 0.7490740740740741 0.4083333333333333 0.7490740740740741
2 0.46770833333333334 0.20277777777777778 0.4713541666666667 0.20185185185185187 0.475 0.20925925925925926 0.4744791666666667 0.22037037037037038 0.4713541666666667 0.22314814814814815 0.46822916666666664 0.2175925925925926 0.46770833333333334 0.2037037037037037
2 0.5291666666666667 0.5675925925925925 0.5338541666666666 0.5787037037037037 0.534375 0.5925925925925926 0.5322916666666667 0.6055555555555555 0.528125 0.612037037037037 0.525 0.6111111111111112 0.5208333333333334 0.6027777777777777 0.5197916666666667 0.5805555555555556 0.521875 0.5712962962962963 0.5255208333333333 0.5666666666666667 0.5286458333333334 0.5675925925925925
2 0.5494791666666666 0.15925925925925927 0.5546875 0.1675925925925926 0.5572916666666666 0.1814814814814815 0.55625 0.19537037037037036 0.553125 0.2037037037037037 0.5473958333333333 0.20092592592592592 0.5427083333333333 0.18333333333333332 0.54375 0.1648148148148148 0.5489583333333333 0.15925925925925927
2 0.5153645833333333 0.7449074074074075 0.0078125 0.021296296296296296
2 0.6005208333333333 0.6962962962962963 0.6041666666666666 0.7018518518518518 0.6052083333333333 0.7157407407407408 0.6026041666666667 0.7305555555555555 0.5984375 0.7361111111111112 0.5942708333333333 0.7268518518518519 0.5942708333333333 0.7092592592592593 0.5963541666666666 0.6990740740740741 0.6 0.6962962962962963
2 0.534375 0.7527777777777778 0.5380208333333333 0.7564814814814815 0.540625 0.7685185185185185 0.5385416666666667 0.7888888888888889 0.534375 0.7972222222222223 0.5286458333333334 0.7962962962962963 0.5255208333333333 0.7851851851851852 0.5260416666666666 0.7666666666666667 0.528125 0.7592592592592593 0.5338541666666666 0.7527777777777778
2 0.5104166666666666 0.3074074074074074 0.5104166666666666 0.29444444444444445 0.5130208333333334 0.29444444444444445 0.5145833333333333 0.29907407407407405 0.5140625 0.30648148148148147 0.5109375 0.3074074074074074
2 0.5934895833333333 0.5953703703703703 0.009895833333333333 0.03333333333333333
2 0.6161458333333333 0.6990740740740741 0.6208333333333333 0.7101851851851851 0.6203125 0.725 0.6166666666666667 0.7324074074074074 0.6130208333333333 0.7314814814814815 0.6098958333333333 0.7212962962962963 0.6119791666666666 0.7018518518518518 0.615625 0.6990740740740741
2 0.4796875 0.5425925925925926 0.4817708333333333 0.5462962962962963 0.4796875 0.5574074074074075 0.47604166666666664 0.5527777777777778 0.4765625 0.5444444444444444 0.4791666666666667 0.5425925925925926
2 0.5635416666666667 0.32592592592592595 0.5661458333333333 0.33055555555555555 0.5661458333333333 0.3388888888888889 0.5640625 0.3435185185185185 0.5604166666666667 0.337037037037037 0.5604166666666667 0.3296296296296296 0.5630208333333333 0.32592592592592595
2 0.44375 0.5407407407407407 0.44583333333333336 0.5342592592592592 0.4484375 0.5342592592592592 0.4505208333333333 0.5398148148148149 0.45 0.5472222222222223 0.44583333333333336 0.55 0.44427083333333334 0.5416666666666666
2 0.6114583333333333 0.16944444444444445 0.6145833333333334 0.1824074074074074 0.6125 0.20555555555555555 0.6067708333333334 0.20185185185185187 0.6041666666666666 0.18333333333333332 0.6057291666666667 0.17037037037037037 0.6083333333333333 0.1675925925925926 0.6109375 0.16944444444444445
2 0.5286458333333334 0.19722222222222222 0.5322916666666667 0.2074074074074074 0.5317708333333333 0.2175925925925926 0.5286458333333334 0.2222222222222222 0.5255208333333333 0.21851851851851853 0.5239583333333333 0.20925925925925926 0.5244791666666667 0.19907407407407407 0.528125 0.19722222222222222
1 0.5895833333333333 0.9666666666666667 0.5901041666666667 0.9712962962962963 0.5994791666666667 0.9712962962962963 0.646875 0.9898148148148148 0.653125 0.9990740740740741 0.5854166666666667 0.9990740740740741 0.5864583333333333 0.9666666666666667 0.5890625 0.9666666666666667
1 0.5932291666666667 0.9194444444444444 0.6401041666666667 0.9333333333333333 0.6520833333333333 0.9462962962962963 0.6661458333333333 0.9537037037037037 0.66875 0.9592592592592593 0.6692708333333334 0.9666666666666667 0.6666666666666666 0.9796296296296296 0.6557291666666667 0.9777777777777777 0.6453125 0.9814814814814815 0.6307291666666667 0.9814814814814815 0.6197916666666666 0.9777777777777777 0.5875 0.9611111111111111 0.5869791666666667 0.924074074074074 0.5885416666666666 0.9185185185185185 0.5927083333333333 0.9194444444444444