0 0.19322916666666667 0.2851851851851852 0.19947916666666668 0.2898148148148148 0.3067708333333333 0.2851851851851852 0.309375 0.28888888888888886 0.309375 0.2935185185185185 0.30833333333333335 0.29907407407407405 0.3046875 0.30185185185185187 0.21302083333333333 0.3055555555555556 0.19947916666666668 0.3074074074074074 0.19270833333333334 0.3148148148148148 0.18854166666666666 0.31296296296296294 0.18385416666666668 0.30092592592592593 0.18385416666666668 0.287962962962963 0.1859375 0.2851851851851852 0.19270833333333334 0.2851851851851852
0 0.2833333333333333 0.5990740740740741 0.28854166666666664 0.6046296296296296 0.29635416666666664 0.6074074074074074 0.3640625 0.6222222222222222 0.36770833333333336 0.6259259259259259 0.36770833333333336 0.6314814814814815 0.365625 0.6351851851851852 0.2864583333333333 0.6157407407407407 0.28072916666666664 0.6194444444444445 0.2791666666666667 0.6055555555555555 0.2828125 0.5990740740740741
0 0.21822916666666667 0.3648148148148148 0.22135416666666666 0.36944444444444446 0.22708333333333333 0.39166666666666666 0.22916666666666666 0.4101851851851852 0.23802083333333332 0.4425925925925926 0.24166666666666667 0.4703703703703704 0.2546875 0.524074074074074 0.26197916666666665 0.5342592592592592 0.2635416666666667 0.5425925925925926 0.26197916666666665 0.5518518518518518 0.25833333333333336 0.5583333333333333 0.253125 0.5611111111111111 0.24375 0.5583333333333333 0.24114583333333334 0.55 0.23958333333333334 0.525 0.22708333333333333 0.4685185185185185 0.22239583333333332 0.45555555555555555 0.20572916666666666 0.387037037037037 0.20416666666666666 0.36944444444444446 0.21197916666666666 0.362962962962963 0.21770833333333334 0.3648148148148148
0 0.42083333333333334 0.4976851851851852 0.020833333333333332 0.026851851851851852
0 0.7453125 0.2564814814814815 0.7489583333333333 0.262037037037037 0.7484375 0.27685185185185185 0.7177083333333333 0.28888888888888886 0.7104166666666667 0.30277777777777776 0.70625 0.30185185185185187 0.7026041666666667 0.2916666666666667 0.7005208333333334 0.27314814814814814 0.7005208333333334 0.26666666666666666 0.7026041666666667 0.262037037037037 0.7098958333333333 0.2611111111111111 0.7171875 0.2657407407407407 0.7447916666666666 0.2564814814814815
0 0.6625 0.6805555555555556 0.6635416666666667 0.6916666666666667 0.6557291666666667 0.7157407407407408 0.6510416666666666 0.7148148148148148 0.6489583333333333 0.7101851851851851 0.6489583333333333 0.7037037037037037 0.6541666666666667 0.6861111111111111 0.6578125 0.6805555555555556 0.6619791666666667 0.6805555555555556
0 0.7390625 0.3175925925925926 0.74375 0.32685185185185184 0.7432291666666667 0.33796296296296297 0.7364583333333333 0.3537037037037037 0.7270833333333333 0.39814814814814814 0.7234375 0.40370370370370373 0.7166666666666667 0.4027777777777778 0.7140625 0.3972222222222222 0.7166666666666667 0.3685185185185185 0.721875 0.3490740740740741 0.721875 0.33055555555555555 0.7265625 0.31574074074074077 0.7338541666666667 0.3148148148148148 0.7385416666666667 0.3175925925925926
0 0.5630208333333333 0.687962962962963 0.5651041666666666 0.6953703703703704 0.5645833333333333 0.7018518518518518 0.5572916666666666 0.7287037037037037 0.5541666666666667 0.7342592592592593 0.546875 0.7324074074074074 0.5432291666666667 0.7203703703703703 0.5557291666666667 0.687962962962963 0.5625 0.687962962962963
0 0.41510416666666666 0.2898148148148148 0.421875 0.32037037037037036 0.42135416666666664 0.3277777777777778 0.41822916666666665 0.3314814814814815 0.4114583333333333 0.33055555555555555 0.4083333333333333 0.325 0.40989583333333335 0.2916666666666667 0.4114583333333333 0.28888888888888886 0.41458333333333336 0.2898148148148148
0 0.35703125 0.44074074074074077 0.013020833333333334 0.03888888888888889
0 0.334375 0.7101851851851851 0.3458333333333333 0.7148148148148148 0.35520833333333335 0.712037037037037 0.35885416666666664 0.7138888888888889 0.35885416666666664 0.7277777777777777 0.35572916666666665 0.7398148148148148 0.3229166666666667 0.7268518518518519 0.321875 0.7222222222222222 0.325 0.7092592592592593 0.3338541666666667 0.7101851851851851
2 0.40677083333333336 0.7101851851851851 0.4125 0.7129629629629629 0.41510416666666666 0.7185185185185186 0.41354166666666664 0.725 0.4088541666666667 0.7277777777777777 0.4 0.7268518518518519 0.39479166666666665 0.7203703703703703 0.3953125 0.7129629629629629 0.40625 0.7101851851851851
2 0.6411458333333333 0.5203703703703704 0.6427083333333333 0.5296296296296297 0.6401041666666667 0.5333333333333333 0.6354166666666666 0.5333333333333333 0.6317708333333333 0.5287037037037037 0.6333333333333333 0.5222222222222223 0.640625 0.5203703703703704
2 0.5932291666666667 0.375 0.596875 0.37962962962962965 0.5973958333333333 0.3861111111111111 0.5932291666666667 0.39351851851851855 0.5885416666666666 0.39537037037037037 0.5833333333333334 0.3925925925925926 0.5807291666666666 0.3824074074074074 0.584375 0.37592592592592594 0.5927083333333333 0.375
2 0.5380208333333333 0.5287037037037037 0.5401041666666667 0.5231481481481481 0.5473958333333333 0.5231481481481481 0.5489583333333333 0.5324074074074074 0.5463541666666667 0.5351851851851852 0.5421875 0.5361111111111111 0.5385416666666667 0.5296296296296297
2 0.36614583333333334 0.4046296296296296 0.3723958333333333 0.4046296296296296 0.37447916666666664 0.40925925925925927 0.3734375 0.41388888888888886 0.36875 0.4148148148148148 0.36614583333333334 0.41203703703703703 0.36614583333333334 0.40555555555555556
2 0.5229166666666667 0.5740740740740741 0.5302083333333333 0.5777777777777777 0.5328125 0.5833333333333334 0.5328125 0.5916666666666667 0.525 0.5990740740740741 0.5145833333333333 0.5981481481481481 0.5088541666666667 0.5879629629629629 0.5119791666666667 0.5777777777777777 0.5223958333333333 0.5740740740740741
2 0.3416666666666667 0.4425925925925926 0.34427083333333336 0.44722222222222224 0.3416666666666667 0.4546296296296296 0.33645833333333336 0.4546296296296296 0.33229166666666665 0.44907407407407407 0.334375 0.44074074074074077 0.3411458333333333 0.4425925925925926
2 0.52265625 0.4152777777777778 0.009895833333333333 0.012037037037037037
2 0.6713541666666667 0.38055555555555554 0.6765625 0.3888888888888889 0.6755208333333333 0.4009259259259259 0.6682291666666667 0.4111111111111111 0.6609375 0.41574074074074074 0.6546875 0.41574074074074074 0.6494791666666667 0.4111111111111111 0.6463541666666667 0.4 0.6473958333333333 0.3925925925925926 0.6510416666666666 0.3861111111111111 0.6583333333333333 0.38055555555555554 0.6708333333333333 0.38055555555555554
2 0.5927083333333333 0.5185185185185185 0.5953125 0.5212962962962963 0.5953125 0.5296296296296297 0.5901041666666667 0.5342592592592592 0.5828125 0.5324074074074074 0.58125 0.5231481481481481 0.584375 0.5185185185185185 0.5921875 0.5185185185185185
2 0.359375 0.5546296296296296 0.3640625 0.5564814814814815 0.3651041666666667 0.5601851851851852 0.3625 0.5638888888888889 0.35885416666666664 0.562962962962963 0.3572916666666667 0.5601851851851852 0.35885416666666664 0.5555555555555556
2 0.5239583333333333 0.6083333333333333 0.525 0.6129629629629629 0.5223958333333333 0.6157407407407407 0.5182291666666666 0.6148148148148148 0.5171875 0.6101851851851852 0.5234375 0.6083333333333333
2 0.6229166666666667 0.6666666666666666 0.6296875 0.6694444444444444 0.6317708333333333 0.6777777777777778 0.6234375 0.6861111111111111 0.6130208333333333 0.6851851851851852 0.6104166666666667 0.6814814814814815 0.6104166666666667 0.6731481481481482 0.615625 0.6685185185185185 0.6223958333333334 0.6675925925925926
2 0.6333333333333333 0.5768518518518518 0.6380208333333334 0.5777777777777777 0.6401041666666667 0.5833333333333334 0.6395833333333333 0.5879629629629629 0.6354166666666666 0.5916666666666667 0.6270833333333333 0.5898148148148148 0.6255208333333333 0.5851851851851851 0.6265625 0.5805555555555556 0.6328125 0.5777777777777777
2 0.5291666666666667 0.45740740740740743 0.53125 0.4601851851851852 0.5291666666666667 0.4675925925925926 0.5255208333333333 0.4675925925925926 0.5234375 0.4638888888888889 0.5244791666666667 0.4583333333333333 0.5286458333333334 0.45740740740740743
2 0.5109375 0.37222222222222223 0.5140625 0.37592592592592594 0.5145833333333333 0.38333333333333336 0.509375 0.3907407407407407 0.5010416666666667 0.3888888888888889 0.4984375 0.3787037037037037 0.5020833333333333 0.37222222222222223 0.5104166666666666 0.37222222222222223
2 0.6265625 0.6962962962962963 0.6291666666666667 0.6990740740740741 0.6302083333333334 0.7064814814814815 0.6276041666666666 0.7129629629629629 0.6234375 0.7148148148148148 0.6145833333333334 0.7129629629629629 0.6114583333333333 0.7027777777777777 0.615625 0.6972222222222222 0.6260416666666667 0.6962962962962963
2 0.509375 0.6814814814814815 0.5135416666666667 0.6842592592592592 0.5161458333333333 0.6925925925925925 0.5130208333333334 0.6990740740740741 0.5057291666666667 0.7018518518518518 0.4979166666666667 0.6990740740740741 0.4947916666666667 0.6888888888888889 0.5 0.6824074074074075 0.5088541666666667 0.6814814814814815
2 0.4078125 0.6092592592592593 0.4088541666666667 0.6129629629629629 0.40625 0.6175925925925926 0.4 0.6166666666666667 0.3984375 0.6101851851851852 0.4005208333333333 0.6074074074074074 0.40729166666666666 0.6092592592592593
2 0.6369791666666667 0.26944444444444443 0.6416666666666667 0.27685185185185185 0.6416666666666667 0.2898148148148148 0.6348958333333333 0.30462962962962964 0.6265625 0.3101851851851852 0.6130208333333333 0.30462962962962964 0.609375 0.29444444444444445 0.609375 0.28425925925925927 0.6135416666666667 0.275 0.6223958333333334 0.2675925925925926 0.6364583333333333 0.26944444444444443
2 0.546875 0.649074074074074 0.5536458333333333 0.6509259259259259 0.5567708333333333 0.6564814814814814 0.55625 0.6666666666666666 0.5510416666666667 0.6722222222222223 0.5432291666666667 0.6722222222222223 0.5354166666666667 0.6638888888888889 0.5359375 0.6546296296296297 0.5463541666666667 0.649074074074074
2 0.5572916666666666 0.6574074074074074 0.5619791666666667 0.6583333333333333 0.5635416666666667 0.6694444444444444 0.559375 0.674074074074074 0.5489583333333333 0.674074074074074 0.5520833333333334 0.6731481481481482 0.55625 0.6657407407407407 0.5572916666666666 0.6583333333333333
1 0.7864583333333334 0.6518518518518519 0.7895833333333333 0.6592592592592592 0.7947916666666667 0.7046296296296296 0.8036458333333333 0.7546296296296297 0.8036458333333333 0.7620370370370371 0.8 0.7722222222222223 0.8005208333333333 0.7861111111111111 0.7953125 0.7907407407407407 0.7880208333333333 0.7898148148148149 0.7838541666666666 0.775 0.778125 0.7703703703703704 0.775 0.7611111111111111 0.7645833333333333 0.6787037037037037 0.7651041666666667 0.6675925925925926 0.7682291666666666 0.6574074074074074 0.7614583333333333 0.6546296296296297 0.7859375 0.6518518518518519
1 0.005729166666666666 0.45925925925925926 0.019791666666666666 0.4703703703703704 0.024479166666666666 0.48055555555555557 0.005729166666666666 0.5527777777777778 0.0026041666666666665 0.5703703703703704 0.004166666666666667 0.5805555555555556 0.0020833333333333333 0.5851851851851851 0 0.5851851851851851 0 0.5277777777777778 0.0020833333333333333 0.5259259259259259 0 0.524074074074074 0 0.4648148148148148 0.005208333333333333 0.45925925925925926
1 0.07239583333333334 0.23703703703703705 0.0859375 0.24444444444444444 0.109375 0.26481481481481484 0.11927083333333334 0.27870370370370373 0.1203125 0.2916666666666667 0.10677083333333333 0.33240740740740743 0.09947916666666666 0.3731481481481482 0.09583333333333334 0.37962962962962965 0.08854166666666667 0.38425925925925924 0.07395833333333333 0.3814814814814815 0.06927083333333334 0.38981481481481484 0.06822916666666666 0.3962962962962963 0.07239583333333334 0.4111111111111111 0.07135416666666666 0.4148148148148148 0.06302083333333333 0.41203703703703703 0.0484375 0.39351851851851855 0.04635416666666667 0.3861111111111111 0.052083333333333336 0.36944444444444446 0.0515625 0.36574074074074076 0.04583333333333333 0.3592592592592593 0.03854166666666667 0.34444444444444444 0.036458333333333336 0.3314814814814815 0.052083333333333336 0.2851851851851852 0.059895833333333336 0.24444444444444444 0.06510416666666667 0.23703703703703705 0.071875 0.23703703703703705
1 0.049479166666666664 0.2564814814814815 0.0546875 0.2611111111111111 0.05364583333333333 0.2740740740740741 0.046875 0.3 0.0359375 0.33055555555555555 0.03802083333333333 0.34444444444444444 0.04895833333333333 0.3675925925925926 0.04635416666666667 0.3731481481481482 0.03958333333333333 0.37592592592592594 0.027083333333333334 0.3972222222222222 0.026041666666666668 0.4111111111111111 0.023958333333333335 0.41388888888888886 0.01875 0.41203703703703703 0.0171875 0.40555555555555556 0.0171875 0.36203703703703705 0.009895833333333333 0.3416666666666667 0.010416666666666666 0.31574074074074077 0.0234375 0.26944444444444443 0.028645833333333332 0.25925925925925924 0.035416666666666666 0.25555555555555554 0.04895833333333333 0.2564814814814815
1 0.1125 0.32222222222222224 0.11614583333333334 0.325 0.121875 0.3388888888888889 0.12239583333333333 0.3592592592592593 0.11979166666666667 0.375 0.109375 0.40185185185185185 0.09947916666666666 0.40925925925925927 0.09427083333333333 0.4212962962962963 0.08489583333333334 0.4305555555555556 0.08229166666666667 0.4425925925925926 0.08177083333333333 0.4583333333333333 0.078125 0.462037037037037 0.06614583333333333 0.46296296296296297 0.04791666666666667 0.45740740740740743 0.04635416666666667 0.45185185185185184 0.049479166666666664 0.4462962962962963 0.0609375 0.4425925925925926 0.06614583333333333 0.4351851851851852 0.06927083333333334 0.42407407407407405 0.06770833333333333 0.4185185185185185 0.06302083333333333 0.41759259259259257 0.07083333333333333 0.4185185185185185 0.0734375 0.4148148148148148 0.07135416666666666 0.4 0.07291666666666667 0.387037037037037 0.08958333333333333 0.3861111111111111 0.09947916666666666 0.375 0.10625 0.3490740740740741 0.1078125 0.3333333333333333 0.11197916666666667 0.32314814814814813
1 0.7354166666666667 0.6675925925925926 0.7354166666666667 0.6574074074074074 0.7369791666666666 0.6546296296296297 0.7572916666666667 0.6537037037037037 0.7598958333333333 0.6583333333333333 0.7682291666666666 0.7138888888888889 0.7708333333333334 0.7518518518518519 0.7682291666666666 0.7731481481481481 0.7692708333333333 0.7962962962962963 0.7661458333333333 0.8 0.7567708333333333 0.799074074074074 0.7541666666666667 0.7935185185185185 0.7510416666666667 0.7712962962962963 0.74375 0.7481481481481481 0.7359375 0.6685185185185185