0 0.465625 0.6685185185185185 0.47239583333333335 0.6731481481481482 0.4734375 0.6851851851851852 0.46197916666666666 0.6861111111111111 0.4583333333333333 0.6851851851851852 0.4583333333333333 0.6731481481481482 0.4609375 0.6685185185185185 0.46510416666666665 0.6685185185185185
0 0.3265625 0.4064814814814815 0.3307291666666667 0.41203703703703703 0.33489583333333334 0.4324074074074074 0.34427083333333336 0.45555555555555555 0.34479166666666666 0.46574074074074073 0.3385416666666667 0.4759259259259259 0.3338541666666667 0.4740740740740741 0.3104166666666667 0.4287037037037037 0.3104166666666667 0.41944444444444445 0.3140625 0.4101851851851852 0.31979166666666664 0.40555555555555556 0.3260416666666667 0.4064814814814815
0 0.4588541666666667 0.6055555555555555 0.4817708333333333 0.6166666666666667 0.48333333333333334 0.6296296296296297 0.48072916666666665 0.6333333333333333 0.45364583333333336 0.6194444444444445 0.45416666666666666 0.6074074074074074 0.4583333333333333 0.6055555555555555
0 0.39479166666666665 0.3277777777777778 0.39895833333333336 0.337037037037037 0.4161458333333333 0.43148148148148147 0.4244791666666667 0.45555555555555555 0.4239583333333333 0.46296296296296297 0.41822916666666665 0.4685185185185185 0.41458333333333336 0.4675925925925926 0.4125 0.46296296296296297 0.40989583333333335 0.4388888888888889 0.3880208333333333 0.3398148148148148 0.3890625 0.3296296296296296 0.39427083333333335 0.3277777777777778
0 0.6138020833333333 0.5597222222222222 0.08385416666666666 0.06944444444444445
0 0.4588541666666667 0.6055555555555555 0.48125 0.6157407407407407 0.4875 0.6287037037037037 0.49114583333333334 0.6268518518518519 0.4942708333333333 0.6194444444444445 0.4973958333333333 0.6212962962962963 0.4979166666666667 0.6333333333333333 0.4942708333333333 0.6435185185185185 0.4901041666666667 0.6435185185185185 0.48541666666666666 0.6351851851851852 0.47760416666666666 0.6305555555555555 0.4546875 0.6203703703703703 0.453125 0.6166666666666667 0.45364583333333336 0.6092592592592593 0.45625 0.6046296296296296 0.4583333333333333 0.6055555555555555
0 0.39739583333333334 0.6731481481481482 0.40260416666666665 0.6759259259259259 0.39947916666666666 0.700925925925926 0.3953125 0.7027777777777777 0.39427083333333335 0.7 0.39375 0.6787037037037037 0.396875 0.674074074074074
0 0.6098958333333333 0.4601851851851852 0.6130208333333333 0.46574074074074073 0.6385416666666667 0.46296296296296297 0.6411458333333333 0.4675925925925926 0.6411458333333333 0.4759259259259259 0.6390625 0.48055555555555557 0.6161458333333333 0.48333333333333334 0.6098958333333333 0.4935185185185185 0.6057291666666667 0.4925925925925926 0.6026041666666667 0.48055555555555557 0.6036458333333333 0.4638888888888889 0.6057291666666667 0.4601851851851852 0.609375 0.4601851851851852
0 0.49114583333333334 0.5851851851851851 0.49375 0.6240740740740741 0.490625 0.6296296296296297 0.484375 0.6296296296296297 0.48333333333333334 0.625 0.484375 0.5879629629629629 0.4864583333333333 0.5842592592592593 0.490625 0.5851851851851851
0 0.46145833333333336 0.42314814814814816 0.46822916666666664 0.42314814814814816 0.478125 0.4351851851851852 0.48020833333333335 0.44166666666666665 0.478125 0.45185185185185184 0.4708333333333333 0.4527777777777778 0.4609375 0.4324074074074074 0.46145833333333336 0.42407407407407405
0 0.6520833333333333 0.5416666666666666 0.6546875 0.5444444444444444 0.6572916666666667 0.5601851851851852 0.628125 0.5814814814814815 0.6239583333333333 0.5925925925925926 0.6171875 0.5879629629629629 0.6135416666666667 0.5740740740740741 0.6151041666666667 0.5638888888888889 0.6515625 0.5416666666666666
0 0.5515625 0.7018518518518518 0.6296875 0.7101851851851851 0.6432291666666666 0.7101851851851851 0.6541666666666667 0.7046296296296296 0.6578125 0.7157407407407408 0.6578125 0.7268518518518519 0.65625 0.7333333333333333 0.6520833333333333 0.7379629629629629 0.6427083333333333 0.7305555555555555 0.5458333333333333 0.7212962962962963 0.5421875 0.7175925925925926 0.5416666666666666 0.7064814814814815 0.5432291666666667 0.7018518518518518 0.5510416666666667 0.7018518518518518
2 0.42864583333333334 0.5009259259259259 0.4296875 0.5064814814814815 0.4265625 0.5101851851851852 0.421875 0.5083333333333333 0.42135416666666664 0.5037037037037037 0.425 0.5 0.428125 0.5009259259259259
2 0.34791666666666665 0.5564814814814815 0.35572916666666665 0.562037037037037 0.35833333333333334 0.5685185185185185 0.3578125 0.575925925925926 0.35052083333333334 0.5824074074074074 0.3385416666666667 0.5787037037037037 0.3338541666666667 0.5694444444444444 0.33541666666666664 0.5592592592592592 0.3411458333333333 0.5555555555555556 0.34739583333333335 0.5564814814814815
2 0.49583333333333335 0.5462962962962963 0.496875 0.5546296296296296 0.49322916666666666 0.5592592592592592 0.48489583333333336 0.5564814814814815 0.48333333333333334 0.55 0.4869791666666667 0.5453703703703704 0.4953125 0.5462962962962963
2 0.5729166666666666 0.46296296296296297 0.578125 0.46574074074074073 0.5822916666666667 0.47685185185185186 0.578125 0.487962962962963 0.5713541666666667 0.4925925925925926 0.5598958333333334 0.4898148148148148 0.5557291666666667 0.4842592592592593 0.5552083333333333 0.4759259259259259 0.5604166666666667 0.46574074074074073 0.5723958333333333 0.46296296296296297
2 0.45208333333333334 0.5055555555555555 0.45416666666666666 0.5083333333333333 0.4546875 0.5148148148148148 0.44947916666666665 0.5203703703703704 0.4421875 0.5175925925925926 0.440625 0.5092592592592593 0.4453125 0.5046296296296297 0.4515625 0.5055555555555555
2 0.35 0.5444444444444444 0.35208333333333336 0.5509259259259259 0.3494791666666667 0.5555555555555556 0.34427083333333336 0.5555555555555556 0.3411458333333333 0.55 0.34427083333333336 0.5435185185185185 0.3494791666666667 0.5444444444444444
2 0.48072916666666665 0.48148148148148145 0.4828125 0.48518518518518516 0.4828125 0.49166666666666664 0.47708333333333336 0.4981481481481482 0.4708333333333333 0.4962962962962963 0.46822916666666664 0.49166666666666664 0.46822916666666664 0.48703703703703705 0.47291666666666665 0.48055555555555557 0.48020833333333335 0.48148148148148145
2 0.4796875 0.4527777777777778 0.48125 0.44537037037037036 0.4875 0.4462962962962963 0.4890625 0.4527777777777778 0.4875 0.45555555555555555 0.48020833333333335 0.4527777777777778
2 0.36822916666666666 0.6824074074074075 0.37395833333333334 0.6814814814814815 0.37604166666666666 0.6851851851851852 0.375 0.6907407407407408 0.3692708333333333 0.6916666666666667 0.3671875 0.6888888888888889 0.36822916666666666 0.6833333333333333
2 0.7223958333333333 0.4046296296296296 0.7286458333333333 0.4111111111111111 0.7291666666666666 0.4212962962962963 0.7239583333333334 0.43148148148148147 0.7145833333333333 0.43703703703703706 0.7046875 0.4324074074074074 0.703125 0.41759259259259257 0.7098958333333333 0.4074074074074074 0.721875 0.4046296296296296
2 0.46875 0.33611111111111114 0.478125 0.34814814814814815 0.4791666666666667 0.35648148148148145 0.475 0.36944444444444446 0.46510416666666665 0.375 0.4588541666666667 0.37407407407407406 0.4510416666666667 0.36666666666666664 0.4484375 0.36018518518518516 0.4479166666666667 0.35185185185185186 0.45208333333333334 0.3416666666666667 0.45677083333333335 0.337037037037037 0.46822916666666664 0.33611111111111114
2 0.5057291666666667 0.38055555555555554 0.5078125 0.3907407407407407 0.5015625 0.3962962962962963 0.496875 0.39351851851851855 0.49583333333333335 0.38333333333333336 0.5 0.37962962962962965 0.5052083333333334 0.38055555555555554
2 0.4005208333333333 0.5583333333333333 0.40677083333333336 0.562962962962963 0.4083333333333333 0.5685185185185185 0.40625 0.575925925925926 0.4010416666666667 0.5787037037037037 0.3927083333333333 0.575925925925926 0.3885416666666667 0.5694444444444444 0.39010416666666664 0.5601851851851852 0.4 0.5583333333333333
2 0.440625 0.575925925925926 0.44166666666666665 0.5814814814814815 0.4401041666666667 0.5833333333333334 0.4354166666666667 0.5833333333333334 0.43385416666666665 0.5777777777777777 0.4359375 0.575 0.4401041666666667 0.575925925925926
2 0.528125 0.6138888888888889 0.5338541666666666 0.6194444444444445 0.534375 0.6259259259259259 0.5307291666666667 0.6333333333333333 0.5255208333333333 0.6361111111111111 0.5145833333333333 0.6333333333333333 0.5119791666666667 0.6296296296296297 0.5114583333333333 0.6222222222222222 0.5177083333333333 0.6138888888888889 0.5276041666666667 0.6138888888888889
2 0.5651041666666666 0.5064814814814815 0.5671875 0.5148148148148148 0.5614583333333333 0.5212962962962963 0.5546875 0.5194444444444445 0.553125 0.5111111111111111 0.5572916666666666 0.5055555555555555 0.5645833333333333 0.5064814814814815
2 0.5640625 0.5731481481481482 0.5671875 0.575 0.5671875 0.5796296296296296 0.5609375 0.5814814814814815 0.5604166666666667 0.575 0.5635416666666667 0.5740740740740741
2 0.5286458333333334 0.49722222222222223 0.5317708333333333 0.5046296296296297 0.5307291666666667 0.5120370370370371 0.5265625 0.5185185185185185 0.5203125 0.5212962962962963 0.5098958333333333 0.5185185185185185 0.5067708333333333 0.5138888888888888 0.5052083333333334 0.5046296296296297 0.5125 0.49444444444444446 0.525 0.4935185185185185 0.528125 0.49722222222222223
2 0.4875 0.49444444444444446 0.4901041666666667 0.4981481481481482 0.4875 0.5046296296296297 0.4817708333333333 0.5009259259259259 0.4822916666666667 0.4962962962962963 0.4869791666666667 0.49444444444444446
2 0.5046875 0.5907407407407408 0.5104166666666666 0.5953703703703703 0.5119791666666667 0.600925925925926 0.5109375 0.6055555555555555 0.5046875 0.6129629629629629 0.4953125 0.6148148148148148 0.49270833333333336 0.6074074074074074 0.49322916666666666 0.5916666666666667 0.5041666666666667 0.5907407407407408
2 0.5380208333333333 0.525 0.5421875 0.5287037037037037 0.5411458333333333 0.5351851851851852 0.5380208333333333 0.5370370370370371 0.5317708333333333 0.5333333333333333 0.5328125 0.5268518518518519 0.5375 0.525
2 0.4317708333333333 0.4 0.4395833333333333 0.40370370370370373 0.44635416666666666 0.41574074074074074 0.44375 0.42777777777777776 0.4354166666666667 0.4351851851851852 0.425 0.4324074074074074 0.42083333333333334 0.4287037037037037 0.4166666666666667 0.4185185185185185 0.4166666666666667 0.412962962962963 0.4197916666666667 0.4064814814814815 0.43125 0.4
1 0.9963541666666667 0.4601851851851852 0.9994791666666667 0.4638888888888889 0.9994791666666667 0.524074074074074 0.9973958333333334 0.525 0.9994791666666667 0.5277777777777778 0.9994791666666667 0.5861111111111111 0.9953125 0.5805555555555556 0.9973958333333334 0.5712962962962963 0.99375 0.5537037037037037 0.9755208333333333 0.48518518518518516 0.9760416666666667 0.47685185185185186 0.9802083333333333 0.4685185185185185 0.9875 0.462037037037037 0.9958333333333333 0.4601851851851852
1 0.9375 0.24074074074074073 0.9432291666666667 0.25925925925925924 0.9473958333333333 0.2851851851851852 0.9546875 0.30925925925925923 0.9614583333333333 0.32314814814814813 0.9630208333333333 0.33425925925925926 0.9552083333333333 0.35648148148148145 0.9479166666666666 0.36666666666666664 0.9484375 0.37407407407407406 0.953125 0.3824074074074074 0.9515625 0.39351851851851855 0.9390625 0.40925925925925927 0.9296875 0.41574074074074074 0.9260416666666667 0.4148148148148148 0.9260416666666667 0.41203703703703703 0.9307291666666667 0.4 0.9307291666666667 0.3925925925925926 0.9255208333333333 0.3814814814814815 0.9104166666666667 0.38333333333333336 0.9041666666666667 0.37962962962962965 0.9005208333333333 0.3731481481481482 0.8916666666666667 0.3277777777777778 0.8802083333333334 0.2972222222222222 0.8791666666666667 0.2814814814814815 0.8901041666666667 0.26481481481481484 0.9135416666666667 0.24444444444444444 0.9270833333333334 0.23703703703703705 0.9338541666666667 0.23703703703703705 0.9369791666666667 0.24074074074074073
1 0.9692708333333333 0.25833333333333336 0.9760416666666667 0.26944444444444443 0.9895833333333334 0.3194444444444444 0.9895833333333334 0.34074074074074073 0.9822916666666667 0.362962962962963 0.9838541666666667 0.375 0.9822916666666667 0.4064814814814815 0.978125 0.41388888888888886 0.9734375 0.4111111111111111 0.9708333333333333 0.39444444444444443 0.965625 0.3888888888888889 0.9598958333333333 0.3768518518518518 0.9552083333333333 0.3768518518518518 0.9505208333333334 0.36944444444444446 0.9505208333333334 0.36574074074074076 0.9614583333333333 0.3435185185185185 0.9640625 0.33055555555555555 0.9494791666666667 0.28888888888888886 0.9447916666666667 0.262037037037037 0.9484375 0.2574074074074074 0.95625 0.25555555555555554 0.96875 0.25833333333333336
1 0.8880208333333334 0.32314814814814813 0.9005208333333333 0.37592592592592594 0.9098958333333333 0.3851851851851852 0.925 0.3861111111111111 0.9265625 0.38981481481481484 0.9255208333333333 0.4166666666666667 0.9322916666666666 0.42777777777777776 0.9364583333333333 0.44074074074074077 0.9526041666666667 0.45 0.953125 0.45555555555555555 0.95 0.4583333333333333 0.9307291666666667 0.462037037037037 0.91875 0.4601851851851852 0.9145833333333333 0.4305555555555556 0.9072916666666667 0.42407407407407405 0.9 0.40925925925925927 0.8895833333333333 0.40185185185185185 0.8838541666666667 0.38981481481481484 0.8776041666666666 0.36666666666666664 0.8770833333333333 0.3453703703703704 0.8796875 0.3314814814814815 0.8875 0.32314814814814813
1 0.24739583333333334 0.6527777777777778 0.265625 0.6555555555555556 0.26666666666666666 0.6583333333333333 0.2604166666666667 0.6944444444444444 0.2557291666666667 0.7462962962962963 0.24583333333333332 0.7824074074074074 0.24427083333333333 0.7962962962962963 0.24166666666666667 0.8 0.23333333333333334 0.8 0.23020833333333332 0.7962962962962963 0.23125 0.774074074074074 0.22864583333333333 0.7509259259259259 0.22916666666666666 0.7351851851851852 0.2390625 0.6583333333333333 0.23802083333333332 0.6546296296296297 0.2359375 0.6546296296296297 0.246875 0.6527777777777778
1 0.21770833333333334 0.6509259259259259 0.23229166666666667 0.6537037037037037 0.23125 0.6583333333333333 0.23489583333333333 0.6787037037037037 0.22395833333333334 0.762962962962963 0.2203125 0.7722222222222223 0.21510416666666668 0.7759259259259259 0.21354166666666666 0.7861111111111111 0.21041666666666667 0.7907407407407407 0.20208333333333334 0.7898148148148149 0.19895833333333332 0.7851851851851852 0.19947916666666668 0.7722222222222223 0.19583333333333333 0.7620370370370371 0.19583333333333333 0.7527777777777778 0.2046875 0.7046296296296296 0.20989583333333334 0.6574074074074074 0.2125 0.6518518518518519 0.2171875 0.6509259259259259