0 0.7619791666666667 0.6861111111111111 0.7651041666666667 0.687037037037037 0.7671875 0.6925925925925925 0.7677083333333333 0.7074074074074074 0.765625 0.7111111111111111 0.7567708333333333 0.7055555555555556 0.725 0.712037037037037 0.7229166666666667 0.7083333333333334 0.7229166666666667 0.6981481481481482 0.7307291666666667 0.6944444444444444 0.7572916666666667 0.6916666666666667 0.7614583333333333 0.687037037037037
0 0.6739583333333333 0.6824074074074075 0.675 0.6907407407407408 0.6651041666666667 0.6962962962962963 0.659375 0.6953703703703704 0.6578125 0.6888888888888889 0.659375 0.6814814814814815 0.6734375 0.6824074074074075
0 0.7552083333333334 0.34814814814814815 0.7598958333333333 0.3574074074074074 0.7598958333333333 0.3731481481481482 0.7583333333333333 0.37592592592592594 0.75 0.37407407407407406 0.725 0.3851851851851852 0.71875 0.3824074074074074 0.7182291666666667 0.37407407407407406 0.7203125 0.36944444444444446 0.7442708333333333 0.35833333333333334 0.7546875 0.34814814814814815
0 0.4713541666666667 0.26481481481481484 0.5567708333333333 0.2833333333333333 0.578125 0.2814814814814815 0.5802083333333333 0.2962962962962963 0.5776041666666667 0.3074074074074074 0.5744791666666667 0.3111111111111111 0.5713541666666667 0.30925925925925923 0.5671875 0.3 0.459375 0.28055555555555556 0.45625 0.2740740740740741 0.45729166666666665 0.2657407407407407 0.4708333333333333 0.26481481481481484
0 0.478125 0.3138888888888889 0.48541666666666666 0.32037037037037036 0.48541666666666666 0.33240740740740743 0.48072916666666665 0.3527777777777778 0.475 0.3509259259259259 0.47239583333333335 0.3314814814814815 0.47291666666666665 0.32037037037037036 0.47760416666666666 0.3138888888888889
0 0.3963541666666667 0.5259259259259259 0.40729166666666666 0.5314814814814814 0.428125 0.5351851851851852 0.43072916666666666 0.5398148148148149 0.43072916666666666 0.5509259259259259 0.42916666666666664 0.5564814814814815 0.425 0.5592592592592592 0.39739583333333334 0.5537037037037037 0.3932291666666667 0.5601851851851852 0.38645833333333335 0.5574074074074075 0.38645833333333335 0.5370370370370371 0.3890625 0.525 0.3958333333333333 0.5259259259259259
0 0.7135416666666666 0.5287037037037037 0.7265625 0.5351851851851852 0.7380208333333333 0.5333333333333333 0.7411458333333333 0.5361111111111111 0.7427083333333333 0.5416666666666666 0.7421875 0.5527777777777778 0.7390625 0.562037037037037 0.7348958333333333 0.5648148148148148 0.7265625 0.5537037037037037 0.7067708333333333 0.5462962962962963 0.7046875 0.5398148148148149 0.7057291666666666 0.5324074074074074 0.7098958333333333 0.5277777777777778 0.7130208333333333 0.5287037037037037
0 0.628125 0.7046296296296296 0.6479166666666667 0.7092592592592593 0.653125 0.7092592592592593 0.6578125 0.7046296296296296 0.6625 0.7055555555555556 0.6651041666666667 0.712037037037037 0.665625 0.725 0.6645833333333333 0.7333333333333333 0.6609375 0.7361111111111112 0.6473958333333333 0.7287037037037037 0.6166666666666667 0.7231481481481481 0.6151041666666667 0.7129629629629629 0.6171875 0.7046296296296296 0.6276041666666666 0.7046296296296296
0 0.4296875 0.6925925925925925 0.4395833333333333 0.6916666666666667 0.465625 0.675 0.49322916666666666 0.6620370370370371 0.49635416666666665 0.662962962962963 0.4973958333333333 0.6685185185185185 0.4942708333333333 0.6759259259259259 0.44375 0.7 0.434375 0.7064814814814815 0.4322916666666667 0.7111111111111111 0.428125 0.7111111111111111 0.42552083333333335 0.7064814814814815 0.42552083333333335 0.6981481481481482 0.42916666666666664 0.6925925925925925
0 0.6208333333333333 0.37592592592592594 0.6390625 0.37962962962962965 0.6536458333333334 0.37777777777777777 0.6552083333333333 0.38333333333333336 0.6541666666666667 0.4 0.6526041666666667 0.4074074074074074 0.6479166666666667 0.4111111111111111 0.6421875 0.4009259259259259 0.61875 0.3972222222222222 0.6130208333333333 0.39351851851851855 0.6140625 0.37962962962962965 0.6203125 0.37592592592592594
0 0.5567708333333333 0.5194444444444445 0.5598958333333334 0.5259259259259259 0.5598958333333334 0.5333333333333333 0.5572916666666666 0.5453703703703704 0.5578125 0.5916666666666667 0.5541666666666667 0.5972222222222222 0.5484375 0.5972222222222222 0.5447916666666667 0.5916666666666667 0.5432291666666667 0.5462962962962963 0.540625 0.5398148148148149 0.540625 0.5287037037037037 0.5432291666666667 0.5194444444444445 0.55625 0.5194444444444445
0 0.7223958333333333 0.4046296296296296 0.7255208333333333 0.4111111111111111 0.7255208333333333 0.4185185185185185 0.7145833333333333 0.43703703703703706 0.7098958333333333 0.43703703703703706 0.7083333333333334 0.4324074074074074 0.7125 0.4101851851851852 0.7166666666666667 0.40370370370370373 0.721875 0.4046296296296296
2 0.4395833333333333 0.6212962962962963 0.440625 0.6259259259259259 0.4390625 0.6287037037037037 0.43333333333333335 0.6259259259259259 0.434375 0.6212962962962963 0.4390625 0.6212962962962963
2 0.6072916666666667 0.5361111111111111 0.6119791666666666 0.5435185185185185 0.6114583333333333 0.5527777777777778 0.6020833333333333 0.562962962962963 0.5921875 0.562037037037037 0.5875 0.5564814814814815 0.5864583333333333 0.549074074074074 0.5921875 0.537962962962963 0.5973958333333333 0.5351851851851852 0.6067708333333334 0.5361111111111111
2 0.8203125 0.30833333333333335 0.821875 0.3148148148148148 0.8208333333333333 0.32222222222222224 0.8177083333333334 0.3277777777777778 0.8109375 0.3314814814814815 0.8036458333333333 0.3277777777777778 0.803125 0.3175925925925926 0.8104166666666667 0.30925925925925923 0.8197916666666667 0.30833333333333335
2 0.478125 0.5685185185185185 0.4791666666666667 0.5740740740740741 0.47708333333333336 0.5768518518518518 0.47239583333333335 0.575925925925926 0.4713541666666667 0.5703703703703704 0.4734375 0.5675925925925925 0.47760416666666666 0.5685185185185185
2 0.6729166666666667 0.5666666666666667 0.6760416666666667 0.5712962962962963 0.671875 0.5768518518518518 0.6682291666666667 0.575 0.6682291666666667 0.5694444444444444 0.6723958333333333 0.5666666666666667
2 0.46041666666666664 0.3962962962962963 0.4703125 0.4046296296296296 0.47239583333333335 0.4185185185185185 0.46822916666666664 0.4287037037037037 0.4588541666666667 0.43333333333333335 0.453125 0.4324074074074074 0.44583333333333336 0.42592592592592593 0.4432291666666667 0.41759259259259257 0.4432291666666667 0.40925925925925927 0.44895833333333335 0.3990740740740741 0.45989583333333334 0.3962962962962963
2 0.4432291666666667 0.6351851851851852 0.44427083333333334 0.6435185185185185 0.44114583333333335 0.6472222222222223 0.4348958333333333 0.6462962962962963 0.4317708333333333 0.6388888888888888 0.4348958333333333 0.6333333333333333 0.4427083333333333 0.6351851851851852
2 0.7723958333333333 0.41388888888888886 0.7776041666666667 0.4212962962962963 0.7770833333333333 0.4324074074074074 0.7723958333333333 0.44166666666666665 0.7625 0.44907407407407407 0.7546875 0.44907407407407407 0.7479166666666667 0.44351851851851853 0.7479166666666667 0.42777777777777776 0.7546875 0.41759259259259257 0.7619791666666667 0.41388888888888886 0.771875 0.41388888888888886
2 0.371875 0.362962962962963 0.3796875 0.3685185185185185 0.38385416666666666 0.37592592592592594 0.3854166666666667 0.38425925925925924 0.38177083333333334 0.39814814814814814 0.3734375 0.40185185185185185 0.3625 0.39814814814814814 0.3546875 0.38425925925925924 0.3546875 0.37592592592592594 0.359375 0.36574074074074076 0.37135416666666665 0.362962962962963
2 0.5286458333333334 0.6282407407407408 0.010416666666666666 0.012037037037037037
2 0.7395833333333334 0.4398148148148148 0.7453125 0.44537037037037036 0.7458333333333333 0.4564814814814815 0.7411458333333333 0.46574074074074073 0.73125 0.4722222222222222 0.7203125 0.46944444444444444 0.7171875 0.4638888888888889 0.7171875 0.45555555555555555 0.7234375 0.4444444444444444 0.7390625 0.4398148148148148
2 0.41458333333333336 0.4444444444444444 0.42135416666666664 0.44907407407407407 0.4244791666666667 0.4564814814814815 0.4239583333333333 0.4638888888888889 0.4203125 0.4703703703703704 0.41458333333333336 0.4740740740740741 0.40625 0.4703703703703704 0.4015625 0.462037037037037 0.4015625 0.45555555555555555 0.4041666666666667 0.44814814814814813 0.4140625 0.4444444444444444
2 0.45989583333333334 0.625 0.46770833333333334 0.6287037037037037 0.4703125 0.6333333333333333 0.46979166666666666 0.6425925925925926 0.4640625 0.6481481481481481 0.4557291666666667 0.6481481481481481 0.44895833333333335 0.6425925925925926 0.4473958333333333 0.6342592592592593 0.44947916666666665 0.6296296296296297 0.459375 0.6259259259259259
2 0.6828125 0.5972222222222222 0.6869791666666667 0.6027777777777777 0.6869791666666667 0.6092592592592593 0.6833333333333333 0.6166666666666667 0.6770833333333334 0.6203703703703703 0.6651041666666667 0.6175925925925926 0.6625 0.6083333333333333 0.6682291666666667 0.5990740740740741 0.6822916666666666 0.5972222222222222
2 0.5328125 0.6814814814814815 0.5375 0.6861111111111111 0.5375 0.6916666666666667 0.5333333333333333 0.6953703703703704 0.5276041666666667 0.6935185185185185 0.5260416666666666 0.6861111111111111 0.5322916666666667 0.6824074074074075
2 0.5484375 0.3435185185185185 0.5505208333333333 0.35185185185185186 0.546875 0.35648148148148145 0.5432291666666667 0.35555555555555557 0.5411458333333333 0.34814814814814815 0.5427083333333333 0.34444444444444444 0.5479166666666667 0.3435185185185185
2 0.6067708333333334 0.5194444444444445 0.6078125 0.5277777777777778 0.6041666666666666 0.5324074074074074 0.5984375 0.5305555555555556 0.596875 0.525 0.5989583333333334 0.5203703703703704 0.60625 0.5194444444444445
2 0.6411458333333333 0.3592592592592593 0.64375 0.3675925925925926 0.6416666666666667 0.3731481481481482 0.6375 0.37592592592592594 0.6317708333333333 0.37407407407407406 0.6296875 0.3685185185185185 0.6333333333333333 0.36018518518518516 0.640625 0.3592592592592593
2 0.6036458333333333 0.6657407407407407 0.6078125 0.6712962962962963 0.6072916666666667 0.6768518518518518 0.6005208333333333 0.6833333333333333 0.5921875 0.6824074074074075 0.5890625 0.674074074074074 0.5921875 0.6675925925925926 0.603125 0.6657407407407407
2 0.6822916666666666 0.41759259259259257 0.6864583333333333 0.4212962962962963 0.6869791666666667 0.42592592592592593 0.6833333333333333 0.4351851851851852 0.6802083333333333 0.43703703703703706 0.671875 0.4351851851851852 0.6703125 0.42592592592592593 0.6744791666666666 0.41944444444444445 0.6817708333333333 0.41759259259259257
2 0.4 0.3351851851851852 0.013541666666666667 0.020370370370370372
1 0.9885416666666667 0.20925925925925926 0.9953125 0.21851851851851853 0.9973958333333334 0.23148148148148148 0.9994791666666667 0.23333333333333334 0.9994791666666667 0.2601851851851852 0.9973958333333334 0.2611111111111111 0.9994791666666667 0.2638888888888889 0.9994791666666667 0.38425925925925924 0.9958333333333333 0.38981481481481484 0.9890625 0.39351851851851855 0.9869791666666666 0.39351851851851855 0.9859375 0.38981481481481484 0.990625 0.3712962962962963 0.984375 0.3592592592592593 0.9640625 0.3611111111111111 0.9578125 0.35555555555555557 0.9447916666666667 0.3037037037037037 0.9401041666666666 0.29259259259259257 0.9421875 0.2814814814814815 0.95625 0.24166666666666667 0.9666666666666667 0.21944444444444444 0.9833333333333333 0.20925925925925926 0.9880208333333333 0.20925925925925926
1 0.9395833333333333 0.2962962962962963 0.9432291666666667 0.3037037037037037 0.9479166666666666 0.32685185185185184 0.9557291666666666 0.35185185185185186 0.9598958333333333 0.3592592592592593 0.9666666666666667 0.3638888888888889 0.9807291666666667 0.36203703703703705 0.9875 0.37037037037037035 0.984375 0.39166666666666666 0.9901041666666667 0.4101851851851852 0.9942708333333333 0.4166666666666667 0.9994791666666667 0.41944444444444445 0.9994791666666667 0.43796296296296294 0.9854166666666667 0.44351851851851853 0.9770833333333333 0.44074074074074077 0.9739583333333334 0.43333333333333335 0.9697916666666667 0.4111111111111111 0.9625 0.40370370370370373 0.95625 0.39166666666666666 0.9427083333333334 0.38055555555555554 0.9322916666666666 0.3574074074074074 0.928125 0.3277777777777778 0.9317708333333333 0.31203703703703706 0.9390625 0.2962962962962963
1 0.265625 0.6657407407407407 0.2734375 0.6666666666666666 0.27447916666666666 0.6694444444444444 0.2703125 0.6916666666666667 0.26927083333333335 0.7175925925925926 0.2625 0.7787037037037037 0.259375 0.7861111111111111 0.25364583333333335 0.7916666666666666 0.2515625 0.8027777777777778 0.24791666666666667 0.8064814814814815 0.2375 0.8018518518518518 0.23802083333333332 0.7861111111111111 0.23385416666666667 0.7768518518518519 0.2359375 0.7527777777777778 0.2421875 0.7157407407407408 0.24739583333333334 0.6685185185185185 0.25 0.6657407407407407 0.26510416666666664 0.6657407407407407
1 0.2765625 0.6675925925925926 0.29739583333333336 0.6675925925925926 0.30052083333333335 0.675 0.2916666666666667 0.7648148148148148 0.2838541666666667 0.7944444444444444 0.28177083333333336 0.812037037037037 0.27395833333333336 0.8157407407407408 0.2682291666666667 0.8111111111111111 0.26927083333333335 0.7898148148148149 0.26666666666666666 0.7537037037037037 0.2708333333333333 0.7018518518518518 0.2765625 0.6685185185185185