0 0.39791666666666664 0.31851851851851853 0.4109375 0.35 0.4083333333333333 0.3592592592592593 0.4041666666666667 0.3592592592592593 0.3885416666666667 0.33611111111111114 0.390625 0.32314814814814813 0.39739583333333334 0.31851851851851853
0 0.5536458333333333 0.2898148148148148 0.55625 0.29814814814814816 0.5833333333333334 0.3138888888888889 0.584375 0.3194444444444444 0.5817708333333333 0.3277777777777778 0.5567708333333333 0.3138888888888889 0.5453125 0.31203703703703706 0.54375 0.30277777777777776 0.5458333333333333 0.2935185185185185 0.5489583333333333 0.28888888888888886 0.553125 0.2898148148148148
0 0.5255208333333333 0.387037037037037 0.5307291666666667 0.4009259259259259 0.5296875 0.4083333333333333 0.5260416666666666 0.4111111111111111 0.5208333333333334 0.4064814814814815 0.5197916666666667 0.3990740740740741 0.5203125 0.3888888888888889 0.525 0.387037037037037
0 0.36640625 0.5041666666666667 0.034895833333333334 0.11018518518518519
0 0.5046875 0.25925925925925924 0.5072916666666667 0.2712962962962963 0.4947916666666667 0.27870370370370373 0.4942708333333333 0.2712962962962963 0.5041666666666667 0.2601851851851852
0 0.3890625 0.35462962962962963 0.39114583333333336 0.36666666666666664 0.38333333333333336 0.39444444444444443 0.3802083333333333 0.39814814814814814 0.37552083333333336 0.39166666666666666 0.3765625 0.3592592592592593 0.3807291666666667 0.3509259259259259 0.3854166666666667 0.3509259259259259 0.3885416666666667 0.35462962962962963
0 0.671875 0.3972222222222222 0.6744791666666666 0.4009259259259259 0.6770833333333334 0.41388888888888886 0.675 0.42685185185185187 0.659375 0.42777777777777776 0.6411458333333333 0.43333333333333335 0.6348958333333333 0.43148148148148147 0.6333333333333333 0.425 0.6348958333333333 0.41388888888888886 0.6625 0.4046296296296296 0.6677083333333333 0.3972222222222222 0.6713541666666667 0.3972222222222222
0 0.5817708333333333 0.24166666666666667 0.5848958333333333 0.24537037037037038 0.5848958333333333 0.2564814814814815 0.575 0.25555555555555554 0.5203125 0.2722222222222222 0.5166666666666667 0.2712962962962963 0.515625 0.26481481481481484 0.5192708333333333 0.2611111111111111 0.5765625 0.2462962962962963 0.58125 0.24259259259259258
0 0.4276041666666667 0.22592592592592592 0.43125 0.2361111111111111 0.4296875 0.24444444444444444 0.4161458333333333 0.25277777777777777 0.36302083333333335 0.3175925925925926 0.3567708333333333 0.3212962962962963 0.3536458333333333 0.31851851851851853 0.35208333333333336 0.3111111111111111 0.35572916666666665 0.30092592592592593 0.41302083333333334 0.23703703703703705 0.41875 0.22407407407407406 0.421875 0.2222222222222222 0.4270833333333333 0.22592592592592592
0 0.6333333333333333 0.5203703703703704 0.6541666666666667 0.5361111111111111 0.65625 0.5425925925925926 0.6541666666666667 0.549074074074074 0.6302083333333334 0.5333333333333333 0.6229166666666667 0.5324074074074074 0.6208333333333333 0.5287037037037037 0.6213541666666667 0.5212962962962963 0.6260416666666667 0.5111111111111111 0.6296875 0.5111111111111111 0.6328125 0.5203703703703704
0 0.5572916666666666 0.4324074074074074 0.5609375 0.43703703703703706 0.559375 0.5055555555555555 0.5625 0.5148148148148148 0.5630208333333333 0.5259259259259259 0.5598958333333334 0.5361111111111111 0.5536458333333333 0.5398148148148149 0.5427083333333333 0.5361111111111111 0.5395833333333333 0.5296296296296297 0.5395833333333333 0.5148148148148148 0.5442708333333334 0.5018518518518519 0.546875 0.43796296296296294 0.55 0.43333333333333335 0.5567708333333333 0.4324074074074074
0 0.47760416666666666 0.25462962962962965 0.48072916666666665 0.25 0.49114583333333334 0.2462962962962963 0.49270833333333336 0.2518518518518518 0.490625 0.26296296296296295 0.48072916666666665 0.2611111111111111 0.478125 0.25555555555555554
0 0.6283854166666667 0.3101851851851852 0.016145833333333335 0.044444444444444446
2 0.6854166666666667 0.3398148148148148 0.6895833333333333 0.34444444444444444 0.6901041666666666 0.35185185185185186 0.684375 0.3574074074074074 0.675 0.35462962962962963 0.6713541666666667 0.3490740740740741 0.6713541666666667 0.34444444444444444 0.6755208333333333 0.3388888888888889 0.6848958333333334 0.3398148148148148
2 0.6036458333333333 0.30925925925925923 0.6078125 0.3138888888888889 0.6041666666666666 0.32037037037037036 0.5963541666666666 0.31666666666666665 0.5973958333333333 0.3101851851851852 0.603125 0.30925925925925923
2 0.4744791666666667 0.4962962962962963 0.48125 0.5046296296296297 0.48125 0.5148148148148148 0.47708333333333336 0.5222222222222223 0.4671875 0.5259259259259259 0.45677083333333335 0.5194444444444445 0.45416666666666666 0.5120370370370371 0.4546875 0.5074074074074074 0.46197916666666666 0.49722222222222223 0.4739583333333333 0.4962962962962963
2 0.44427083333333334 0.2722222222222222 0.45 0.2759259259259259 0.4510416666666667 0.2833333333333333 0.44375 0.29074074074074074 0.4348958333333333 0.2898148148148148 0.43125 0.2833333333333333 0.43385416666666665 0.2759259259259259 0.44375 0.2722222222222222
2 0.7036458333333333 0.48518518518518516 0.7098958333333333 0.4888888888888889 0.7130208333333333 0.49537037037037035 0.7125 0.5064814814814815 0.70625 0.512962962962963 0.6958333333333333 0.5101851851851852 0.6890625 0.4981481481481482 0.6921875 0.48703703703703705 0.6958333333333333 0.4842592592592593 0.703125 0.48518518518518516
2 0.546875 0.3537037037037037 0.5505208333333333 0.35833333333333334 0.5505208333333333 0.36203703703703705 0.5473958333333333 0.36574074074074076 0.5416666666666666 0.36574074074074076 0.5380208333333333 0.36203703703703705 0.5395833333333333 0.35462962962962963 0.5463541666666667 0.3537037037037037
2 0.5296875 0.462037037037037 0.5375 0.4666666666666667 0.5401041666666667 0.47314814814814815 0.5395833333333333 0.48333333333333334 0.5307291666666667 0.49074074074074076 0.5192708333333333 0.48703703703703705 0.5140625 0.47685185185185186 0.5171875 0.4666666666666667 0.5291666666666667 0.462037037037037
2 0.5020833333333333 0.35555555555555557 0.5046875 0.362962962962963 0.5015625 0.36666666666666664 0.4953125 0.362962962962963 0.496875 0.35648148148148145 0.5015625 0.35555555555555557
2 0.5036458333333333 0.4074074074074074 0.5057291666666667 0.4148148148148148 0.5015625 0.4222222222222222 0.4947916666666667 0.4203703703703704 0.49270833333333336 0.4111111111111111 0.4979166666666667 0.4064814814814815 0.503125 0.4074074074074074
2 0.409375 0.39814814814814814 0.4161458333333333 0.40555555555555556 0.4161458333333333 0.41203703703703703 0.4114583333333333 0.41944444444444445 0.4046875 0.4222222222222222 0.39427083333333335 0.4185185185185185 0.39166666666666666 0.4101851851851852 0.39739583333333334 0.4 0.4088541666666667 0.39814814814814814
2 0.5052083333333334 0.3212962962962963 0.5098958333333333 0.32407407407407407 0.5125 0.3333333333333333 0.5104166666666666 0.33796296296296297 0.5046875 0.3416666666666667 0.4953125 0.3398148148148148 0.49114583333333334 0.33425925925925926 0.49270833333333336 0.325 0.4979166666666667 0.3212962962962963 0.5046875 0.3212962962962963
2 0.6057291666666667 0.2490740740740741 0.6083333333333333 0.2518518518518518 0.60625 0.2564814814814815 0.6020833333333333 0.25555555555555554 0.6020833333333333 0.25092592592592594 0.6052083333333333 0.2490740740740741
2 0.5213541666666667 0.29259259259259257 0.5223958333333333 0.2972222222222222 0.5192708333333333 0.30092592592592593 0.5161458333333333 0.29907407407407405 0.5161458333333333 0.29444444444444445 0.5208333333333334 0.29259259259259257
2 0.5583333333333333 0.4 0.5598958333333334 0.40370370370370373 0.5588541666666667 0.4074074074074074 0.5536458333333333 0.4074074074074074 0.5526041666666667 0.40370370370370373 0.5541666666666667 0.4 0.5578125 0.4
2 0.5098958333333333 0.2916666666666667 0.5140625 0.2962962962962963 0.5145833333333333 0.3037037037037037 0.5052083333333334 0.3111111111111111 0.49583333333333335 0.30648148148148147 0.4942708333333333 0.2962962962962963 0.4979166666666667 0.2916666666666667 0.509375 0.2916666666666667
2 0.5697916666666667 0.43425925925925923 0.5739583333333333 0.4388888888888889 0.5744791666666667 0.44722222222222224 0.5723958333333333 0.45092592592592595 0.5645833333333333 0.4537037037037037 0.5604166666666667 0.44814814814814813 0.5604166666666667 0.4361111111111111 0.5692708333333333 0.43425925925925923
2 0.421875 0.45092592592592595 0.4276041666666667 0.4564814814814815 0.42864583333333334 0.4666666666666667 0.42552083333333335 0.47314814814814815 0.41822916666666665 0.4787037037037037 0.4125 0.4787037037037037 0.40572916666666664 0.4740740740740741 0.403125 0.46296296296296297 0.40625 0.45555555555555555 0.4109375 0.45185185185185184 0.42135416666666664 0.45092592592592595
2 0.6140625 0.3435185185185185 0.6161458333333333 0.3490740740740741 0.6135416666666667 0.3537037037037037 0.6078125 0.3537037037037037 0.6036458333333333 0.34814814814814815 0.6057291666666667 0.3425925925925926 0.6135416666666667 0.3435185185185185
1 0.9005208333333333 0.5101851851851852 0.9088541666666666 0.5120370370370371 0.921875 0.5296296296296297 0.9229166666666667 0.5361111111111111 0.9192708333333334 0.5462962962962963 0.9192708333333334 0.5546296296296296 0.9296875 0.5712962962962963 0.9328125 0.5814814814814815 0.9322916666666666 0.5879629629629629 0.9270833333333334 0.5990740740740741 0.921875 0.6185185185185185 0.9119791666666667 0.6703703703703704 0.9046875 0.6768518518518518 0.8901041666666667 0.6712962962962963 0.8625 0.6481481481481481 0.85625 0.6351851851851852 0.8572916666666667 0.6259259259259259 0.86875 0.5907407407407408 0.8760416666666667 0.5481481481481482 0.8833333333333333 0.5407407407407407 0.8979166666666667 0.5407407407407407 0.9 0.537962962962963 0.9036458333333334 0.5268518518518519 0.9005208333333333 0.5111111111111111
1 0.9166666666666666 0.6574074074074074 0.9203125 0.6287037037037037 0.9270833333333334 0.6018518518518519 0.9333333333333333 0.5861111111111111 0.9307291666666667 0.5731481481481482 0.9234375 0.5546296296296296 0.9296875 0.549074074074074 0.9354166666666667 0.5351851851851852 0.9390625 0.5351851851851852 0.9442708333333333 0.5712962962962963 0.953125 0.6101851851851852 0.953125 0.6175925925925926 0.9453125 0.6509259259259259 0.9416666666666667 0.6574074074074074 0.9369791666666667 0.6601851851851852 0.921875 0.6601851851851852 0.9171875 0.6574074074074074
1 0.22447916666666667 0.17685185185185184 0.22760416666666666 0.17962962962962964 0.2296875 0.19074074074074074 0.23854166666666668 0.2037037037037037 0.24895833333333334 0.2962962962962963 0.24791666666666667 0.30833333333333335 0.23229166666666667 0.3111111111111111 0.22447916666666667 0.30833333333333335 0.21197916666666666 0.21203703703703702 0.21197916666666666 0.20462962962962963 0.21510416666666668 0.19722222222222222 0.21458333333333332 0.1814814814814815 0.22395833333333334 0.17685185185185184
1 0.8973958333333333 0.4675925925925926 0.9072916666666667 0.4777777777777778 0.91875 0.4842592592592593 0.9192708333333334 0.48703703703703705 0.9109375 0.5009259259259259 0.8994791666666667 0.5101851851851852 0.9020833333333333 0.5268518518518519 0.8979166666666667 0.5388888888888889 0.8828125 0.5398148148148149 0.875 0.549074074074074 0.8661458333333333 0.5972222222222222 0.8635416666666667 0.600925925925926 0.8614583333333333 0.6 0.8557291666666667 0.5833333333333334 0.8557291666666667 0.5601851851851852 0.8583333333333333 0.5481481481481482 0.8661458333333333 0.5287037037037037 0.8776041666666666 0.5185185185185185 0.8838541666666667 0.5037037037037037 0.8880208333333334 0.5009259259259259 0.8890625 0.47685185185185186 0.8916666666666667 0.4703703703703704 0.896875 0.4685185185185185
1 0.25364583333333335 0.1685185185185185 0.25677083333333334 0.17222222222222222 0.2578125 0.18611111111111112 0.2671875 0.2222222222222222 0.2734375 0.2796296296296296 0.2791666666666667 0.30648148148148147 0.2635416666666667 0.3101851851851852 0.2546875 0.3101851851851852 0.25052083333333336 0.30648148148148147 0.24947916666666667 0.28703703703703703 0.24375 0.2490740740740741 0.2421875 0.22407407407407406 0.24375 0.17314814814814813 0.24739583333333334 0.1685185185185185 0.253125 0.1685185185185185