0 0.36614583333333334 0.45555555555555555 0.4239583333333333 0.5037037037037037 0.4354166666666667 0.5064814814814815 0.4375 0.5166666666666667 0.4322916666666667 0.5296296296296297 0.4270833333333333 0.5277777777777778 0.4171875 0.512962962962963 0.36302083333333335 0.4703703703703704 0.359375 0.4648148148148148 0.359375 0.45925925925925926 0.3619791666666667 0.45555555555555555 0.365625 0.45555555555555555
0 0.5270833333333333 0.3509259259259259 0.5317708333333333 0.35555555555555557 0.5338541666666666 0.36666666666666664 0.5255208333333333 0.40555555555555556 0.5213541666666667 0.40925925925925927 0.5171875 0.4083333333333333 0.515625 0.40370370370370373 0.515625 0.3638888888888889 0.5197916666666667 0.35185185185185186 0.5265625 0.3509259259259259
0 0.4244791666666667 0.3277777777777778 0.42604166666666665 0.33425925925925926 0.425 0.34444444444444444 0.4010416666666667 0.3490740740740741 0.3489583333333333 0.3712962962962963 0.34270833333333334 0.36944444444444446 0.3421875 0.36203703703703705 0.3453125 0.35833333333333334 0.40677083333333336 0.337037037037037 0.41510416666666666 0.3333333333333333 0.42083333333333334 0.32685185185185184 0.4239583333333333 0.3277777777777778
0 0.6276041666666666 0.262037037037037 0.63125 0.275 0.6296875 0.2861111111111111 0.6203125 0.2861111111111111 0.6083333333333333 0.2916666666666667 0.6026041666666667 0.28888888888888886 0.6020833333333333 0.2814814814814815 0.6036458333333333 0.2777777777777778 0.6182291666666667 0.27037037037037037 0.6234375 0.262037037037037 0.6270833333333333 0.262037037037037
0 0.47552083333333334 0.3111111111111111 0.4791666666666667 0.31574074074074077 0.4796875 0.32592592592592595 0.4640625 0.3592592592592593 0.459375 0.3592592592592593 0.45416666666666666 0.3527777777777778 0.45260416666666664 0.33611111111111114 0.45625 0.3287037037037037 0.46145833333333336 0.32685185185185184 0.46979166666666666 0.3138888888888889 0.475 0.3111111111111111
0 0.49166666666666664 0.3537037037037037 0.4979166666666667 0.36574074074074076 0.5 0.37962962962962965 0.515625 0.4111111111111111 0.5151041666666667 0.4212962962962963 0.509375 0.4287037037037037 0.5015625 0.4212962962962963 0.490625 0.3972222222222222 0.48385416666666664 0.39166666666666666 0.478125 0.37777777777777777 0.47760416666666666 0.3712962962962963 0.48072916666666665 0.36203703703703705 0.4859375 0.35462962962962963 0.49114583333333334 0.3537037037037037
0 0.5026041666666666 0.24166666666666667 0.5046875 0.24351851851851852 0.5057291666666667 0.2564814814814815 0.5020833333333333 0.2638888888888889 0.41770833333333335 0.2833333333333333 0.40729166666666666 0.2898148148148148 0.40260416666666665 0.2972222222222222 0.4 0.2972222222222222 0.3963541666666667 0.2861111111111111 0.3958333333333333 0.2675925925925926 0.39739583333333334 0.26481481481481484 0.409375 0.26944444444444443 0.5020833333333333 0.24166666666666667
0 0.47708333333333336 0.275 0.48020833333333335 0.2777777777777778 0.48125 0.30092592592592593 0.47760416666666666 0.30462962962962964 0.47291666666666665 0.30092592592592593 0.4739583333333333 0.2777777777777778 0.4765625 0.2759259259259259
0 0.5822916666666667 0.44351851851851853 0.5859375 0.44537037037037036 0.5942708333333333 0.4425925925925926 0.5973958333333333 0.44814814814814813 0.5963541666666666 0.4685185185185185 0.5885416666666666 0.48148148148148145 0.5776041666666667 0.4601851851851852 0.5494791666666666 0.4425925925925926 0.5484375 0.4388888888888889 0.5479166666666667 0.4324074074074074 0.5536458333333333 0.42685185185185187 0.5817708333333333 0.44351851851851853
2 0.32447916666666665 0.3675925925925926 0.3307291666666667 0.3712962962962963 0.33177083333333335 0.37962962962962965 0.3296875 0.38333333333333336 0.32135416666666666 0.387037037037037 0.3145833333333333 0.38333333333333336 0.31302083333333336 0.375 0.31666666666666665 0.36944444444444446 0.32395833333333335 0.3675925925925926
2 0.6822916666666666 0.31666666666666665 0.6895833333333333 0.32314814814814813 0.6911458333333333 0.3277777777777778 0.6890625 0.33425925925925926 0.6848958333333334 0.337037037037037 0.6713541666666667 0.33425925925925926 0.6666666666666666 0.32592592592592595 0.671875 0.31851851851851853 0.6817708333333333 0.31666666666666665
2 0.6255208333333333 0.2361111111111111 0.6296875 0.24074074074074073 0.6302083333333334 0.24722222222222223 0.6203125 0.2537037037037037 0.6125 0.25 0.6098958333333333 0.24444444444444444 0.6104166666666667 0.24074074074074073 0.615625 0.2351851851851852 0.625 0.2361111111111111
2 0.26197916666666665 0.5648148148148148 0.26197916666666665 0.5583333333333333 0.2682291666666667 0.5518518518518518 0.27447916666666666 0.5564814814814815 0.27395833333333336 0.562962962962963 0.26979166666666665 0.5666666666666667 0.2625 0.5648148148148148
2 0.6125 0.3416666666666667 0.6161458333333333 0.34814814814814815 0.6125 0.35462962962962963 0.6057291666666667 0.3537037037037037 0.603125 0.3490740740740741 0.60625 0.3416666666666667 0.6119791666666666 0.3416666666666667
2 0.5463541666666667 0.42962962962962964 0.5489583333333333 0.4351851851851852 0.5458333333333333 0.4444444444444444 0.5390625 0.4444444444444444 0.5354166666666667 0.4388888888888889 0.5364583333333334 0.43148148148148147 0.5458333333333333 0.42962962962962964
2 0.6484375 0.3851851851851852 0.6505208333333333 0.3907407407407407 0.6453125 0.3972222222222222 0.6380208333333334 0.39444444444444443 0.6369791666666667 0.3851851851851852 0.6479166666666667 0.3851851851851852
2 0.453125 0.2074074074074074 0.46041666666666664 0.21296296296296297 0.459375 0.2212962962962963 0.45364583333333336 0.22407407407407406 0.4473958333333333 0.22314814814814815 0.44375 0.2175925925925926 0.44583333333333336 0.2101851851851852 0.45260416666666664 0.2074074074074074
2 0.37552083333333336 0.39166666666666666 0.3828125 0.3962962962962963 0.3848958333333333 0.4 0.3848958333333333 0.4064814814814815 0.3796875 0.41388888888888886 0.3723958333333333 0.41759259259259257 0.3651041666666667 0.4166666666666667 0.3609375 0.41203703703703703 0.36041666666666666 0.4027777777777778 0.36666666666666664 0.39351851851851855 0.375 0.39166666666666666
2 0.484375 0.3333333333333333 0.49114583333333334 0.337037037037037 0.49270833333333336 0.34074074074074073 0.4921875 0.34814814814814815 0.48541666666666666 0.3537037037037037 0.47708333333333336 0.3537037037037037 0.4713541666666667 0.34814814814814815 0.4744791666666667 0.33796296296296297 0.48385416666666664 0.3333333333333333
2 0.5125 0.5194444444444445 0.5145833333333333 0.5222222222222223 0.5145833333333333 0.5268518518518519 0.5125 0.5296296296296297 0.5083333333333333 0.5296296296296297 0.5057291666666667 0.525 0.5072916666666667 0.5203703703703704 0.5119791666666667 0.5194444444444445
2 0.5192708333333333 0.4740740740740741 0.5276041666666667 0.48055555555555557 0.5296875 0.49166666666666664 0.5265625 0.4981481481481482 0.51875 0.5027777777777778 0.5088541666666667 0.5009259259259259 0.503125 0.4925925925925926 0.5041666666666667 0.4824074074074074 0.5078125 0.47685185185185186 0.51875 0.4740740740740741
2 0.4703125 0.23333333333333334 0.47708333333333336 0.24074074074074073 0.47760416666666666 0.24444444444444444 0.4661458333333333 0.2518518518518518 0.45989583333333334 0.2518518518518518 0.45677083333333335 0.24444444444444444 0.45729166666666665 0.24074074074074073 0.45989583333333334 0.2361111111111111 0.46979166666666666 0.23333333333333334
2 0.5854166666666667 0.49722222222222223 0.5953125 0.5027777777777778 0.5984375 0.5092592592592593 0.5984375 0.5166666666666667 0.5953125 0.524074074074074 0.5854166666666667 0.5296296296296297 0.5744791666666667 0.5231481481481481 0.5708333333333333 0.512962962962963 0.571875 0.5046296296296297 0.5744791666666667 0.5009259259259259 0.5848958333333333 0.49722222222222223
2 0.35989583333333336 0.4101851851851852 0.3614583333333333 0.4203703703703704 0.359375 0.42407407407407405 0.3489583333333333 0.4287037037037037 0.3421875 0.42592592592592593 0.340625 0.4212962962962963 0.3416666666666667 0.41574074074074074 0.3489583333333333 0.4074074074074074 0.359375 0.4101851851851852
1 0.016145833333333335 0.3314814814814815 0.021354166666666667 0.33796296296296297 0.030208333333333334 0.36203703703703705 0.0234375 0.37407407407407406 0.022395833333333334 0.3861111111111111 0.019791666666666666 0.38796296296296295 0.009895833333333333 0.38425925925925924 0 0.36666666666666664 0 0.33796296296296297 0.015625 0.3314814814814815
1 0.12916666666666668 0.5342592592592592 0.14322916666666666 0.5342592592592592 0.1515625 0.5435185185185185 0.15677083333333333 0.5824074074074074 0.16979166666666667 0.6222222222222222 0.1703125 0.6324074074074074 0.1546875 0.6527777777777778 0.1265625 0.6712962962962963 0.11927083333333334 0.6712962962962963 0.11510416666666666 0.6657407407407407 0.11145833333333334 0.6518518518518519 0.10833333333333334 0.625 0.10052083333333334 0.5944444444444444 0.0953125 0.5814814814814815 0.0953125 0.5722222222222222 0.1 0.5601851851851852 0.10885416666666667 0.5472222222222223 0.10572916666666667 0.5287037037037037 0.10885416666666667 0.5175925925925926 0.11875 0.5083333333333333 0.12395833333333334 0.5074074074074074 0.1234375 0.5212962962962963 0.12864583333333332 0.5342592592592592
1 0.03177083333333333 0.39166666666666666 0.03854166666666667 0.3972222222222222 0.040625 0.4166666666666667 0.0484375 0.4527777777777778 0.05416666666666667 0.4666666666666667 0.057291666666666664 0.4824074074074074 0.05364583333333333 0.4962962962962963 0.03958333333333333 0.5064814814814815 0.03125 0.5055555555555555 0.027604166666666666 0.5018518518518519 0.023958333333333335 0.4861111111111111 0.015104166666666667 0.46574074074074073 0.0036458333333333334 0.4185185185185185 0.0036458333333333334 0.4111111111111111 0.013541666666666667 0.39814814814814814 0.013541666666666667 0.39351851851851855 0.03125 0.39166666666666666
1 0.05 0.3611111111111111 0.0546875 0.362962962962963 0.05677083333333333 0.3675925925925926 0.0609375 0.3925925925925926 0.07447916666666667 0.4444444444444444 0.07447916666666667 0.45740740740740743 0.06354166666666666 0.4703703703703704 0.05677083333333333 0.4703703703703704 0.049479166666666664 0.4527777777777778 0.03854166666666667 0.39537037037037037 0.0359375 0.39166666666666666 0.026041666666666668 0.38981481481481484 0.022916666666666665 0.3851851851851852 0.0234375 0.375 0.0296875 0.3675925925925926 0.049479166666666664 0.36203703703703705
1 0.08229166666666667 0.5046296296296297 0.0859375 0.5203703703703704 0.09479166666666666 0.5388888888888889 0.10572916666666667 0.5462962962962963 0.10572916666666667 0.55 0.1 0.5583333333333333 0.09479166666666666 0.5731481481481482 0.09479166666666666 0.5805555555555556 0.10625 0.6185185185185185 0.109375 0.6361111111111111 0.109375 0.65 0.10416666666666667 0.6537037037037037 0.09010416666666667 0.6537037037037037 0.08541666666666667 0.6509259259259259 0.08020833333333334 0.6407407407407407 0.06979166666666667 0.5990740740740741 0.06875 0.575 0.07239583333333334 0.5601851851851852 0.0765625 0.5527777777777778 0.075 0.5435185185185185 0.0765625 0.5120370370370371 0.078125 0.5055555555555555 0.08177083333333333 0.5046296296296297
1 0.7828125 0.16018518518518518 0.7885416666666667 0.1648148148148148 0.7864583333333334 0.18796296296296297 0.7895833333333333 0.21666666666666667 0.7822916666666667 0.2796296296296296 0.778125 0.30277777777777776 0.7760416666666666 0.30462962962962964 0.7567708333333333 0.3037037037037037 0.7546875 0.30277777777777776 0.7541666666666667 0.2953703703703704 0.7640625 0.20925925925925926 0.7739583333333333 0.18055555555555555 0.775 0.1648148148148148 0.7822916666666667 0.16018518518518518
1 0.8166666666666667 0.17222222222222222 0.81875 0.175 0.8182291666666667 0.18981481481481483 0.8213541666666667 0.1962962962962963 0.821875 0.20462962962962963 0.8072916666666666 0.30185185185185187 0.8041666666666667 0.3074074074074074 0.7822916666666667 0.30462962962962964 0.7807291666666667 0.3037037037037037 0.7807291666666667 0.29907407407407405 0.7838541666666666 0.2861111111111111 0.7859375 0.25277777777777777 0.7885416666666667 0.24259259259259258 0.7932291666666667 0.2 0.7979166666666667 0.18888888888888888 0.803125 0.18333333333333332 0.80625 0.1712962962962963 0.8161458333333333 0.17222222222222222
1 0.0390625 0.3037037037037037 0.044270833333333336 0.30648148148148147 0.04635416666666667 0.31203703703703706 0.05260416666666667 0.3592592592592593 0.03802083333333333 0.362962962962963 0.03177083333333333 0.36018518518518516 0.027604166666666666 0.3490740740740741 0.0265625 0.33796296296296297 0.021354166666666667 0.3296296296296296 0.019791666666666666 0.32037037037037036 0.020833333333333332 0.3138888888888889 0.025 0.30833333333333335 0.03854166666666667 0.3037037037037037
1 0 0.3814814814814815 0.005208333333333333 0.37592592592592594 0.009375 0.38981481481481484 0.016145833333333335 0.38981481481481484 0.019791666666666666 0.39351851851851855 0.0067708333333333336 0.40555555555555556 0.0036458333333333334 0.41944444444444445 0.022395833333333334 0.4842592592592593 0.011979166666666667 0.48333333333333334 0.004166666666666667 0.4564814814814815 0 0.45 0 0.3824074074074074
1 0.12135416666666667 0.462037037037037 0.12864583333333332 0.4666666666666667 0.14583333333333334 0.5037037037037037 0.16145833333333334 0.524074074074074 0.16822916666666668 0.5398148148148149 0.17135416666666667 0.5555555555555556 0.17135416666666667 0.5731481481481482 0.16927083333333334 0.587037037037037 0.165625 0.5925925925925926 0.16145833333333334 0.5907407407407408 0.153125 0.5444444444444444 0.14270833333333333 0.5314814814814814 0.1296875 0.5314814814814814 0.125 0.5166666666666667 0.12708333333333333 0.5074074074074074 0.1234375 0.5027777777777778 0.11666666666666667 0.5027777777777778 0.1171875 0.49722222222222223 0.10260416666666666 0.4740740740740741 0.10520833333333333 0.46574074074074073 0.11875 0.45925925925925926 0.12083333333333333 0.462037037037037