0 0.5333333333333333 0.44166666666666665 0.5541666666666667 0.4777777777777778 0.565625 0.49166666666666664 0.5661458333333333 0.5 0.5630208333333333 0.5055555555555555 0.5578125 0.5037037037037037 0.5427083333333333 0.475 0.5348958333333333 0.4666666666666667 0.521875 0.4444444444444444 0.5208333333333334 0.43333333333333335 0.5234375 0.4305555555555556 0.528125 0.4324074074074074 0.5328125 0.44166666666666665
0 0.471875 0.35555555555555557 0.4791666666666667 0.37777777777777777 0.5119791666666667 0.44722222222222224 0.5140625 0.4527777777777778 0.5119791666666667 0.462037037037037 0.5041666666666667 0.4546296296296296 0.475 0.3888888888888889 0.4635416666666667 0.3731481481481482 0.4630208333333333 0.36018518518518516 0.4671875 0.35462962962962963 0.4713541666666667 0.35555555555555557
0 0.5104166666666666 0.5851851851851851 0.5223958333333333 0.6138888888888889 0.5229166666666667 0.6203703703703703 0.5182291666666666 0.6268518518518519 0.5125 0.625 0.5078125 0.6027777777777777 0.5104166666666666 0.5861111111111111
0 0.5510416666666667 0.5814814814814815 0.5552083333333333 0.5879629629629629 0.5546875 0.5935185185185186 0.5520833333333334 0.5962962962962963 0.5453125 0.5962962962962963 0.5421875 0.5916666666666667 0.54375 0.5805555555555556 0.5505208333333333 0.5814814814814815
0 0.5395833333333333 0.6231481481481481 0.5515625 0.6324074074074074 0.5520833333333334 0.6425925925925926 0.5473958333333333 0.6481481481481481 0.54375 0.6453703703703704 0.5385416666666667 0.6333333333333333 0.5375 0.6268518518518519 0.5390625 0.6240740740740741
0 0.521875 0.5407407407407407 0.5265625 0.5398148148148149 0.53125 0.5453703703703704 0.528125 0.5675925925925925 0.5270833333333333 0.5712962962962963 0.5239583333333333 0.5722222222222222 0.521875 0.5694444444444444 0.521875 0.5416666666666666
0 0.4979166666666667 0.5037037037037037 0.5015625 0.5148148148148148 0.5015625 0.525 0.496875 0.5370370370370371 0.48854166666666665 0.5361111111111111 0.48541666666666666 0.5324074074074074 0.45989583333333334 0.5296296296296297 0.45729166666666665 0.5259259259259259 0.45677083333333335 0.5138888888888888 0.459375 0.5046296296296297 0.4734375 0.5064814814814815 0.49270833333333336 0.5018518518518519 0.4973958333333333 0.5037037037037037
0 0.5723958333333333 0.5398148148148149 0.5729166666666666 0.5592592592592592 0.5692708333333333 0.5638888888888889 0.5651041666666666 0.5638888888888889 0.5609375 0.5583333333333333 0.54375 0.5564814814814815 0.5432291666666667 0.5462962962962963 0.5463541666666667 0.5425925925925926 0.5614583333333333 0.5425925925925926 0.5671875 0.537962962962963 0.571875 0.5398148148148149
0 0.5244791666666667 0.39444444444444443 0.5338541666666666 0.40185185185185185 0.640625 0.40185185185185185 0.6453125 0.40555555555555556 0.6458333333333334 0.42407407407407405 0.6432291666666666 0.42962962962962964 0.6359375 0.4305555555555556 0.5697916666666667 0.425 0.5317708333333333 0.425 0.528125 0.42962962962962964 0.5203125 0.4305555555555556 0.5161458333333333 0.4222222222222222 0.5161458333333333 0.4027777777777778 0.51875 0.39444444444444443 0.5239583333333333 0.39444444444444443
2 0.5033854166666667 0.6782407407407407 0.0078125 0.013888888888888888
2 0.5161458333333333 0.5138888888888888 0.5182291666666666 0.5287037037037037 0.515625 0.5425925925925926 0.5130208333333334 0.5462962962962963 0.5088541666666667 0.5425925925925926 0.5067708333333333 0.524074074074074 0.5104166666666666 0.5111111111111111 0.515625 0.5138888888888888
2 0.5041666666666667 0.5666666666666667 0.5104166666666666 0.5777777777777777 0.5104166666666666 0.5907407407407408 0.50625 0.600925925925926 0.5020833333333333 0.6037037037037037 0.49635416666666665 0.6037037037037037 0.49322916666666666 0.6 0.49114583333333334 0.5824074074074074 0.4953125 0.5685185185185185 0.5036458333333333 0.5666666666666667
2 0.5 0.30277777777777776 0.503125 0.3111111111111111 0.5041666666666667 0.33055555555555555 0.5026041666666666 0.3388888888888889 0.49895833333333334 0.3453703703703704 0.4947916666666667 0.3435185185185185 0.49166666666666664 0.33611111111111114 0.4901041666666667 0.31203703703703706 0.49322916666666666 0.30185185185185187 0.49947916666666664 0.30277777777777776
2 0.5380208333333333 0.425 0.5427083333333333 0.42685185185185187 0.5421875 0.43333333333333335 0.5390625 0.4351851851851852 0.5369791666666667 0.42962962962962964 0.5380208333333333 0.42592592592592593
2 0.57265625 0.6041666666666666 0.011979166666666667 0.03796296296296296
2 0.4859375 0.5037037037037037 0.4859375 0.4861111111111111 0.4901041666666667 0.48148148148148145 0.49322916666666666 0.4842592592592593 0.4942708333333333 0.4981481481481482 0.490625 0.5037037037037037 0.4864583333333333 0.5037037037037037
2 0.5015625 0.6833333333333333 0.5067708333333333 0.6851851851851852 0.5083333333333333 0.7074074074074074 0.50625 0.7203703703703703 0.5005208333333333 0.7296296296296296 0.4947916666666667 0.725 0.49270833333333336 0.7064814814814815 0.4947916666666667 0.6935185185185185 0.5010416666666667 0.6833333333333333
2 0.5671875 0.6611111111111111 0.5692708333333333 0.6601851851851852 0.5713541666666667 0.6666666666666666 0.5708333333333333 0.674074074074074 0.5671875 0.675 0.5671875 0.6620370370370371
2 0.546875 0.42962962962962964 0.5489583333333333 0.425 0.553125 0.42592592592592593 0.5541666666666667 0.43425925925925923 0.5520833333333334 0.4398148148148148 0.5479166666666667 0.43796296296296294 0.5473958333333333 0.4305555555555556
2 0.5260416666666666 0.6953703703703704 0.528125 0.6981481481481482 0.5286458333333334 0.7064814814814815 0.5270833333333333 0.7129629629629629 0.5244791666666667 0.7138888888888889 0.5223958333333333 0.7092592592592593 0.5223958333333333 0.700925925925926 0.5255208333333333 0.6962962962962963
2 0.5036458333333333 0.6398148148148148 0.5083333333333333 0.6388888888888888 0.5104166666666666 0.6453703703703704 0.5088541666666667 0.6583333333333333 0.5046875 0.6611111111111111 0.5020833333333333 0.6537037037037037 0.5036458333333333 0.6407407407407407
2 0.5213541666666667 0.48518518518518516 0.5239583333333333 0.48518518518518516 0.525 0.4888888888888889 0.525 0.49537037037037035 0.5223958333333333 0.4981481481481482 0.5208333333333334 0.49444444444444446 0.5213541666666667 0.4861111111111111
2 0.4713541666666667 0.2851851851851852 0.4734375 0.29259259259259257 0.4713541666666667 0.30092592592592593 0.46822916666666664 0.2953703703703704 0.46822916666666664 0.287962962962963 0.4708333333333333 0.2851851851851852
2 0.5104166666666666 0.30925925925925923 0.5140625 0.31203703703703706 0.5140625 0.3212962962962963 0.5119791666666667 0.32314814814814813 0.5098958333333333 0.3194444444444444 0.5104166666666666 0.3101851851851852
2 0.4817708333333333 0.5888888888888889 0.48541666666666666 0.5962962962962963 0.48489583333333336 0.6074074074074074 0.4817708333333333 0.6148148148148148 0.4791666666666667 0.6148148148148148 0.47604166666666664 0.6046296296296296 0.47708333333333336 0.5925925925925926 0.48125 0.5888888888888889
2 0.44427083333333334 0.44166666666666665 0.00625 0.016666666666666666
2 0.5005208333333333 0.375 0.5041666666666667 0.38055555555555554 0.5067708333333333 0.3962962962962963 0.5057291666666667 0.4111111111111111 0.5015625 0.4185185185185185 0.4947916666666667 0.412962962962963 0.49166666666666664 0.3990740740740741 0.4947916666666667 0.3768518518518518 0.5 0.375
2 0.5510416666666667 0.35555555555555557 0.5541666666666667 0.3638888888888889 0.5546875 0.38055555555555554 0.5536458333333333 0.387037037037037 0.5494791666666666 0.39351851851851855 0.54375 0.387037037037037 0.5421875 0.3648148148148148 0.5453125 0.35462962962962963 0.5505208333333333 0.35555555555555557
2 0.4734375 0.6370370370370371 0.4765625 0.6462962962962963 0.4765625 0.6611111111111111 0.475 0.6712962962962963 0.46927083333333336 0.6805555555555556 0.465625 0.6805555555555556 0.46145833333333336 0.674074074074074 0.45989583333333334 0.6527777777777778 0.4640625 0.6370370370370371 0.4666666666666667 0.6342592592592593 0.47291666666666665 0.6370370370370371
2 0.525 0.6388888888888888 0.5296875 0.6416666666666667 0.5322916666666667 0.6518518518518519 0.5317708333333333 0.6666666666666666 0.528125 0.6777777777777778 0.5234375 0.6796296296296296 0.5203125 0.6712962962962963 0.5197916666666667 0.6481481481481481 0.5244791666666667 0.6398148148148148
2 0.525 0.6305555555555555 0.5270833333333333 0.6388888888888888 0.5223958333333333 0.6388888888888888 0.5223958333333333 0.6324074074074074 0.5244791666666667 0.6305555555555555
1 0.5739583333333333 0.9287037037037037 0.578125 0.9324074074074075 0.5984375 0.9351851851851852 0.6046875 0.9398148148148148 0.6125 0.9398148148148148 0.6317708333333333 0.9472222222222222 0.6395833333333333 0.9629629629629629 0.6453125 0.9666666666666667 0.646875 0.9787037037037037 0.6453125 0.9879629629629629 0.6375 0.9888888888888889 0.6317708333333333 0.9962962962962963 0.6114583333333333 0.9907407407407407 0.5984375 0.9824074074074074 0.5729166666666666 0.9740740740740741 0.5713541666666667 0.9703703703703703 0.5713541666666667 0.9361111111111111 0.5734375 0.9287037037037037
1 0.5755208333333334 0.8805555555555555 0.596875 0.8898148148148148 0.6213541666666667 0.8953703703703704 0.6395833333333333 0.9120370370370371 0.6489583333333333 0.9138888888888889 0.6510416666666666 0.925 0.6484375 0.9361111111111111 0.6380208333333334 0.9333333333333333 0.6234375 0.9398148148148148 0.6057291666666667 0.9388888888888889 0.5729166666666666 0.9259259259259259 0.5713541666666667 0.8861111111111111 0.5729166666666666 0.8796296296296297 0.575 0.8805555555555555