0 0.6421875 0.3453703703703704 0.646875 0.35185185185185186 0.6473958333333333 0.3611111111111111 0.6359375 0.39166666666666666 0.6307291666666667 0.3907407407407407 0.6296875 0.3814814814814815 0.6359375 0.35 0.6416666666666667 0.3453703703703704
0 0.5067708333333333 0.2824074074074074 0.5291666666666667 0.3037037037037037 0.5364583333333334 0.3 0.54375 0.30925925925925923 0.5447916666666667 0.31851851851851853 0.5432291666666667 0.3296296296296296 0.5359375 0.3416666666666667 0.5296875 0.3398148148148148 0.5255208333333333 0.33055555555555555 0.5203125 0.3277777777777778 0.5125 0.3138888888888889 0.5052083333333334 0.3101851851851852 0.49947916666666664 0.30185185185185187 0.4979166666666667 0.2972222222222222 0.4984375 0.28703703703703703 0.5010416666666667 0.2833333333333333 0.50625 0.2824074074074074
0 0.3875 0.2074074074074074 0.39375 0.21574074074074073 0.4505208333333333 0.23981481481481481 0.4546875 0.24444444444444444 0.4546875 0.25462962962962965 0.4432291666666667 0.2518518518518518 0.40260416666666665 0.23148148148148148 0.38385416666666666 0.22777777777777777 0.38125 0.2222222222222222 0.38125 0.21203703703703702 0.38333333333333336 0.2074074074074074 0.38697916666666665 0.2074074074074074
0 0.38958333333333334 0.41388888888888886 0.40572916666666664 0.44074074074074077 0.41458333333333336 0.44907407407407407 0.41822916666666665 0.4564814814814815 0.4166666666666667 0.4722222222222222 0.4078125 0.48055555555555557 0.4041666666666667 0.4787037037037037 0.39739583333333334 0.4666666666666667 0.3958333333333333 0.4583333333333333 0.3796875 0.42592592592592593 0.37916666666666665 0.4212962962962963 0.38177083333333334 0.4148148148148148 0.38645833333333335 0.41203703703703703 0.3890625 0.41388888888888886
0 0.47708333333333336 0.29259259259259257 0.4791666666666667 0.29814814814814816 0.4786458333333333 0.3101851851851852 0.47708333333333336 0.3175925925925926 0.4744791666666667 0.3194444444444444 0.4703125 0.3194444444444444 0.46822916666666664 0.29907407407407405 0.4708333333333333 0.2916666666666667 0.4765625 0.29259259259259257
0 0.44635416666666666 0.13240740740740742 0.4515625 0.14074074074074075 0.5510416666666667 0.1398148148148148 0.553125 0.14722222222222223 0.5510416666666667 0.16111111111111112 0.5010416666666667 0.1648148148148148 0.45989583333333334 0.16111111111111112 0.4515625 0.16296296296296298 0.44635416666666666 0.1685185185185185 0.4421875 0.16666666666666666 0.440625 0.15092592592592594 0.44114583333333335 0.13518518518518519 0.4421875 0.13240740740740742 0.44583333333333336 0.13240740740740742
0 0.3463541666666667 0.24259259259259258 0.35 0.2462962962962963 0.42552083333333335 0.24259259259259258 0.42864583333333334 0.2462962962962963 0.42864583333333334 0.25092592592592594 0.42552083333333335 0.25555555555555554 0.4005208333333333 0.2601851851851852 0.371875 0.25833333333333336 0.3458333333333333 0.2638888888888889 0.3421875 0.25462962962962965 0.34270833333333334 0.24351851851851852 0.3458333333333333 0.24259259259259258
0 0.6020833333333333 0.22407407407407406 0.6057291666666667 0.22870370370370371 0.63125 0.22962962962962963 0.6338541666666667 0.2324074074074074 0.6333333333333333 0.24722222222222223 0.6307291666666667 0.25092592592592594 0.6026041666666667 0.25555555555555554 0.596875 0.25462962962962965 0.5947916666666667 0.24537037037037038 0.5963541666666666 0.22592592592592592 0.6015625 0.22407407407407406
0 0.5041666666666667 0.31296296296296294 0.5109375 0.3138888888888889 0.5166666666666667 0.32407407407407407 0.5140625 0.33611111111111114 0.5072916666666667 0.34629629629629627 0.5052083333333334 0.35462962962962963 0.5010416666666667 0.36203703703703705 0.49635416666666665 0.36203703703703705 0.4942708333333333 0.35185185185185186 0.49947916666666664 0.33611111111111114 0.5010416666666667 0.3194444444444444 0.5041666666666667 0.3138888888888889
0 0.46145833333333336 0.32407407407407407 0.4666666666666667 0.3314814814814815 0.4666666666666667 0.337037037037037 0.46145833333333336 0.35185185185185186 0.4588541666666667 0.36944444444444446 0.4557291666666667 0.375 0.45208333333333334 0.375 0.44895833333333335 0.3685185185185185 0.45208333333333334 0.3314814814814815 0.45729166666666665 0.32407407407407407 0.4609375 0.32407407407407407
0 0.46927083333333336 0.3138888888888889 0.46927083333333336 0.3351851851851852 0.46197916666666666 0.32222222222222224 0.45260416666666664 0.32685185185185184 0.4510416666666667 0.3425925925925926 0.434375 0.34629629629629627 0.428125 0.3425925925925926 0.4265625 0.32037037037037036 0.46875 0.3148148148148148
0 0.42916666666666664 0.30648148148148147 0.43854166666666666 0.31574074074074077 0.4505208333333333 0.31666666666666665 0.428125 0.31851851851851853 0.42552083333333335 0.32685185185185184 0.425 0.30925925925925923 0.42864583333333334 0.30648148148148147
0 0.5588541666666667 0.28703703703703703 0.5619791666666667 0.29074074074074074 0.5619791666666667 0.29444444444444445 0.5546875 0.3037037037037037 0.55625 0.3101851851851852 0.5546875 0.31296296296296294 0.5463541666666667 0.3101851851851852 0.5442708333333334 0.30277777777777776 0.5463541666666667 0.29259259259259257 0.5520833333333334 0.2935185185185185 0.5583333333333333 0.28703703703703703
2 0.515625 0.4083333333333333 0.5239583333333333 0.4148148148148148 0.5270833333333333 0.425 0.5244791666666667 0.4324074074074074 0.5166666666666667 0.4388888888888889 0.50625 0.43703703703703706 0.49947916666666664 0.42407407407407405 0.5005208333333333 0.41759259259259257 0.5046875 0.4111111111111111 0.5151041666666667 0.4083333333333333
2 0.5927083333333333 0.3851851851851852 0.5958333333333333 0.38981481481481484 0.5958333333333333 0.39444444444444443 0.5932291666666667 0.3972222222222222 0.5848958333333333 0.39351851851851855 0.5859375 0.3861111111111111 0.5921875 0.3851851851851852
2 0.32447916666666665 0.4009259259259259 0.33177083333333335 0.39814814814814814 0.3333333333333333 0.4027777777777778 0.33125 0.4074074074074074 0.3255208333333333 0.4074074074074074 0.32447916666666665 0.40185185185185185
2 0.4973958333333333 0.43148148148148147 0.503125 0.43425925925925923 0.5067708333333333 0.4444444444444444 0.5046875 0.4527777777777778 0.4979166666666667 0.45740740740740743 0.48802083333333335 0.45555555555555555 0.48333333333333334 0.4462962962962963 0.4864583333333333 0.4351851851851852 0.496875 0.43148148148148147
2 0.5682291666666667 0.39814814814814814 0.5713541666666667 0.4027777777777778 0.5713541666666667 0.4083333333333333 0.5677083333333334 0.41203703703703703 0.559375 0.4111111111111111 0.5567708333333333 0.40555555555555556 0.5572916666666666 0.4009259259259259 0.5604166666666667 0.3972222222222222 0.5677083333333334 0.39814814814814814
2 0.4161458333333333 0.30925925925925923 0.42291666666666666 0.3138888888888889 0.4234375 0.325 0.4192708333333333 0.3314814814814815 0.41302083333333334 0.33425925925925926 0.4015625 0.3287037037037037 0.4 0.3175925925925926 0.403125 0.31203703703703706 0.415625 0.30925925925925923
2 0.5921875 0.17592592592592593 0.5984375 0.1787037037037037 0.6015625 0.18518518518518517 0.5994791666666667 0.19166666666666668 0.5947916666666667 0.19444444444444445 0.5848958333333333 0.1925925925925926 0.5802083333333333 0.18518518518518517 0.5848958333333333 0.17685185185185184 0.5916666666666667 0.17592592592592593
2 0.59375 0.30462962962962964 0.5984375 0.3101851851851852 0.5989583333333334 0.32037037037037036 0.5885416666666666 0.32685185185185184 0.5776041666666667 0.3212962962962963 0.5744791666666667 0.3138888888888889 0.575 0.30925925925925923 0.5807291666666666 0.30185185185185187 0.5932291666666667 0.30462962962962964
2 0.37083333333333335 0.30185185185185187 0.3765625 0.30648148148148147 0.378125 0.3138888888888889 0.3692708333333333 0.32314814814814813 0.3625 0.32222222222222224 0.3578125 0.31296296296296294 0.3619791666666667 0.30462962962962964 0.3703125 0.30185185185185187
2 0.6453125 0.26481481481481484 0.6489583333333333 0.26851851851851855 0.6494791666666667 0.2722222222222222 0.6473958333333333 0.2759259259259259 0.6395833333333333 0.2722222222222222 0.640625 0.2657407407407407 0.6447916666666667 0.26481481481481484
2 0.5567708333333333 0.37037037037037035 0.5604166666666667 0.37222222222222223 0.5609375 0.37777777777777777 0.5536458333333333 0.3787037037037037 0.553125 0.3731481481481482 0.55625 0.3712962962962963
2 0.47760416666666666 0.225 0.48125 0.22685185185185186 0.484375 0.23703703703703705 0.4822916666666667 0.24259259259259258 0.4739583333333333 0.2462962962962963 0.46510416666666665 0.24351851851851852 0.4625 0.23981481481481481 0.46197916666666666 0.23425925925925925 0.46510416666666665 0.22685185185185186 0.47708333333333336 0.225
2 0.48463541666666665 0.25787037037037036 0.0078125 0.008333333333333333
2 0.45677083333333335 0.21944444444444444 0.45989583333333334 0.22037037037037038 0.4630208333333333 0.22685185185185186 0.4583333333333333 0.2324074074074074 0.4510416666666667 0.23055555555555557 0.45 0.22685185185185186 0.45208333333333334 0.2212962962962963 0.45625 0.21944444444444444
2 0.5484375 0.4 0.5541666666666667 0.4046296296296296 0.5567708333333333 0.4111111111111111 0.5552083333333333 0.4212962962962963 0.55 0.42777777777777776 0.5395833333333333 0.42685185185185187 0.5328125 0.4148148148148148 0.5364583333333334 0.4027777777777778 0.5427083333333333 0.3990740740740741 0.5479166666666667 0.4
2 0.5453125 0.27870370370370373 0.5479166666666667 0.2833333333333333 0.54375 0.28703703703703703 0.540625 0.2861111111111111 0.5401041666666667 0.2814814814814815 0.5447916666666667 0.27870370370370373
2 0.34270833333333334 0.38796296296296295 0.346875 0.3925925925925926 0.346875 0.39814814814814814 0.3416666666666667 0.40370370370370373 0.334375 0.40370370370370373 0.33229166666666665 0.3962962962962963 0.33541666666666664 0.38981481481481484 0.3421875 0.38796296296296295
2 0.6234375 0.26666666666666666 0.6276041666666666 0.2722222222222222 0.6270833333333333 0.2777777777777778 0.6244791666666667 0.2796296296296296 0.6192708333333333 0.2796296296296296 0.6145833333333334 0.275 0.6161458333333333 0.2675925925925926 0.6229166666666667 0.26666666666666666
2 0.40729166666666666 0.287962962962963 0.41458333333333336 0.29259259259259257 0.4161458333333333 0.30185185185185187 0.41302083333333334 0.30833333333333335 0.4 0.31203703703703706 0.39479166666666665 0.30833333333333335 0.39166666666666666 0.30092592592592593 0.39895833333333336 0.2898148148148148 0.40677083333333336 0.287962962962963
2 0.39479166666666665 0.28888888888888886 0.3953125 0.29444444444444445 0.3927083333333333 0.2972222222222222 0.3880208333333333 0.29259259259259257 0.39010416666666664 0.287962962962963 0.39427083333333335 0.28888888888888886
2 0.565625 0.28703703703703703 0.5713541666666667 0.28888888888888886 0.5755208333333334 0.29444444444444445 0.5765625 0.30092592592592593 0.571875 0.30925925925925923 0.559375 0.30925925925925923 0.5552083333333333 0.30462962962962964 0.5625 0.29444444444444445 0.5609375 0.287962962962963 0.5651041666666666 0.28703703703703703
2 0.5135416666666667 0.3388888888888889 0.5161458333333333 0.34444444444444444 0.5140625 0.3509259259259259 0.5067708333333333 0.3490740740740741 0.5130208333333334 0.3388888888888889
1 0.853125 0.45 0.8552083333333333 0.4527777777777778 0.8796875 0.5694444444444444 0.878125 0.5814814814814815 0.8734375 0.5833333333333334 0.859375 0.5777777777777777 0.8447916666666667 0.5675925925925925 0.8307291666666666 0.5537037037037037 0.8265625 0.5435185185185185 0.8276041666666667 0.5342592592592592 0.8380208333333333 0.5 0.8447916666666667 0.45925925925925926 0.8473958333333333 0.45185185185185184 0.8526041666666667 0.45
1 0.18020833333333333 0.08796296296296297 0.184375 0.10185185185185185 0.19322916666666667 0.11388888888888889 0.2046875 0.19907407407407407 0.20520833333333333 0.22314814814814815 0.1953125 0.22777777777777777 0.18489583333333334 0.22777777777777777 0.1828125 0.225 0.165625 0.12222222222222222 0.16875 0.10740740740740741 0.16875 0.09166666666666666 0.17291666666666666 0.08796296296296297 0.1796875 0.08796296296296297
1 0.21901041666666668 0.15185185185185185 0.04114583333333333 0.15
1 0.8348958333333333 0.44166666666666665 0.8385416666666666 0.4351851851851852 0.8473958333333333 0.42777777777777776 0.85 0.42962962962962964 0.8520833333333333 0.4388888888888889 0.8520833333333333 0.44814814814814813 0.8463541666666666 0.4546296296296296 0.8385416666666666 0.4981481481481482 0.8348958333333333 0.5083333333333333 0.8291666666666667 0.5027777777777778 0.8265625 0.48703703703703705 0.8276041666666667 0.4638888888888889 0.8348958333333333 0.4425925925925926