0 0.509375 0.6111111111111112 0.5161458333333333 0.6185185185185185 0.5161458333333333 0.6277777777777778 0.5088541666666667 0.6416666666666667 0.4895833333333333 0.7212962962962963 0.48020833333333335 0.75 0.47552083333333334 0.7472222222222222 0.475 0.7379629629629629 0.5020833333333333 0.6351851851851852 0.5036458333333333 0.6148148148148148 0.5088541666666667 0.6111111111111112
0 0.4296875 0.44351851851851853 0.446875 0.4546296296296296 0.44895833333333335 0.4675925925925926 0.44583333333333336 0.4722222222222222 0.4234375 0.4722222222222222 0.41875 0.4685185185185185 0.4161458333333333 0.46296296296296297 0.4171875 0.4462962962962963 0.4234375 0.4398148148148148 0.42916666666666664 0.44351851851851853
0 0.4153645833333333 0.7060185185185185 0.025520833333333333 0.15092592592592594
0 0.3765625 0.26666666666666666 0.3796875 0.26944444444444443 0.3807291666666667 0.275 0.3796875 0.2861111111111111 0.3828125 0.3138888888888889 0.3802083333333333 0.31851851851851853 0.375 0.31574074074074077 0.37083333333333335 0.2898148148148148 0.365625 0.2759259259259259 0.36822916666666666 0.26944444444444443 0.37604166666666666 0.26666666666666666
0 0.4 0.5351851851851852 0.40625 0.5398148148148149 0.42083333333333334 0.5638888888888889 0.4192708333333333 0.5777777777777777 0.415625 0.5833333333333334 0.4109375 0.5851851851851851 0.40677083333333336 0.5833333333333334 0.4036458333333333 0.5777777777777777 0.40260416666666665 0.5685185185185185 0.39427083333333335 0.55 0.39427083333333335 0.5407407407407407 0.39947916666666666 0.5351851851851852
0 0.45416666666666666 0.4722222222222222 0.459375 0.47962962962962963 0.4588541666666667 0.49074074074074076 0.440625 0.5194444444444445 0.43802083333333336 0.5305555555555556 0.4296875 0.5398148148148149 0.42552083333333335 0.537962962962963 0.4197916666666667 0.5296296296296297 0.41770833333333335 0.5222222222222223 0.41822916666666665 0.512962962962963 0.4244791666666667 0.5037037037037037 0.4322916666666667 0.5 0.45 0.4722222222222222 0.45364583333333336 0.4722222222222222
0 0.36302083333333335 0.4898148148148148 0.3671875 0.4962962962962963 0.378125 0.6462962962962963 0.38177083333333334 0.6648148148148149 0.3859375 0.6731481481481482 0.3854166666666667 0.6787037037037037 0.3776041666666667 0.6851851851851852 0.3692708333333333 0.6851851851851852 0.36770833333333336 0.6824074074074075 0.3703125 0.6611111111111111 0.3546875 0.5046296296296297 0.35572916666666665 0.49166666666666664 0.3625 0.4898148148148148
0 0.3734375 0.5407407407407407 0.375 0.5351851851851852 0.3880208333333333 0.5333333333333333 0.39010416666666664 0.5398148148148149 0.3880208333333333 0.5481481481481482 0.375 0.5462962962962963 0.37395833333333334 0.5416666666666666
0 0.475 0.32685185185185184 0.4822916666666667 0.3287037037037037 0.4895833333333333 0.3435185185185185 0.47760416666666666 0.36203703703703705 0.46770833333333334 0.41203703703703703 0.4630208333333333 0.4148148148148148 0.4588541666666667 0.4046296296296296 0.46927083333333336 0.35 0.46770833333333334 0.33240740740740743 0.4708333333333333 0.32685185185185184 0.4744791666666667 0.32685185185185184
2 0.4322916666666667 0.799074074074074 0.434375 0.8027777777777778 0.43645833333333334 0.8175925925925925 0.4348958333333333 0.8277777777777777 0.4322916666666667 0.8324074074074074 0.428125 0.8305555555555556 0.42552083333333335 0.8138888888888889 0.4276041666666667 0.8009259259259259 0.4317708333333333 0.799074074074074
2 0.403125 0.16018518518518518 0.40677083333333336 0.1638888888888889 0.4083333333333333 0.1712962962962963 0.4078125 0.18888888888888888 0.40520833333333334 0.20092592592592592 0.40208333333333335 0.2037037037037037 0.39947916666666666 0.20092592592592592 0.396875 0.18888888888888888 0.39791666666666664 0.17037037037037037 0.40260416666666665 0.16111111111111112
2 0.3541666666666667 0.26944444444444443 0.35885416666666664 0.27037037037037037 0.3614583333333333 0.2861111111111111 0.36041666666666666 0.2962962962962963 0.3572916666666667 0.3037037037037037 0.3541666666666667 0.3037037037037037 0.35208333333333336 0.3 0.35104166666666664 0.28055555555555556 0.3541666666666667 0.27037037037037037
2 0.5354166666666667 0.9018518518518519 0.5375 0.9092592592592592 0.5364583333333334 0.9231481481481482 0.5328125 0.9231481481481482 0.5291666666666667 0.9120370370370371 0.5296875 0.9046296296296297 0.5317708333333333 0.9009259259259259 0.5348958333333333 0.9018518518518519
2 0.41458333333333336 0.2935185185185185 0.41822916666666665 0.3 0.4166666666666667 0.3148148148148148 0.41354166666666664 0.31666666666666665 0.4109375 0.3111111111111111 0.4109375 0.3 0.4140625 0.29444444444444445
2 0.4635416666666667 0.412962962962963 0.46875 0.4185185185185185 0.46770833333333334 0.43425925925925923 0.4635416666666667 0.43703703703703706 0.4609375 0.43333333333333335 0.46041666666666664 0.41759259259259257 0.4630208333333333 0.41388888888888886
2 0.4395833333333333 0.23333333333333334 0.44166666666666665 0.23796296296296296 0.4421875 0.2490740740740741 0.43802083333333336 0.2574074074074074 0.434375 0.25462962962962965 0.434375 0.24074074074074073 0.43697916666666664 0.23333333333333334 0.4390625 0.23333333333333334
2 0.3375 0.5712962962962963 0.3421875 0.5703703703703704 0.34479166666666666 0.5824074074074074 0.34322916666666664 0.5972222222222222 0.3385416666666667 0.5990740740740741 0.33541666666666664 0.5851851851851851 0.3375 0.5722222222222222
2 0.44947916666666665 0.7074074074074074 0.45364583333333336 0.7268518518518519 0.453125 0.7398148148148148 0.45 0.7481481481481481 0.4453125 0.7481481481481481 0.4421875 0.7444444444444445 0.4390625 0.7268518518518519 0.44166666666666665 0.7083333333333334 0.44375 0.7046296296296296 0.44895833333333335 0.7074074074074074
2 0.4122395833333333 0.5314814814814814 0.011979166666666667 0.03888888888888889
2 0.5140625 0.48148148148148145 0.00625 0.016666666666666666
2 0.4890625 0.45092592592592595 0.49270833333333336 0.44722222222222224 0.496875 0.44814814814814813 0.5015625 0.4666666666666667 0.5015625 0.4787037037037037 0.4984375 0.49074074074074076 0.49583333333333335 0.49444444444444446 0.4901041666666667 0.4925925925925926 0.48541666666666666 0.47685185185185186 0.4859375 0.46111111111111114 0.4890625 0.45185185185185184
2 0.35625 0.5398148148148149 0.35989583333333336 0.5555555555555556 0.36041666666666666 0.5712962962962963 0.35572916666666665 0.5768518518518518 0.3515625 0.5712962962962963 0.35052083333333334 0.5657407407407408 0.35 0.5527777777777778 0.3541666666666667 0.5407407407407407 0.35572916666666665 0.5407407407407407
2 0.509375 0.325 0.5145833333333333 0.3333333333333333 0.5166666666666667 0.3490740740740741 0.5130208333333334 0.3675925925925926 0.5072916666666667 0.37407407407407406 0.5026041666666666 0.37222222222222223 0.5005208333333333 0.3675925925925926 0.4984375 0.34814814814814815 0.5015625 0.33055555555555555 0.5052083333333334 0.325 0.5088541666666667 0.325
2 0.4552083333333333 0.7462962962962963 0.4583333333333333 0.7537037037037037 0.45989583333333334 0.7685185185185185 0.459375 0.7768518518518519 0.4557291666666667 0.7833333333333333 0.44947916666666665 0.7759259259259259 0.4479166666666667 0.7685185185185185 0.4479166666666667 0.7564814814814815 0.45 0.7472222222222222 0.4546875 0.7462962962962963
1 0.30885416666666665 0 0.3796875 0 0.3890625 0.005555555555555556 0.39010416666666664 0.009259259259259259 0.38958333333333334 0.04351851851851852 0.3890625 0.04722222222222222 0.3848958333333333 0.04814814814814815 0.33645833333333336 0.030555555555555555 0.3203125 0.012962962962962963 0.31145833333333334 0.011111111111111112 0.30885416666666665 0.000925925925925926
1 0.3533854166666667 -0.03611111111111111 0.07760416666666667 0.07407407407407407