0 0.55625 0.34814814814814815 0.5604166666666667 0.34629629629629627 0.5645833333333333 0.3527777777777778 0.565625 0.36574074074074076 0.5640625 0.36944444444444446 0.5520833333333334 0.3731481481481482 0.5432291666666667 0.37962962962962965 0.5395833333333333 0.37777777777777777 0.5380208333333333 0.3731481481481482 0.5395833333333333 0.3638888888888889 0.5515625 0.3574074074074074 0.55625 0.3490740740740741
0 0.4041666666666667 0.49074074074074076 0.4109375 0.5101851851851852 0.4088541666666667 0.5194444444444445 0.4005208333333333 0.5138888888888888 0.3958333333333333 0.5037037037037037 0.3953125 0.4981481481481482 0.39739583333333334 0.49166666666666664 0.4036458333333333 0.49074074074074076
0 0.4734375 0.38981481481481484 0.47552083333333334 0.3962962962962963 0.475 0.4027777777777778 0.46770833333333334 0.4111111111111111 0.4625 0.4074074074074074 0.46197916666666666 0.3972222222222222 0.47291666666666665 0.38981481481481484
0 0.6276041666666666 0.3990740740740741 0.6291666666666667 0.4046296296296296 0.6265625 0.4101851851851852 0.5713541666666667 0.4324074074074074 0.5630208333333333 0.44166666666666665 0.5572916666666666 0.4388888888888889 0.5572916666666666 0.42314814814814816 0.5713541666666667 0.4212962962962963 0.6192708333333333 0.3990740740740741 0.6270833333333333 0.3990740740740741
0 0.534375 0.30648148148148147 0.5541666666666667 0.3351851851851852 0.5546875 0.3425925925925926 0.55 0.3509259259259259 0.5458333333333333 0.35 0.5260416666666666 0.3277777777777778 0.525 0.3212962962962963 0.5265625 0.3138888888888889 0.5296875 0.30833333333333335 0.5338541666666666 0.30648148148148147
0 0.453125 0.1824074074074074 0.45416666666666666 0.19722222222222222 0.4510416666666667 0.3731481481481482 0.45416666666666666 0.39166666666666666 0.45364583333333336 0.3962962962962963 0.45 0.4 0.43802083333333336 0.39814814814814814 0.4359375 0.39351851851851855 0.4359375 0.38333333333333336 0.4390625 0.37592592592592594 0.4401041666666667 0.35 0.4401041666666667 0.18888888888888888 0.4427083333333333 0.1814814814814815 0.45260416666666664 0.1824074074074074
0 0.525 0.4601851851851852 0.5270833333333333 0.46296296296296297 0.5276041666666667 0.4722222222222222 0.5270833333333333 0.5361111111111111 0.5291666666666667 0.5546296296296296 0.5229166666666667 0.562962962962963 0.5166666666666667 0.5574074074074075 0.5161458333333333 0.549074074074074 0.5192708333333333 0.5370370370370371 0.5192708333333333 0.47129629629629627 0.5203125 0.46296296296296297 0.5244791666666667 0.4601851851851852
0 0.5028645833333333 0.4476851851851852 0.0109375 0.032407407407407406
0 0.5578125 0.5518518518518518 0.5598958333333334 0.5574074074074075 0.5572916666666666 0.5657407407407408 0.5020833333333333 0.6203703703703703 0.49322916666666666 0.6361111111111111 0.48802083333333335 0.6407407407407407 0.484375 0.637962962962963 0.4817708333333333 0.6296296296296297 0.4817708333333333 0.6203703703703703 0.48385416666666664 0.6166666666666667 0.49583333333333335 0.6111111111111112 0.5494791666666666 0.5546296296296296 0.5572916666666666 0.5518518518518518
2 0.44427083333333334 0.4861111111111111 0.446875 0.487962962962963 0.44583333333333336 0.4962962962962963 0.4421875 0.49537037037037035 0.4395833333333333 0.49074074074074076 0.440625 0.48703703703703705 0.44375 0.4861111111111111
2 0.4322916666666667 0.5638888888888889 0.4395833333333333 0.5703703703703704 0.44114583333333335 0.5833333333333334 0.43854166666666666 0.5898148148148148 0.4317708333333333 0.5953703703703703 0.4192708333333333 0.5925925925925926 0.4140625 0.5833333333333334 0.4140625 0.5777777777777777 0.41770833333333335 0.5694444444444444 0.4317708333333333 0.5638888888888889
2 0.54375 0.4222222222222222 0.5453125 0.42777777777777776 0.5432291666666667 0.4324074074074074 0.5385416666666667 0.4324074074074074 0.5354166666666667 0.4287037037037037 0.5364583333333334 0.42314814814814816 0.5432291666666667 0.4222222222222222
2 0.5541666666666667 0.49074074074074076 0.5588541666666667 0.49722222222222223 0.5583333333333333 0.5037037037037037 0.5552083333333333 0.5064814814814815 0.55 0.5064814814814815 0.5453125 0.5009259259259259 0.5463541666666667 0.49444444444444446 0.5536458333333333 0.49074074074074076
2 0.4942708333333333 0.37407407407407406 0.5 0.37962962962962965 0.5005208333333333 0.387037037037037 0.4984375 0.39166666666666666 0.4921875 0.39444444444444443 0.48489583333333336 0.39351851851851855 0.4791666666666667 0.38333333333333336 0.4822916666666667 0.37592592592592594 0.49375 0.37407407407407406
2 0.4890625 0.4759259259259259 0.49270833333333336 0.48055555555555557 0.49322916666666666 0.4888888888888889 0.4864583333333333 0.49537037037037035 0.47708333333333336 0.4935185185185185 0.4744791666666667 0.49074074074074076 0.4739583333333333 0.4824074074074074 0.48020833333333335 0.475 0.48854166666666665 0.4759259259259259
2 0.4765625 0.5194444444444445 0.4765625 0.5259259259259259 0.4739583333333333 0.5277777777777778 0.4703125 0.5268518518518519 0.46927083333333336 0.5212962962962963 0.4708333333333333 0.5185185185185185 0.47604166666666664 0.5194444444444445
2 0.45729166666666665 0.4444444444444444 0.4609375 0.44907407407407407 0.46197916666666666 0.45555555555555555 0.4588541666666667 0.4638888888888889 0.453125 0.4675925925925926 0.4401041666666667 0.46296296296296297 0.43802083333333336 0.45092592592592595 0.44583333333333336 0.44351851851851853 0.45677083333333335 0.4444444444444444
2 0.4015625 0.45092592592592595 0.40625 0.45555555555555555 0.40625 0.4601851851851852 0.4005208333333333 0.46574074074074073 0.39427083333333335 0.46296296296296297 0.3927083333333333 0.4583333333333333 0.3953125 0.4527777777777778 0.4010416666666667 0.45092592592592595
2 0.43697916666666664 0.4388888888888889 0.4390625 0.44537037037037036 0.43645833333333334 0.45 0.4317708333333333 0.44907407407407407 0.42916666666666664 0.4425925925925926 0.4317708333333333 0.4388888888888889 0.43645833333333334 0.4388888888888889
2 0.5411458333333333 0.4009259259259259 0.5453125 0.4064814814814815 0.5453125 0.4101851851851852 0.5416666666666666 0.41388888888888886 0.5359375 0.412962962962963 0.5333333333333333 0.4083333333333333 0.5348958333333333 0.4027777777777778 0.540625 0.4009259259259259
2 0.5364583333333334 0.43796296296296294 0.5421875 0.44537037037037036 0.5427083333333333 0.4527777777777778 0.5395833333333333 0.4583333333333333 0.5328125 0.46111111111111114 0.5223958333333333 0.45740740740740743 0.5197916666666667 0.4527777777777778 0.5192708333333333 0.4462962962962963 0.5255208333333333 0.43796296296296294 0.5359375 0.43796296296296294
2 0.42604166666666665 0.48055555555555557 0.4317708333333333 0.48703703703703705 0.4317708333333333 0.49722222222222223 0.421875 0.5064814814814815 0.4161458333333333 0.5064814814814815 0.40989583333333335 0.5018518518518519 0.40729166666666666 0.49166666666666664 0.41041666666666665 0.4842592592592593 0.4140625 0.48148148148148145 0.42552083333333335 0.48055555555555557
2 0.4197916666666667 0.45925925925925926 0.421875 0.4546296296296296 0.428125 0.4546296296296296 0.42916666666666664 0.4601851851851852 0.4270833333333333 0.4638888888888889 0.42239583333333336 0.4638888888888889 0.4203125 0.4601851851851852
2 0.44427083333333334 0.49444444444444446 0.44635416666666666 0.48703703703703705 0.453125 0.48703703703703705 0.4552083333333333 0.49444444444444446 0.45260416666666664 0.49907407407407406 0.4484375 0.49907407407407406 0.44479166666666664 0.49444444444444446
2 0.3765625 0.412962962962963 0.3796875 0.4212962962962963 0.37916666666666665 0.42777777777777776 0.3697916666666667 0.43425925925925923 0.3619791666666667 0.43148148148148147 0.359375 0.425 0.36041666666666666 0.41759259259259257 0.3651041666666667 0.412962962962963 0.37604166666666666 0.412962962962963
2 0.41458333333333336 0.4361111111111111 0.4166666666666667 0.4388888888888889 0.41458333333333336 0.44351851851851853 0.409375 0.4398148148148148 0.41041666666666665 0.4361111111111111 0.4140625 0.4361111111111111
2 0.390625 0.45092592592592595 0.39166666666666666 0.45555555555555555 0.39010416666666664 0.4583333333333333 0.3848958333333333 0.4564814814814815 0.3854166666666667 0.45185185185185184 0.39010416666666664 0.45092592592592595
2 0.4817708333333333 0.5722222222222222 0.48333333333333334 0.5768518518518518 0.4817708333333333 0.5805555555555556 0.4765625 0.5805555555555556 0.475 0.5777777777777777 0.47708333333333336 0.5712962962962963 0.48125 0.5722222222222222
2 0.6151041666666667 0.43333333333333335 0.6208333333333333 0.4398148148148148 0.621875 0.45 0.6125 0.4564814814814815 0.6026041666666667 0.45185185185185184 0.5989583333333334 0.4425925925925926 0.603125 0.4351851851851852 0.6145833333333334 0.43333333333333335
2 0.49947916666666664 0.43333333333333335 0.5 0.4462962962962963 0.496875 0.4546296296296296 0.484375 0.45185185185185184 0.4817708333333333 0.44722222222222224 0.4817708333333333 0.44074074074074077 0.4890625 0.43333333333333335 0.49895833333333334 0.43333333333333335
2 0.4510416666666667 0.5231481481481481 0.45416666666666666 0.5259259259259259 0.4546875 0.5333333333333333 0.44947916666666665 0.5407407407407407 0.4421875 0.537962962962963 0.440625 0.5305555555555556 0.44427083333333334 0.524074074074074 0.4505208333333333 0.5231481481481481
1 0.9286458333333333 0.5888888888888889 0.9359375 0.5972222222222222 0.9354166666666667 0.6037037037037037 0.9286458333333333 0.6157407407407407 0.93125 0.6231481481481481 0.9223958333333333 0.6194444444444445 0.9166666666666666 0.6212962962962963 0.9140625 0.6259259259259259 0.9140625 0.6333333333333333 0.9182291666666667 0.6361111111111111 0.9192708333333334 0.6509259259259259 0.9161458333333333 0.6537037037037037 0.9041666666666667 0.6518518518518519 0.8984375 0.6546296296296297 0.8942708333333333 0.6611111111111111 0.884375 0.7074074074074074 0.8802083333333334 0.7148148148148148 0.8755208333333333 0.7064814814814815 0.8723958333333334 0.6888888888888889 0.8734375 0.6675925925925926 0.8796875 0.6481481481481481 0.8901041666666667 0.6324074074074074 0.8963541666666667 0.6287037037037037 0.9015625 0.6157407407407407 0.909375 0.6092592592592593 0.9109375 0.5953703703703703 0.9151041666666667 0.5814814814814815 0.9223958333333333 0.5796296296296296 0.928125 0.5888888888888889
1 0.26197916666666665 0.22962962962962963 0.2671875 0.23333333333333334 0.26875 0.2518518518518518 0.27708333333333335 0.2824074074074074 0.28072916666666664 0.3277777777777778 0.28489583333333335 0.3472222222222222 0.2869791666666667 0.36944444444444446 0.259375 0.36944444444444446 0.253125 0.31203703703703706 0.2520833333333333 0.2824074074074074 0.2557291666666667 0.25833333333333336 0.25416666666666665 0.2351851851851852 0.25625 0.23148148148148148 0.26145833333333335 0.23055555555555557
1 0.9703125 0.6268518518518519 0.9744791666666667 0.6351851851851852 0.9755208333333333 0.6787037037037037 0.98125 0.6962962962962963 0.9822916666666667 0.7175925925925926 0.9677083333333333 0.7759259259259259 0.9619791666666667 0.7833333333333333 0.9494791666666667 0.7842592592592592 0.9385416666666667 0.7796296296296297 0.9380208333333333 0.7712962962962963 0.9442708333333333 0.7388888888888889 0.9552083333333333 0.7092592592592593 0.9546875 0.6962962962962963 0.9453125 0.6787037037037037 0.94375 0.6712962962962963 0.9526041666666667 0.6648148148148149 0.9640625 0.6462962962962963 0.9677083333333333 0.6296296296296297 0.9697916666666667 0.6277777777777778
1 0.9234375 0.6222222222222222 0.9317708333333333 0.6287037037037037 0.9421875 0.6444444444444445 0.9432291666666667 0.6546296296296297 0.9395833333333333 0.6722222222222223 0.9546875 0.6990740740740741 0.9541666666666667 0.7092592592592593 0.9453125 0.7314814814814815 0.940625 0.75 0.9348958333333334 0.7851851851851852 0.9302083333333333 0.7972222222222223 0.9255208333333333 0.8009259259259259 0.9177083333333333 0.8 0.9 0.7870370370370371 0.8760416666666667 0.7620370370370371 0.8734375 0.7546296296296297 0.8755208333333333 0.7351851851851852 0.8854166666666666 0.7101851851851851 0.89375 0.6648148148148149 0.8973958333333333 0.6574074074074074 0.9036458333333334 0.6537037037037037 0.9182291666666667 0.6555555555555556 0.9223958333333333 0.6398148148148148 0.9192708333333334 0.6324074074074074 0.9145833333333333 0.6314814814814815 0.9145833333333333 0.6268518518518519 0.9182291666666667 0.6222222222222222 0.9229166666666667 0.6222222222222222
1 0.9994791666666667 0.475 0.9994791666666667 0.5138888888888888 0.9979166666666667 0.5148148148148148 0.9994791666666667 0.5175925925925926 0.9994791666666667 0.5824074074074074 0.9973958333333334 0.5833333333333334 0.9958333333333333 0.5907407407407408 0.9807291666666667 0.5814814814814815 0.975 0.5694444444444444 0.9921875 0.5009259259259259 0.9942708333333333 0.4824074074074074 0.9989583333333333 0.475
1 0.2375 0.23981481481481481 0.23958333333333334 0.25 0.24947916666666667 0.2675925925925926 0.2552083333333333 0.3351851851851852 0.2546875 0.36574074074074076 0.25729166666666664 0.36944444444444446 0.24322916666666666 0.3712962962962963 0.23333333333333334 0.36944444444444446 0.2203125 0.26851851851851855 0.22447916666666667 0.25462962962962965 0.22395833333333334 0.24444444444444444 0.22552083333333334 0.23981481481481481 0.23697916666666666 0.23981481481481481