0 0.4375 0.7046296296296296 0.43854166666666666 0.712037037037037 0.4354166666666667 0.7314814814814815 0.43125 0.7296296296296296 0.43020833333333336 0.7074074074074074 0.4328125 0.7037037037037037 0.43697916666666664 0.7046296296296296
0 0.42604166666666665 0.7666666666666667 0.43854166666666666 0.7703703703703704 0.475 0.7731481481481481 0.47760416666666666 0.775 0.47604166666666664 0.7796296296296297 0.4703125 0.7833333333333333 0.44375 0.7796296296296297 0.425 0.7814814814814814 0.421875 0.7787037037037037 0.421875 0.7685185185185185 0.42552083333333335 0.7666666666666667
0 0.3416666666666667 0.7759259259259259 0.3453125 0.7814814814814814 0.36354166666666665 0.7814814814814814 0.3625 0.7935185185185185 0.34322916666666664 0.7962962962962963 0.3380208333333333 0.7944444444444444 0.3380208333333333 0.7777777777777778 0.3411458333333333 0.7759259259259259
0 0.3489583333333333 0.549074074074074 0.353125 0.5537037037037037 0.359375 0.5722222222222222 0.3692708333333333 0.5879629629629629 0.428125 0.6574074074074074 0.43020833333333336 0.6611111111111111 0.43020833333333336 0.6703703703703704 0.42604166666666665 0.675 0.4192708333333333 0.6712962962962963 0.39010416666666664 0.6388888888888888 0.35260416666666666 0.5925925925925926 0.3385416666666667 0.5879629629629629 0.3359375 0.5814814814814815 0.3359375 0.5694444444444444 0.34270833333333334 0.5527777777777778 0.3484375 0.549074074074074
0 0.5583333333333333 0.6416666666666667 0.5854166666666667 0.6472222222222223 0.5880208333333333 0.6509259259259259 0.5885416666666666 0.6611111111111111 0.5854166666666667 0.6675925925925926 0.5604166666666667 0.6675925925925926 0.5567708333333333 0.6722222222222223 0.553125 0.6722222222222223 0.5505208333333333 0.6675925925925926 0.5489583333333333 0.6509259259259259 0.5505208333333333 0.6425925925925926 0.5578125 0.6416666666666667
0 0.5479166666666667 0.5546296296296296 0.5515625 0.5583333333333333 0.5526041666666667 0.5638888888888889 0.5520833333333334 0.5740740740740741 0.5494791666666666 0.5777777777777777 0.5114583333333333 0.5796296296296296 0.50625 0.5814814814814815 0.5020833333333333 0.5898148148148148 0.4973958333333333 0.5898148148148148 0.4947916666666667 0.5796296296296296 0.4942708333333333 0.5546296296296296 0.496875 0.549074074074074 0.503125 0.55 0.5078125 0.5574074074074075 0.5473958333333333 0.5546296296296296
0 0.4973958333333333 0.7 0.5 0.7055555555555556 0.5015625 0.7203703703703703 0.5 0.7268518518518519 0.496875 0.7296296296296296 0.49114583333333334 0.725 0.4671875 0.7296296296296296 0.46458333333333335 0.7231481481481481 0.465625 0.7129629629629629 0.46927083333333336 0.7074074074074074 0.496875 0.7
0 0.4979166666666667 0.7324074074074074 0.5015625 0.7379629629629629 0.5010416666666667 0.7472222222222222 0.49322916666666666 0.7574074074074074 0.4703125 0.8037037037037037 0.4671875 0.8055555555555556 0.46458333333333335 0.8027777777777778 0.4661458333333333 0.7944444444444444 0.48541666666666666 0.7611111111111111 0.49114583333333334 0.7481481481481481 0.49270833333333336 0.7379629629629629 0.4973958333333333 0.7324074074074074
0 0.5916666666666667 0.5953703703703703 0.59375 0.6074074074074074 0.59375 0.6194444444444445 0.5921875 0.6212962962962963 0.5859375 0.6166666666666667 0.5796875 0.6166666666666667 0.5552083333333333 0.6231481481481481 0.5479166666666667 0.6212962962962963 0.546875 0.612037037037037 0.55 0.6055555555555555 0.5776041666666667 0.600925925925926 0.5880208333333333 0.5944444444444444 0.5911458333333334 0.5953703703703703
2 0.6729166666666667 0.662962962962963 0.6734375 0.6685185185185185 0.671875 0.6703703703703704 0.6677083333333333 0.6703703703703704 0.6661458333333333 0.6648148148148149 0.6682291666666667 0.6620370370370371 0.6723958333333333 0.662962962962963
2 0.553125 0.7361111111111112 0.5578125 0.7398148148148148 0.5588541666666667 0.7462962962962963 0.5572916666666666 0.7509259259259259 0.5520833333333334 0.7546296296296297 0.5432291666666667 0.7537037037037037 0.5390625 0.7490740740740741 0.5385416666666667 0.7444444444444445 0.5432291666666667 0.7379629629629629 0.5526041666666667 0.7361111111111112
2 0.4822916666666667 0.6916666666666667 0.484375 0.6953703703703704 0.484375 0.7018518518518518 0.4744791666666667 0.7064814814814815 0.4671875 0.7046296296296296 0.46510416666666665 0.6962962962962963 0.471875 0.6898148148148148 0.4817708333333333 0.6916666666666667
2 0.5713541666666667 0.4861111111111111 0.5744791666666667 0.49074074074074076 0.5744791666666667 0.4962962962962963 0.571875 0.5018518518518519 0.5682291666666667 0.5037037037037037 0.5614583333333333 0.5009259259259259 0.559375 0.4935185185185185 0.5635416666666667 0.48703703703703705 0.5708333333333333 0.4861111111111111
2 0.2869791666666667 0.6027777777777777 0.29270833333333335 0.6064814814814815 0.2953125 0.6129629629629629 0.2947916666666667 0.6203703703703703 0.28958333333333336 0.6259259259259259 0.2786458333333333 0.6231481481481481 0.275 0.6194444444444445 0.27291666666666664 0.612037037037037 0.2760416666666667 0.6037037037037037 0.2864583333333333 0.6027777777777777
2 0.32760416666666664 0.6138888888888889 0.33125 0.6203703703703703 0.33125 0.6277777777777778 0.32395833333333335 0.6333333333333333 0.31197916666666664 0.6296296296296297 0.3072916666666667 0.6157407407407407 0.3140625 0.6101851851851852 0.32708333333333334 0.6138888888888889
2 0.6484375 0.6129629629629629 0.6536458333333334 0.6175925925925926 0.6557291666666667 0.6231481481481481 0.6541666666666667 0.6296296296296297 0.6453125 0.6361111111111111 0.6348958333333333 0.6333333333333333 0.6322916666666667 0.6296296296296297 0.6317708333333333 0.6231481481481481 0.6369791666666667 0.6148148148148148 0.6479166666666667 0.6129629629629629
2 0.4041666666666667 0.41759259259259257 0.41822916666666665 0.425 0.421875 0.43333333333333335 0.42135416666666664 0.4425925925925926 0.4125 0.4527777777777778 0.4041666666666667 0.4527777777777778 0.3963541666666667 0.4462962962962963 0.39375 0.44166666666666665 0.3932291666666667 0.42962962962962964 0.39739583333333334 0.4212962962962963 0.4036458333333333 0.4185185185185185
2 0.44166666666666665 0.737037037037037 0.4479166666666667 0.7416666666666667 0.4473958333333333 0.7481481481481481 0.4432291666666667 0.7518518518518519 0.434375 0.75 0.4317708333333333 0.7444444444444445 0.4354166666666667 0.737037037037037 0.44114583333333335 0.737037037037037
2 0.2296875 0.3685185185185185 0.23697916666666666 0.3787037037037037 0.2359375 0.387037037037037 0.23125 0.38981481481481484 0.221875 0.3861111111111111 0.21822916666666667 0.3768518518518518 0.2203125 0.36944444444444446 0.22916666666666666 0.3685185185185185
2 0.6479166666666667 0.7824074074074074 0.6515625 0.7861111111111111 0.6484375 0.7907407407407407 0.6432291666666666 0.787962962962963 0.6442708333333333 0.7833333333333333 0.6473958333333333 0.7824074074074074
2 0.7130208333333333 0.4601851851851852 0.7182291666666667 0.46574074074074073 0.7182291666666667 0.47685185185185186 0.7140625 0.4842592592592593 0.7041666666666667 0.49074074074074076 0.6932291666666667 0.48703703703703705 0.6901041666666666 0.475 0.6979166666666666 0.46296296296296297 0.7125 0.4601851851851852
2 0.50625 0.487962962962963 0.5083333333333333 0.49074074074074076 0.5083333333333333 0.4981481481481482 0.5036458333333333 0.5046296296296297 0.496875 0.5037037037037037 0.4942708333333333 0.5 0.49375 0.49444444444444446 0.4984375 0.48703703703703705 0.5057291666666667 0.487962962962963
2 0.4791666666666667 0.43425925925925923 0.48541666666666666 0.4425925925925926 0.4859375 0.4527777777777778 0.4828125 0.4601851851851852 0.4734375 0.46574074074074073 0.4609375 0.4583333333333333 0.4578125 0.45092592592592595 0.4578125 0.44537037037037036 0.4635416666666667 0.43425925925925923 0.4786458333333333 0.43425925925925923
2 0.5770833333333333 0.7421296296296296 0.017708333333333333 0.01574074074074074
1 0.9854166666666667 0.6101851851851852 0.990625 0.612037037037037 0.99375 0.6231481481481481 0.9994791666666667 0.6324074074074074 0.9994791666666667 0.6601851851851852 0.9880208333333333 0.6675925925925926 0.9802083333333333 0.6657407407407407 0.9708333333333333 0.6370370370370371 0.9708333333333333 0.6333333333333333 0.9755208333333333 0.6259259259259259 0.9776041666666667 0.6129629629629629 0.9848958333333333 0.6101851851851852
1 0.9421875 0.5287037037037037 0.95 0.5462962962962963 0.9609375 0.6037037037037037 0.9635416666666666 0.6074074074074074 0.9744791666666667 0.6092592592592593 0.9770833333333333 0.6157407407407407 0.975 0.6259259259259259 0.9692708333333333 0.6324074074074074 0.9494791666666667 0.637962962962963 0.9458333333333333 0.6370370370370371 0.9421875 0.6296296296296297 0.9411458333333333 0.6185185185185185 0.9244791666666666 0.5481481481481482 0.928125 0.5361111111111111 0.9364583333333333 0.5287037037037037 0.9416666666666667 0.5287037037037037
1 0.21822916666666667 0.6944444444444444 0.21927083333333333 0.7 0.20572916666666666 0.8 0.20208333333333334 0.8092592592592592 0.19635416666666666 0.8157407407407408 0.19427083333333334 0.825925925925926 0.190625 0.8287037037037037 0.18125 0.825 0.18125 0.8092592592592592 0.17760416666666667 0.7962962962962963 0.19270833333333334 0.6953703703703704 0.19583333333333333 0.6916666666666667 0.21770833333333334 0.6944444444444444
1 0.8796875 0.3277777777777778 0.8833333333333333 0.33055555555555555 0.8869791666666667 0.3416666666666667 0.8916666666666667 0.37592592592592594 0.9046875 0.4212962962962963 0.9041666666666667 0.42777777777777776 0.8984375 0.44166666666666665 0.890625 0.45185185185185184 0.89375 0.4685185185185185 0.8916666666666667 0.48055555555555557 0.8807291666666667 0.49074074074074076 0.8791666666666667 0.49074074074074076 0.8796875 0.48703703703703705 0.8708333333333333 0.4648148148148148 0.8567708333333334 0.4648148148148148 0.8479166666666667 0.45555555555555555 0.8427083333333333 0.4166666666666667 0.8348958333333333 0.39537037037037037 0.8291666666666667 0.3712962962962963 0.8317708333333333 0.3611111111111111 0.8515625 0.34074074074074073 0.8671875 0.33055555555555555 0.8791666666666667 0.3277777777777778
1 0.96875 0.49444444444444446 0.971875 0.49722222222222223 0.9744791666666667 0.5092592592592593 0.9807291666666667 0.5212962962962963 0.9953125 0.5824074074074074 0.9953125 0.5879629629629629 0.98125 0.6074074074074074 0.965625 0.6064814814814815 0.9609375 0.6018518518518519 0.9583333333333334 0.5805555555555556 0.9427083333333334 0.5175925925925926 0.9432291666666667 0.5083333333333333 0.9463541666666667 0.5018518518518519 0.9567708333333333 0.4935185185185185 0.9682291666666667 0.49444444444444446
1 0.8515625 0.46111111111111114 0.8588541666666667 0.4675925925925926 0.8697916666666666 0.4666666666666667 0.8760416666666667 0.48333333333333334 0.8739583333333333 0.49074074074074076 0.8942708333333333 0.5185185185185185 0.8942708333333333 0.5324074074074074 0.8880208333333334 0.5324074074074074 0.890625 0.5277777777777778 0.8729166666666667 0.5296296296296297 0.865625 0.5231481481481481 0.8609375 0.5046296296296297 0.8557291666666667 0.5009259259259259 0.85 0.487962962962963 0.8390625 0.47685185185185186 0.8307291666666666 0.45555555555555555 0.828125 0.44166666666666665 0.8296875 0.412962962962963 0.8338541666666667 0.4064814814814815 0.8385416666666666 0.4064814814814815 0.8463541666666666 0.45092592592592595 0.8510416666666667 0.46111111111111114
1 0.9088541666666666 0.3453703703703704 0.9145833333333333 0.3490740740740741 0.9192708333333334 0.3592592592592593 0.9307291666666667 0.4064814814814815 0.9302083333333333 0.42685185185185187 0.9239583333333333 0.44537037037037036 0.9234375 0.48333333333333334 0.921875 0.49166666666666664 0.9192708333333334 0.49444444444444446 0.915625 0.49074074074074076 0.9135416666666667 0.4787037037037037 0.903125 0.45925925925925926 0.89375 0.4527777777777778 0.9052083333333333 0.42407407407407405 0.8932291666666666 0.37962962962962965 0.8901041666666667 0.36203703703703705 0.8901041666666667 0.3490740740740741 0.8942708333333333 0.3453703703703704 0.9083333333333333 0.3453703703703704
1 0.2453125 0.6962962962962963 0.24479166666666666 0.7175925925925926 0.2359375 0.7870370370370371 0.22552083333333334 0.8175925925925925 0.225 0.8314814814814815 0.221875 0.8379629629629629 0.21458333333333332 0.8379629629629629 0.2109375 0.8342592592592593 0.21302083333333333 0.8111111111111111 0.209375 0.7861111111111111 0.21197916666666666 0.7555555555555555 0.2203125 0.700925925925926 0.2234375 0.6944444444444444 0.24479166666666666 0.6962962962962963
1 0.9635416666666666 0.6361111111111111 0.9708333333333333 0.6472222222222223 0.9723958333333333 0.6601851851851852 0.9796875 0.6787037037037037 0.9786458333333333 0.6851851851851852 0.9739583333333334 0.6916666666666667 0.9651041666666667 0.6953703703703704 0.9541666666666667 0.6907407407407408 0.946875 0.6407407407407407 0.9630208333333333 0.6361111111111111
1 0.9786458333333333 0.5148148148148148 0.9875 0.5157407407407407 0.9953125 0.5435185185185185 0.9994791666666667 0.55 0.9994791666666667 0.6055555555555555 0.9942708333333333 0.6092592592592593 0.9994791666666667 0.6111111111111112 0.9994791666666667 0.6138888888888889 0.9973958333333334 0.6138888888888889 0.9947916666666666 0.6194444444444445 0.99375 0.6083333333333333 0.9807291666666667 0.6083333333333333 0.9807291666666667 0.6046296296296296 0.99375 0.5916666666666667 0.9953125 0.5814814814814815 0.9786458333333333 0.5157407407407407