0 0.42604166666666665 0.38333333333333336 0.4328125 0.4222222222222222 0.4317708333333333 0.4287037037037037 0.42916666666666664 0.43148148148148147 0.4239583333333333 0.4287037037037037 0.4203125 0.4074074074074074 0.4171875 0.3990740740740741 0.41510416666666666 0.3990740740740741 0.4140625 0.3925925925925926 0.41875 0.38333333333333336 0.42552083333333335 0.38333333333333336
0 0.5098958333333333 0.6583333333333333 0.5114583333333333 0.6638888888888889 0.5083333333333333 0.6759259259259259 0.49947916666666664 0.6851851851851852 0.49583333333333335 0.6814814814814815 0.49583333333333335 0.6675925925925926 0.5046875 0.6583333333333333 0.509375 0.6583333333333333
0 0.44427083333333334 0.5425925925925926 0.4473958333333333 0.5453703703703704 0.4505208333333333 0.5564814814814815 0.44947916666666665 0.5638888888888889 0.4453125 0.5675925925925925 0.44166666666666665 0.5648148148148148 0.43854166666666666 0.55 0.4401041666666667 0.5435185185185185 0.44375 0.5425925925925926
0 0.44427083333333334 0.27037037037037037 0.446875 0.26944444444444443 0.45 0.2740740740740741 0.4625 0.37222222222222223 0.46770833333333334 0.387037037037037 0.4661458333333333 0.3972222222222222 0.45729166666666665 0.3972222222222222 0.4557291666666667 0.3675925925925926 0.44375 0.28703703703703703 0.44427083333333334 0.2712962962962963
0 0.4119791666666667 0.40185185185185185 0.415625 0.4064814814814815 0.4166666666666667 0.41574074074074074 0.40625 0.44907407407407407 0.4 0.4546296296296296 0.39375 0.44907407407407407 0.39166666666666666 0.44166666666666665 0.3921875 0.43425925925925923 0.39947916666666666 0.42407407407407405 0.4078125 0.4027777777777778 0.4114583333333333 0.40185185185185185
0 0.34375 0.5814814814814815 0.42916666666666664 0.5861111111111111 0.4395833333333333 0.5805555555555556 0.4421875 0.5814814814814815 0.44427083333333334 0.5879629629629629 0.44375 0.6074074074074074 0.440625 0.6129629629629629 0.4348958333333333 0.6129629629629629 0.43072916666666666 0.6074074074074074 0.4161458333333333 0.6055555555555555 0.3255208333333333 0.6055555555555555 0.32135416666666666 0.600925925925926 0.321875 0.5824074074074074 0.34322916666666664 0.5814814814814815
0 0.5322916666666667 0.44814814814814813 0.5359375 0.4601851851851852 0.5348958333333333 0.46574074074074073 0.5307291666666667 0.4703703703703704 0.5213541666666667 0.4648148148148148 0.48125 0.4638888888888889 0.478125 0.4601851851851852 0.478125 0.4546296296296296 0.4796875 0.45092592592592595 0.48489583333333336 0.45 0.5208333333333334 0.45092592592592595 0.5265625 0.44722222222222224 0.5317708333333333 0.44814814814814813
0 0.47604166666666664 0.48518518518518516 0.4796875 0.4898148148148148 0.4796875 0.49722222222222223 0.47552083333333334 0.5037037037037037 0.4640625 0.49907407407407406 0.46197916666666666 0.4935185185185185 0.46458333333333335 0.487962962962963 0.47552083333333334 0.48518518518518516
0 0.5328125 0.3925925925925926 0.5359375 0.39444444444444443 0.5416666666666666 0.4083333333333333 0.5682291666666667 0.49537037037037035 0.578125 0.5138888888888888 0.5796875 0.5203703703703704 0.578125 0.5268518518518519 0.5734375 0.5314814814814814 0.5682291666666667 0.5314814814814814 0.5661458333333333 0.5277777777777778 0.5630208333333333 0.5064814814814815 0.5296875 0.40555555555555556 0.5296875 0.3962962962962963 0.5322916666666667 0.39351851851851855
2 0.49583333333333335 0.5935185185185186 0.4984375 0.5981481481481481 0.4953125 0.6064814814814815 0.49270833333333336 0.6018518518518519 0.49322916666666666 0.5944444444444444 0.4953125 0.5935185185185186
2 0.5484375 0.6046296296296296 0.553125 0.6148148148148148 0.5541666666666667 0.6333333333333333 0.5515625 0.6462962962962963 0.5473958333333333 0.6518518518518519 0.5442708333333334 0.6518518518518519 0.5395833333333333 0.6453703703703704 0.5375 0.637962962962963 0.5364583333333334 0.6194444444444445 0.5401041666666667 0.6064814814814815 0.5427083333333333 0.6037037037037037 0.5479166666666667 0.6046296296296296
2 0.4609375 0.41944444444444445 0.4625 0.4305555555555556 0.46041666666666664 0.4361111111111111 0.4583333333333333 0.4361111111111111 0.45625 0.42962962962962964 0.45677083333333335 0.4212962962962963 0.46041666666666664 0.41944444444444445
2 0.5026041666666666 0.39537037037037037 0.5041666666666667 0.4101851851851852 0.5010416666666667 0.4185185185185185 0.4973958333333333 0.4166666666666667 0.4953125 0.4027777777777778 0.4973958333333333 0.39537037037037037 0.5020833333333333 0.39537037037037037
2 0.43697916666666664 0.4981481481481482 0.440625 0.5064814814814815 0.44114583333333335 0.5231481481481481 0.43854166666666666 0.5324074074074074 0.4354166666666667 0.5361111111111111 0.43072916666666666 0.5305555555555556 0.4296875 0.5092592592592593 0.4328125 0.49907407407407406 0.43645833333333334 0.4981481481481482
2 0.4953125 0.5120370370370371 0.4973958333333333 0.5185185185185185 0.4979166666666667 0.5333333333333333 0.4942708333333333 0.5453703703703704 0.48854166666666665 0.5425925925925926 0.4859375 0.5268518518518519 0.4895833333333333 0.5120370370370371 0.4947916666666667 0.5120370370370371
2 0.5114583333333333 0.5407407407407407 0.5151041666666667 0.5407407407407407 0.5161458333333333 0.5453703703703704 0.515625 0.5518518518518518 0.5125 0.5537037037037037 0.5109375 0.5509259259259259 0.5114583333333333 0.5416666666666666
2 0.478125 0.5685185185185185 0.4817708333333333 0.5787037037037037 0.4822916666666667 0.5925925925925926 0.4796875 0.6055555555555555 0.47604166666666664 0.6092592592592593 0.47291666666666665 0.6092592592592593 0.46979166666666666 0.6027777777777777 0.46822916666666664 0.5814814814814815 0.471875 0.5685185185185185 0.47760416666666666 0.5685185185185185
2 0.4796875 0.6675925925925926 0.48072916666666665 0.6824074074074075 0.47760416666666666 0.6898148148148148 0.4739583333333333 0.6851851851851852 0.47291666666666665 0.674074074074074 0.47552083333333334 0.6657407407407407 0.4791666666666667 0.6675925925925926
2 0.46822916666666664 0.625 0.4661458333333333 0.6203703703703703 0.4661458333333333 0.6111111111111112 0.46979166666666666 0.6074074074074074 0.47239583333333335 0.612037037037037 0.471875 0.6203703703703703 0.46875 0.6240740740740741
2 0.45 0.4185185185185185 0.45208333333333334 0.4305555555555556 0.44895833333333335 0.4398148148148148 0.44583333333333336 0.43703703703703706 0.44479166666666664 0.42592592592592593 0.44635416666666666 0.41944444444444445 0.44947916666666665 0.4185185185185185
2 0.475 0.42407407407407405 0.478125 0.43425925925925923 0.4786458333333333 0.44722222222222224 0.4765625 0.45925925925925926 0.47291666666666665 0.4648148148148148 0.4671875 0.4601851851851852 0.46510416666666665 0.4398148148148148 0.46979166666666666 0.42407407407407405 0.4744791666666667 0.42407407407407405
2 0.49895833333333334 0.6203703703703703 0.503125 0.6305555555555555 0.5041666666666667 0.6481481481481481 0.5015625 0.6592592592592592 0.4979166666666667 0.6638888888888889 0.49375 0.6620370370370371 0.49114583333333334 0.6564814814814814 0.4895833333333333 0.6305555555555555 0.49322916666666666 0.6203703703703703 0.4984375 0.6203703703703703
2 0.4791666666666667 0.6259259259259259 0.48072916666666665 0.6324074074074074 0.47760416666666666 0.6416666666666667 0.475 0.637962962962963 0.4744791666666667 0.6296296296296297 0.47552083333333334 0.6259259259259259 0.4786458333333333 0.6259259259259259
2 0.4973958333333333 0.5787037037037037 0.5 0.5833333333333334 0.5 0.5907407407407408 0.4973958333333333 0.5981481481481481 0.49322916666666666 0.5944444444444444 0.49322916666666666 0.5824074074074074 0.496875 0.5787037037037037
2 0.45989583333333334 0.7138888888888889 0.4635416666666667 0.7324074074074074 0.46197916666666666 0.7444444444444445 0.4583333333333333 0.7490740740740741 0.45416666666666666 0.7472222222222222 0.45208333333333334 0.7416666666666667 0.4510416666666667 0.7222222222222222 0.4546875 0.7138888888888889 0.459375 0.7138888888888889
2 0.46770833333333334 0.6481481481481481 0.46875 0.6555555555555556 0.4666666666666667 0.6601851851851852 0.46458333333333335 0.6583333333333333 0.46458333333333335 0.6509259259259259 0.4671875 0.6481481481481481
2 0.4747395833333333 0.6981481481481482 0.0046875 0.012962962962962963
2 0.5442708333333334 0.5435185185185185 0.540625 0.5398148148148149 0.5411458333333333 0.5314814814814814 0.54375 0.5287037037037037 0.5458333333333333 0.5314814814814814 0.5447916666666667 0.5425925925925926
2 0.46927083333333336 0.30324074074074076 0.013541666666666667 0.041666666666666664
2 0.47239583333333335 0.5 0.475 0.5046296296296297 0.475 0.5166666666666667 0.4739583333333333 0.525 0.4708333333333333 0.5314814814814814 0.4671875 0.5314814814814814 0.46458333333333335 0.5268518518518519 0.4625 0.5018518518518519 0.4635416666666667 0.49907407407407406 0.471875 0.5
2 0.5192708333333333 0.5796296296296296 0.5234375 0.5888888888888889 0.5229166666666667 0.5981481481481481 0.5192708333333333 0.6046296296296296 0.515625 0.6027777777777777 0.5135416666666667 0.5953703703703703 0.5140625 0.5824074074074074 0.51875 0.5796296296296296
1 0.4270833333333333 0.8777777777777778 0.4270833333333333 0.9268518518518518 0.39479166666666665 0.937962962962963 0.3796875 0.9398148148148148 0.3645833333333333 0.9333333333333333 0.35052083333333334 0.9351851851851852 0.3484375 0.9222222222222223 0.35052083333333334 0.912962962962963 0.3609375 0.9101851851851852 0.378125 0.8953703703703704 0.4036458333333333 0.8888888888888888 0.4265625 0.8777777777777778
1 0.4270833333333333 0.9305555555555556 0.4270833333333333 0.9731481481481481 0.36822916666666666 0.9962962962962963 0.3625 0.9888888888888889 0.3567708333333333 0.9898148148148148 0.3541666666666667 0.987037037037037 0.3541666666666667 0.9657407407407408 0.35989583333333336 0.962037037037037 0.3697916666666667 0.9444444444444444 0.4078125 0.9342592592592592 0.425 0.9351851851851852 0.4265625 0.9314814814814815