0 0.5796875 0.44351851851851853 0.5807291666666666 0.46296296296296297 0.5786458333333333 0.47129629629629627 0.5755208333333334 0.46944444444444444 0.5703125 0.44722222222222224 0.5739583333333333 0.44074074074074077 0.5791666666666667 0.44351851851851853
0 0.4973958333333333 0 0.515625 0 0.515625 0.011111111111111112 0.509375 0.01574074074074074 0.5041666666666667 0.025925925925925925 0.45208333333333334 0.175 0.44635416666666666 0.1824074074074074 0.4427083333333333 0.1814814814814815 0.43802083333333336 0.1712962962962963 0.4395833333333333 0.1574074074074074 0.465625 0.08796296296296297 0.4713541666666667 0.07962962962962963 0.4947916666666667 0.012962962962962963 0.4973958333333333 0.000925925925925926
0 0.6369791666666667 0.16666666666666666 0.6385416666666667 0.16944444444444445 0.6458333333333334 0.27314814814814814 0.6458333333333334 0.29074074074074074 0.6442708333333333 0.29444444444444445 0.6416666666666667 0.2916666666666667 0.6395833333333333 0.27314814814814814 0.63125 0.17222222222222222 0.6317708333333333 0.1675925925925926 0.6364583333333333 0.16666666666666666
0 0.6401041666666667 0.6129629629629629 0.64375 0.6185185185185185 0.6411458333333333 0.6472222222222223 0.6416666666666667 0.6638888888888889 0.6395833333333333 0.6712962962962963 0.6359375 0.6731481481481482 0.6286458333333333 0.6694444444444444 0.6260416666666667 0.6638888888888889 0.6260416666666667 0.6583333333333333 0.6338541666666667 0.6148148148148148 0.6395833333333333 0.6129629629629629
0 0.4890625 0.3296296296296296 0.4973958333333333 0.34074074074074073 0.4984375 0.3490740740740741 0.49635416666666665 0.35555555555555557 0.4822916666666667 0.3472222222222222 0.4817708333333333 0.3351851851851852 0.48854166666666665 0.3296296296296296
0 0.6010416666666667 0.6694444444444444 0.6072916666666667 0.674074074074074 0.6078125 0.6824074074074075 0.6026041666666667 0.6916666666666667 0.58125 0.7962962962962963 0.5770833333333333 0.799074074074074 0.5744791666666667 0.7925925925925926 0.5942708333333333 0.7037037037037037 0.5989583333333334 0.6712962962962963 0.6005208333333333 0.6703703703703704
0 0.5276041666666667 0.6694444444444444 0.5307291666666667 0.675 0.5296875 0.687962962962963 0.5088541666666667 0.7203703703703703 0.503125 0.7185185185185186 0.49895833333333334 0.7111111111111111 0.4973958333333333 0.7027777777777777 0.4984375 0.6925925925925925 0.5052083333333334 0.6814814814814815 0.5114583333333333 0.6796296296296296 0.521875 0.6685185185185185 0.5270833333333333 0.6694444444444444
0 0.5526041666666667 0.11018518518518519 0.5578125 0.11296296296296296 0.5604166666666667 0.11851851851851852 0.5604166666666667 0.12407407407407407 0.55625 0.13148148148148148 0.5536458333333333 0.16944444444444445 0.55 0.17314814814814813 0.5463541666666667 0.17222222222222222 0.5447916666666667 0.1685185185185185 0.5463541666666667 0.1287037037037037 0.5442708333333334 0.11666666666666667 0.546875 0.1111111111111111 0.5520833333333334 0.11018518518518519
0 0.5822916666666667 0.6416666666666667 0.5880208333333333 0.6481481481481481 0.5869791666666667 0.6611111111111111 0.5755208333333334 0.662962962962963 0.5630208333333333 0.6694444444444444 0.5552083333333333 0.6694444444444444 0.553125 0.6638888888888889 0.5536458333333333 0.6574074074074074 0.5817708333333333 0.6416666666666667
0 0.6317708333333333 0.5333333333333333 0.6364583333333333 0.5398148148148149 0.6395833333333333 0.5703703703703704 0.6395833333333333 0.5768518518518518 0.6375 0.5787037037037037 0.6296875 0.5768518518518518 0.6317708333333333 0.5657407407407408 0.6317708333333333 0.5342592592592592
0 0.5265625 0.35 0.534375 0.3611111111111111 0.534375 0.3712962962962963 0.5322916666666667 0.37592592592592594 0.528125 0.37777777777777777 0.5229166666666667 0.3990740740740741 0.5177083333333333 0.40925925925925927 0.5119791666666667 0.4046296296296296 0.5114583333333333 0.3962962962962963 0.5171875 0.3731481481481482 0.51875 0.3537037037037037 0.5229166666666667 0.3490740740740741 0.5260416666666666 0.35
0 0.6385416666666667 0.4527777777777778 0.6416666666666667 0.46111111111111114 0.6442708333333333 0.5148148148148148 0.6484375 0.5212962962962963 0.6484375 0.5277777777777778 0.6458333333333334 0.5324074074074074 0.6375 0.5351851851851852 0.6338541666666667 0.5351851851851852 0.6322916666666667 0.5314814814814814 0.6333333333333333 0.5083333333333333 0.6307291666666667 0.45925925925925926 0.6328125 0.4537037037037037 0.6380208333333334 0.4527777777777778
0 0.4859375 0.29074074074074074 0.48854166666666665 0.3175925925925926 0.4864583333333333 0.32592592592592595 0.4817708333333333 0.325 0.47708333333333336 0.3175925925925926 0.4817708333333333 0.29074074074074074 0.48541666666666666 0.29074074074074074
2 0.6197916666666666 0.16666666666666666 0.6223958333333334 0.17407407407407408 0.6229166666666667 0.19074074074074074 0.6213541666666667 0.19907407407407407 0.6182291666666667 0.20277777777777778 0.6140625 0.19814814814814816 0.6119791666666666 0.17777777777777778 0.6151041666666667 0.16574074074074074 0.6192708333333333 0.16666666666666666
2 0.51953125 0.43148148148148147 0.005729166666666666 0.014814814814814815
2 0.5526041666666667 0.3712962962962963 0.5546875 0.37777777777777777 0.5526041666666667 0.3888888888888889 0.55 0.38796296296296295 0.5479166666666667 0.38055555555555554 0.5484375 0.37592592592592594 0.5520833333333334 0.3712962962962963
2 0.5895833333333333 0.3074074074074074 0.5921875 0.3111111111111111 0.5927083333333333 0.32222222222222224 0.5890625 0.3296296296296296 0.5859375 0.325 0.5848958333333333 0.3175925925925926 0.5864583333333333 0.30833333333333335 0.5890625 0.3074074074074074
2 0.5296875 0.4439814814814815 0.013541666666666667 0.03796296296296296
2 0.49583333333333335 0.19074074074074074 0.5020833333333333 0.2074074074074074 0.5020833333333333 0.22592592592592592 0.5005208333333333 0.2324074074074074 0.4953125 0.2388888888888889 0.49114583333333334 0.2361111111111111 0.4859375 0.21851851851851853 0.4875 0.19444444444444445 0.4901041666666667 0.18981481481481483 0.4953125 0.19074074074074074
2 0.515625 0.5694444444444444 0.5182291666666666 0.575 0.51875 0.5833333333333334 0.5145833333333333 0.5953703703703703 0.5104166666666666 0.5916666666666667 0.509375 0.5768518518518518 0.5114583333333333 0.5703703703703704 0.5151041666666667 0.5694444444444444
2 0.571875 0.4930555555555556 0.005208333333333333 0.013888888888888888
2 0.5625 0.5842592592592593 0.565625 0.5935185185185186 0.565625 0.6046296296296296 0.5635416666666667 0.6138888888888889 0.5598958333333334 0.6185185185185185 0.5536458333333333 0.6138888888888889 0.5520833333333334 0.5953703703703703 0.55625 0.5833333333333334 0.5619791666666667 0.5842592592592593
2 0.540625 0.5768518518518518 0.5432291666666667 0.5824074074074074 0.5432291666666667 0.5925925925925926 0.5395833333333333 0.600925925925926 0.5354166666666667 0.5953703703703703 0.5354166666666667 0.5805555555555556 0.5401041666666667 0.5768518518518518
2 0.5479166666666667 0.45555555555555555 0.5526041666666667 0.45555555555555555 0.5546875 0.4648148148148148 0.5536458333333333 0.475 0.5484375 0.4777777777777778 0.5458333333333333 0.46574074074074073 0.5479166666666667 0.4564814814814815
2 0.5479166666666667 0.3296296296296296 0.5520833333333334 0.3351851851851852 0.5536458333333333 0.3425925925925926 0.553125 0.36574074074074076 0.5520833333333334 0.37222222222222223 0.5494791666666666 0.37407407407407406 0.54375 0.3685185185185185 0.540625 0.35555555555555557 0.5416666666666666 0.3351851851851852 0.54375 0.33055555555555555 0.5473958333333333 0.3296296296296296
2 0.5333333333333333 0.3527777777777778 0.5385416666666667 0.3648148148148148 0.5395833333333333 0.3814814814814815 0.5380208333333333 0.38981481481481484 0.5317708333333333 0.3962962962962963 0.5276041666666667 0.3925925925925926 0.5265625 0.38425925925925924 0.5286458333333334 0.3768518518518518 0.5322916666666667 0.3814814814814815 0.5338541666666666 0.3787037037037037 0.534375 0.36666666666666664 0.5296875 0.35555555555555557 0.5307291666666667 0.35185185185185186 0.5328125 0.3527777777777778
2 0.6 0.5027777777777778 0.6026041666666667 0.5175925925925926 0.6015625 0.5277777777777778 0.5989583333333334 0.5324074074074074 0.5953125 0.5314814814814814 0.59375 0.5268518518518519 0.5932291666666667 0.5101851851851852 0.5958333333333333 0.5018518518518519 0.5994791666666667 0.5027777777777778
2 0.5104166666666666 0.3333333333333333 0.5135416666666667 0.3425925925925926 0.5135416666666667 0.3611111111111111 0.5109375 0.37222222222222223 0.5072916666666667 0.3768518518518518 0.5015625 0.3731481481481482 0.4979166666666667 0.3592592592592593 0.4984375 0.337037037037037 0.503125 0.3277777777777778 0.5098958333333333 0.3333333333333333
2 0.6161458333333333 0.3731481481481482 0.6208333333333333 0.375 0.6234375 0.39166666666666666 0.6229166666666667 0.40185185185185185 0.6203125 0.40925925925925927 0.6151041666666667 0.40555555555555556 0.6130208333333333 0.3972222222222222 0.6130208333333333 0.3851851851851852 0.6161458333333333 0.37407407407407406
2 0.45729166666666665 0.6324074074074074 0.45677083333333335 0.6231481481481481 0.459375 0.6175925925925926 0.4635416666666667 0.6203703703703703 0.4635416666666667 0.6287037037037037 0.46041666666666664 0.6342592592592593 0.4578125 0.6324074074074074
2 0.5401041666666667 0.24722222222222223 0.5442708333333334 0.2574074074074074 0.5453125 0.2675925925925926 0.5447916666666667 0.2814814814814815 0.5401041666666667 0.29074074074074074 0.5369791666666667 0.29074074074074074 0.5338541666666666 0.2861111111111111 0.53125 0.2740740740740741 0.5317708333333333 0.2537037037037037 0.5354166666666667 0.2462962962962963 0.5395833333333333 0.24722222222222223
1 0.6088541666666667 0.9472222222222222 0.6640625 0.9611111111111111 0.6682291666666667 0.9638888888888889 0.6723958333333333 0.975925925925926 0.68125 0.987037037037037 0.68125 0.9990740740740741 0.6348958333333333 0.9990740740740741 0.6083333333333333 0.9898148148148148 0.6067708333333334 0.9879629629629629 0.6067708333333334 0.9583333333333334 0.6088541666666667 0.9481481481481482
1 0.6088541666666667 0.8972222222222223 0.6119791666666666 0.9 0.6182291666666667 0.8972222222222223 0.6234375 0.9027777777777778 0.6442708333333333 0.9074074074074074 0.6625 0.9157407407407407 0.6776041666666667 0.9296296296296296 0.6848958333333334 0.9314814814814815 0.6864583333333333 0.937037037037037 0.6864583333333333 0.9481481481481482 0.6833333333333333 0.9546296296296296 0.675 0.9537037037037037 0.6578125 0.9583333333333334 0.6140625 0.9444444444444444 0.6088541666666667 0.9416666666666667 0.6067708333333334 0.9351851851851852 0.6088541666666667 0.8981481481481481