0 0.4354166666666667 0.2675925925925926 0.43854166666666666 0.28703703703703703 0.43854166666666666 0.29259259259259257 0.43645833333333334 0.2953703703703704 0.4328125 0.2953703703703704 0.43020833333333336 0.2916666666666667 0.43125 0.26944444444444443 0.4348958333333333 0.2675925925925926
0 0.47239583333333335 0.21666666666666667 0.47760416666666666 0.22314814814814815 0.475 0.22592592592592592 0.43854166666666666 0.22870370370370371 0.42604166666666665 0.2324074074074074 0.421875 0.23055555555555557 0.421875 0.22037037037037038 0.425 0.2175925925925926 0.44375 0.21944444444444444 0.471875 0.21666666666666667
0 0.35208333333333336 0.20462962962962963 0.3625 0.20555555555555555 0.36354166666666665 0.2175925925925926 0.3453125 0.2175925925925926 0.3416666666666667 0.22314814814814815 0.3380208333333333 0.2212962962962963 0.3380208333333333 0.20462962962962963 0.3515625 0.20462962962962963
0 0.428125 0.325 0.43072916666666666 0.3333333333333333 0.428125 0.3416666666666667 0.3692708333333333 0.4111111111111111 0.359375 0.42685185185185187 0.353125 0.44537037037037036 0.3489583333333333 0.45 0.34270833333333334 0.4462962962962963 0.3359375 0.42962962962962964 0.33541666666666664 0.4212962962962963 0.3385416666666667 0.4111111111111111 0.35260416666666666 0.4064814814814815 0.4166666666666667 0.33055555555555555 0.4244791666666667 0.32407407407407407 0.4276041666666667 0.325
0 0.5578125 0.3277777777777778 0.5604166666666667 0.3314814814814815 0.5854166666666667 0.3314814814814815 0.5880208333333333 0.33425925925925926 0.5885416666666666 0.3453703703703704 0.5854166666666667 0.35185185185185186 0.5541666666666667 0.35833333333333334 0.55 0.35555555555555557 0.5494791666666666 0.337037037037037 0.5520833333333334 0.3277777777777778 0.5572916666666666 0.3277777777777778
0 0.503125 0.4101851851851852 0.50625 0.41759259259259257 0.5114583333333333 0.41944444444444445 0.5494791666666666 0.4212962962962963 0.5520833333333334 0.425 0.5526041666666667 0.4351851851851852 0.5515625 0.44074074074074077 0.5479166666666667 0.4444444444444444 0.5078125 0.44166666666666665 0.5005208333333333 0.45 0.4947916666666667 0.44722222222222224 0.4947916666666667 0.41944444444444445 0.4973958333333333 0.40925925925925927 0.5026041666666666 0.4101851851851852
0 0.4744791666666667 0.26944444444444443 0.490625 0.2740740740740741 0.4942708333333333 0.26944444444444443 0.49947916666666664 0.2712962962962963 0.5015625 0.2833333333333333 0.49947916666666664 0.2953703703703704 0.49635416666666665 0.3 0.48333333333333334 0.2972222222222222 0.4666666666666667 0.28888888888888886 0.46458333333333335 0.2824074074074074 0.465625 0.2712962962962963 0.4739583333333333 0.26944444444444443
0 0.46927083333333336 0.19444444444444445 0.49322916666666666 0.24166666666666667 0.5010416666666667 0.2518518518518518 0.5015625 0.2611111111111111 0.4979166666666667 0.26666666666666666 0.4942708333333333 0.26481481481481484 0.4890625 0.24537037037037038 0.4661458333333333 0.20462962962962963 0.46458333333333335 0.1962962962962963 0.46875 0.19444444444444445
0 0.5479166666666667 0.37777777777777777 0.5552083333333333 0.37592592592592594 0.5796875 0.3824074074074074 0.5859375 0.3824074074074074 0.590625 0.37777777777777777 0.59375 0.37962962962962965 0.5927083333333333 0.4009259259259259 0.5880208333333333 0.4046296296296296 0.5776041666666667 0.39814814814814814 0.55 0.39351851851851855 0.546875 0.387037037037037 0.5479166666666667 0.3787037037037037
2 0.671875 0.3287037037037037 0.6734375 0.33055555555555555 0.671875 0.337037037037037 0.6661458333333333 0.33425925925925926 0.6677083333333333 0.3287037037037037 0.6713541666666667 0.3287037037037037
2 0.5520833333333334 0.24444444444444444 0.5572916666666666 0.24814814814814815 0.5588541666666667 0.25277777777777777 0.5583333333333333 0.25833333333333336 0.553125 0.26296296296296295 0.5447916666666667 0.262037037037037 0.5385416666666667 0.25462962962962965 0.5390625 0.25 0.5432291666666667 0.24537037037037038 0.5515625 0.24444444444444444
2 0.47760416666666666 0.2935185185185185 0.48489583333333336 0.29907407407407405 0.4822916666666667 0.3074074074074074 0.4786458333333333 0.30925925925925923 0.46927083333333336 0.30833333333333335 0.46510416666666665 0.30277777777777776 0.4671875 0.29444444444444445 0.47708333333333336 0.2935185185185185
2 0.571875 0.49722222222222223 0.5744791666666667 0.5027777777777778 0.5744791666666667 0.5083333333333333 0.5713541666666667 0.512962962962963 0.5635416666666667 0.5120370370370371 0.559375 0.5055555555555555 0.559375 0.5018518518518519 0.5625 0.49722222222222223 0.5713541666666667 0.49722222222222223
2 0.2921875 0.375 0.2953125 0.38055555555555554 0.2942708333333333 0.38981481481481484 0.2838541666666667 0.3972222222222222 0.2760416666666667 0.39537037037037037 0.2734375 0.3907407407407407 0.2734375 0.38333333333333336 0.28020833333333334 0.375 0.2916666666666667 0.375
2 0.32395833333333335 0.36574074074074076 0.3307291666666667 0.36944444444444446 0.33125 0.3787037037037037 0.3265625 0.3861111111111111 0.31875 0.3888888888888889 0.3098958333333333 0.387037037037037 0.3072916666666667 0.37962962962962965 0.3140625 0.3675925925925926 0.3234375 0.36574074074074076
2 0.6453125 0.362962962962963 0.6541666666666667 0.36944444444444446 0.6557291666666667 0.37592592592592594 0.6536458333333334 0.3814814814814815 0.6484375 0.3861111111111111 0.6369791666666667 0.38425925925925924 0.6317708333333333 0.37592592592592594 0.6322916666666667 0.36944444444444446 0.6348958333333333 0.36574074074074076 0.6447916666666667 0.362962962962963
2 0.4125 0.5462962962962963 0.42135416666666664 0.5564814814814815 0.42135416666666664 0.5685185185185185 0.41458333333333336 0.5777777777777777 0.4041666666666667 0.5814814814814815 0.39739583333333334 0.5777777777777777 0.39375 0.5712962962962963 0.39375 0.5574074074074075 0.4010416666666667 0.5481481481481482 0.4119791666666667 0.5462962962962963
2 0.4453125 0.24814814814814815 0.4473958333333333 0.25092592592592594 0.4479166666666667 0.2574074074074074 0.44166666666666665 0.262037037037037 0.43333333333333335 0.2601851851851852 0.4322916666666667 0.2518518518518518 0.43854166666666666 0.24722222222222223 0.44479166666666664 0.24814814814814815
2 0.23125 0.6092592592592593 0.2359375 0.612037037037037 0.23697916666666666 0.6203703703703703 0.23385416666666667 0.6268518518518519 0.22760416666666666 0.6314814814814815 0.2203125 0.6296296296296297 0.21822916666666667 0.6222222222222222 0.221875 0.6129629629629629 0.23072916666666668 0.6092592592592593
2 0.6484375 0.20833333333333334 0.6515625 0.21296296296296297 0.6479166666666667 0.21666666666666667 0.6432291666666666 0.21388888888888888 0.6442708333333333 0.20925925925925926 0.6479166666666667 0.20833333333333334
2 0.7041666666666667 0.5083333333333333 0.7140625 0.5148148148148148 0.71875 0.524074074074074 0.7182291666666667 0.5333333333333333 0.7098958333333333 0.5398148148148149 0.6979166666666666 0.5361111111111111 0.6901041666666666 0.524074074074074 0.6932291666666667 0.5120370370370371 0.7036458333333333 0.5083333333333333
2 0.50625 0.4962962962962963 0.5083333333333333 0.5009259259259259 0.5083333333333333 0.5083333333333333 0.5041666666666667 0.5120370370370371 0.49583333333333335 0.5101851851851852 0.49375 0.5009259259259259 0.4979166666666667 0.49444444444444446 0.5057291666666667 0.4962962962962963
2 0.4734375 0.5333333333333333 0.4796875 0.5361111111111111 0.48541666666666666 0.5435185185185185 0.484375 0.5592592592592592 0.4734375 0.5666666666666667 0.4635416666666667 0.5648148148148148 0.459375 0.5592592592592592 0.4578125 0.5537037037037037 0.4588541666666667 0.5444444444444444 0.465625 0.5361111111111111 0.47291666666666665 0.5342592592592592
2 0.58125 0.25 0.5854166666666667 0.2564814814814815 0.58125 0.26481481481481484 0.571875 0.2638888888888889 0.5682291666666667 0.25833333333333336 0.5708333333333333 0.25092592592592594 0.5807291666666666 0.25
1 0.9880208333333333 0.3314814814814815 0.9994791666666667 0.3388888888888889 0.9994791666666667 0.36666666666666664 0.99375 0.37592592592592594 0.990625 0.387037037037037 0.9854166666666667 0.3888888888888889 0.9776041666666667 0.3861111111111111 0.9770833333333333 0.3787037037037037 0.9708333333333333 0.36574074074074076 0.9708333333333333 0.36203703703703705 0.9791666666666666 0.3351851851851852 0.9875 0.3314814814814815
1 0.9494791666666667 0.3611111111111111 0.9692708333333333 0.36666666666666664 0.975 0.3731481481481482 0.9770833333333333 0.38333333333333336 0.9744791666666667 0.38981481481481484 0.9635416666666666 0.39166666666666666 0.9609375 0.39537037037037037 0.95 0.4527777777777778 0.9442708333333333 0.4666666666666667 0.9411458333333333 0.47129629629629627 0.9322916666666666 0.4675925925925926 0.9260416666666667 0.45925925925925926 0.9244791666666666 0.45092592592592595 0.9411458333333333 0.38055555555555554 0.9421875 0.36944444444444446 0.9458333333333333 0.36203703703703705 0.9489583333333333 0.36203703703703705
1 0.19270833333333334 0.1712962962962963 0.19635416666666666 0.18333333333333332 0.20208333333333334 0.18981481481481483 0.20572916666666666 0.19907407407407407 0.21927083333333333 0.29907407407407405 0.21822916666666667 0.30462962962962964 0.19635416666666666 0.3074074074074074 0.1921875 0.30092592592592593 0.17760416666666667 0.20277777777777778 0.18125 0.18981481481481483 0.18125 0.17407407407407408 0.1859375 0.17037037037037037 0.1921875 0.1712962962962963
1 0.8791666666666667 0.5083333333333333 0.8916666666666667 0.5185185185185185 0.89375 0.5305555555555556 0.890625 0.5472222222222223 0.8984375 0.5574074074074075 0.9046875 0.5740740740740741 0.9041666666666667 0.5814814814814815 0.8916666666666667 0.6231481481481481 0.8885416666666667 0.65 0.8833333333333333 0.6685185185185185 0.8734375 0.6712962962962963 0.8588541666666667 0.6638888888888889 0.8385416666666666 0.6462962962962963 0.8291666666666667 0.6324074074074074 0.8307291666666666 0.6185185185185185 0.8427083333333333 0.5824074074074074 0.8479166666666667 0.5435185185185185 0.8567708333333334 0.5342592592592592 0.8708333333333333 0.5342592592592592 0.8796875 0.5120370370370371 0.8791666666666667 0.5092592592592593
1 0.9864583333333333 0.39814814814814814 0.9953125 0.4111111111111111 0.9947916666666666 0.4212962962962963 0.9807291666666667 0.4777777777777778 0.9744791666666667 0.4898148148148148 0.971875 0.5018518518518519 0.9677083333333333 0.5055555555555555 0.9567708333333333 0.5055555555555555 0.9463541666666667 0.49722222222222223 0.9427083333333334 0.487962962962963 0.9432291666666667 0.4777777777777778 0.9453125 0.4666666666666667 0.9505208333333334 0.4546296296296296 0.9588541666666667 0.41574074074074074 0.9609375 0.3972222222222222 0.965625 0.3925925925925926 0.98125 0.39166666666666666 0.9859375 0.39814814814814814
1 0.8880208333333334 0.4666666666666667 0.8947916666666667 0.4675925925925926 0.8942708333333333 0.48055555555555557 0.8739583333333333 0.5083333333333333 0.8760416666666667 0.5157407407407407 0.8697916666666666 0.5324074074074074 0.8588541666666667 0.5314814814814814 0.8473958333333333 0.5444444444444444 0.8385416666666666 0.5925925925925926 0.8338541666666667 0.5925925925925926 0.8302083333333333 0.5879629629629629 0.828125 0.5712962962962963 0.828125 0.5574074074074075 0.8348958333333333 0.5305555555555556 0.8416666666666667 0.5185185185185185 0.85 0.5111111111111111 0.8557291666666667 0.4981481481481482 0.8604166666666667 0.49537037037037035 0.865625 0.4759259259259259 0.8729166666666667 0.46944444444444444 0.890625 0.47129629629629627 0.890625 0.4685185185185185 0.8880208333333334 0.4675925925925926
1 0.89375 0.5462962962962963 0.903125 0.5398148148148149 0.9135416666666667 0.5203703703703704 0.915625 0.5083333333333333 0.9177083333333333 0.5046296296296297 0.9208333333333333 0.5055555555555555 0.9234375 0.5157407407407407 0.9239583333333333 0.5537037037037037 0.9286458333333333 0.5648148148148148 0.9307291666666667 0.5768518518518518 0.9296875 0.6 0.9166666666666666 0.6462962962962963 0.9088541666666666 0.6537037037037037 0.8927083333333333 0.6527777777777778 0.8901041666666667 0.65 0.890625 0.6333333333333333 0.9052083333333333 0.575 0.89375 0.5472222222222223
1 0.221875 0.16111111111111112 0.225 0.1675925925925926 0.22552083333333334 0.1814814814814815 0.2359375 0.21203703703703702 0.24635416666666668 0.29907407407407405 0.24322916666666666 0.3037037037037037 0.23125 0.30462962962962964 0.2234375 0.30462962962962964 0.2203125 0.29814814814814816 0.21197916666666666 0.24351851851851852 0.209375 0.21296296296296297 0.21302083333333333 0.18796296296296297 0.2109375 0.1648148148148148 0.21458333333333332 0.16111111111111112 0.22135416666666666 0.16111111111111112
1 0.9651041666666667 0.3037037037037037 0.9739583333333334 0.3074074074074074 0.9786458333333333 0.3138888888888889 0.9796875 0.32037037037037036 0.9729166666666667 0.337037037037037 0.9708333333333333 0.35185185185185186 0.9635416666666666 0.362962962962963 0.946875 0.35833333333333334 0.9541666666666667 0.30833333333333335 0.9645833333333333 0.3037037037037037
1 0.9947916666666666 0.37962962962962965 0.9973958333333334 0.3851851851851852 0.9994791666666667 0.3851851851851852 0.9994791666666667 0.38796296296296295 0.9942708333333333 0.38981481481481484 0.9994791666666667 0.39351851851851855 0.9994791666666667 0.44907407407407407 0.9953125 0.45555555555555555 0.9875 0.48333333333333334 0.9786458333333333 0.4842592592592593 0.9953125 0.41759259259259257 0.9927083333333333 0.40555555555555556 0.9802083333333333 0.3925925925925926 0.99375 0.3907407407407407 0.9947916666666666 0.38055555555555554