0 0.6161458333333333 0.562962962962963 0.6192708333333333 0.562037037037037 0.6203125 0.5657407407407408 0.6161458333333333 0.5824074074074074 0.6161458333333333 0.5898148148148148 0.6114583333333333 0.5916666666666667 0.6057291666666667 0.587037037037037 0.60625 0.5787037037037037 0.6161458333333333 0.5638888888888889
0 0.35260416666666666 0.48703703703703705 0.4265625 0.5277777777777778 0.4359375 0.5277777777777778 0.43854166666666666 0.5361111111111111 0.4322916666666667 0.5472222222222223 0.42604166666666665 0.537962962962963 0.41302083333333334 0.5296296296296297 0.346875 0.4981481481481482 0.34479166666666666 0.4861111111111111 0.35208333333333336 0.48703703703703705
0 0.42864583333333334 0.6157407407407407 0.446875 0.6157407407407407 0.44427083333333334 0.6222222222222222 0.4328125 0.6305555555555555 0.42864583333333334 0.6268518518518519 0.42864583333333334 0.6166666666666667
0 0.5953125 0.5833333333333334 0.60625 0.5916666666666667 0.6036458333333333 0.6055555555555555 0.6 0.6046296296296296 0.5901041666666667 0.5925925925925926 0.5895833333333333 0.5842592592592593 0.5947916666666667 0.5833333333333334
0 0.46145833333333336 0.4648148148148148 0.4671875 0.47129629629629627 0.46979166666666666 0.4861111111111111 0.465625 0.49444444444444446 0.45729166666666665 0.5 0.4505208333333333 0.5092592592592593 0.44375 0.5083333333333333 0.4421875 0.49907407407407406 0.45208333333333334 0.4740740740740741 0.45677083333333335 0.46574074074074073 0.4609375 0.4648148148148148
0 0.5578125 0.7064814814814815 0.559375 0.7101851851851851 0.5604166666666667 0.7407407407407407 0.5588541666666667 0.7481481481481481 0.5541666666666667 0.7546296296296297 0.55 0.7546296296296297 0.5473958333333333 0.7509259259259259 0.5447916666666667 0.737037037037037 0.5510416666666667 0.7083333333333334 0.553125 0.7055555555555556 0.5572916666666666 0.7064814814814815
0 0.5473958333333333 0.4962962962962963 0.55 0.5 0.5541666666666667 0.5 0.5635416666666667 0.487962962962963 0.6 0.4546296296296296 0.6114583333333333 0.4398148148148148 0.6458333333333334 0.4074074074074074 0.6671875 0.3814814814814815 0.6697916666666667 0.38333333333333336 0.6734375 0.3972222222222222 0.671875 0.4046296296296296 0.5723958333333333 0.5046296296296297 0.5630208333333333 0.5157407407407407 0.5583333333333333 0.5296296296296297 0.5536458333333333 0.5324074074074074 0.5463541666666667 0.525 0.5432291666666667 0.5157407407407407 0.5421875 0.5027777777777778 0.546875 0.4962962962962963
0 0.6541666666666667 0.6166666666666667 0.6546875 0.6231481481481481 0.6510416666666666 0.6277777777777778 0.5901041666666667 0.6518518518518519 0.5786458333333333 0.6611111111111111 0.5739583333333333 0.6583333333333333 0.5723958333333333 0.6509259259259259 0.5739583333333333 0.6453703703703704 0.5880208333333333 0.6425925925925926 0.6536458333333334 0.6166666666666667
0 0.3140625 0.5935185185185186 0.3229166666666667 0.6046296296296296 0.359375 0.6111111111111112 0.3625 0.6203703703703703 0.35885416666666664 0.6314814814814815 0.3177083333333333 0.6259259259259259 0.31145833333333334 0.6333333333333333 0.3072916666666667 0.6314814814814815 0.30625 0.6203703703703703 0.30885416666666665 0.5953703703703703 0.3104166666666667 0.5925925925925926 0.31354166666666666 0.5935185185185186
0 0.44375 0.7027777777777777 0.44583333333333336 0.7083333333333334 0.44375 0.7287037037037037 0.4359375 0.7240740740740741 0.4140625 0.7231481481481481 0.4109375 0.7166666666666667 0.4114583333333333 0.7064814814814815 0.4140625 0.7037037037037037 0.4432291666666667 0.7027777777777777
0 0.4239583333333333 0.6370370370370371 0.42604166666666665 0.6435185185185185 0.42604166666666665 0.6638888888888889 0.4244791666666667 0.6888888888888889 0.421875 0.6916666666666667 0.41510416666666666 0.687962962962963 0.41510416666666666 0.674074074074074 0.41822916666666665 0.6388888888888888 0.4234375 0.6370370370370371
0 0.321875 0.6685185185185185 0.3229166666666667 0.7 0.31875 0.7055555555555556 0.31614583333333335 0.7046296296296296 0.3145833333333333 0.6990740740740741 0.3151041666666667 0.6768518518518518 0.3171875 0.6685185185185185 0.32135416666666666 0.6685185185185185
0 0.5432291666666667 0.5824074074074074 0.546875 0.5842592592592593 0.5505208333333333 0.5916666666666667 0.5572916666666666 0.6111111111111112 0.5572916666666666 0.6175925925925926 0.5541666666666667 0.6212962962962963 0.55 0.6203703703703703 0.5364583333333334 0.6064814814814815 0.534375 0.5981481481481481 0.5354166666666667 0.5898148148148148 0.5380208333333333 0.5851851851851851 0.5427083333333333 0.5833333333333334
2 0.5182291666666666 0.5212962962962963 0.5244791666666667 0.5259259259259259 0.5270833333333333 0.5305555555555556 0.5276041666666667 0.5370370370370371 0.525 0.5435185185185185 0.5166666666666667 0.549074074074074 0.5119791666666667 0.549074074074074 0.5046875 0.5435185185185185 0.5020833333333333 0.5324074074074074 0.5078125 0.5231481481481481 0.5177083333333333 0.5212962962962963
2 0.4083333333333333 0.5277777777777778 0.42239583333333336 0.537962962962963 0.421875 0.5453703703703704 0.41875 0.5509259259259259 0.4119791666666667 0.5546296296296296 0.403125 0.5527777777777778 0.3963541666666667 0.5435185185185185 0.39791666666666664 0.5314814814814814 0.40208333333333335 0.5277777777777778 0.4078125 0.5277777777777778
2 0.4010416666666667 0.6472222222222223 0.4046875 0.6518518518518519 0.40520833333333334 0.6583333333333333 0.4 0.6638888888888889 0.39010416666666664 0.6620370370370371 0.38697916666666665 0.6574074074074074 0.38697916666666665 0.6527777777777778 0.39166666666666666 0.6472222222222223 0.4005208333333333 0.6472222222222223
2 0.44635416666666666 0.637962962962963 0.44947916666666665 0.6435185185185185 0.44635416666666666 0.6472222222222223 0.4421875 0.6444444444444445 0.4421875 0.6407407407407407 0.44583333333333336 0.637962962962963
2 0.5083333333333333 0.6824074074074075 0.5109375 0.6851851851851852 0.5114583333333333 0.6907407407407408 0.5078125 0.6944444444444444 0.5015625 0.6935185185185185 0.49947916666666664 0.6888888888888889 0.5020833333333333 0.6824074074074075 0.5078125 0.6824074074074075
2 0.6203125 0.6907407407407408 0.6213541666666667 0.6962962962962963 0.6192708333333333 0.6981481481481482 0.6161458333333333 0.6981481481481482 0.6151041666666667 0.6935185185185185 0.6161458333333333 0.6907407407407408 0.6197916666666666 0.6907407407407408
2 0.3416666666666667 0.575925925925926 0.3489583333333333 0.5851851851851851 0.3484375 0.5916666666666667 0.3416666666666667 0.5981481481481481 0.3296875 0.5944444444444444 0.325 0.5861111111111111 0.328125 0.575925925925926 0.3411458333333333 0.575925925925926
2 0.5447916666666667 0.6787037037037037 0.5489583333333333 0.6851851851851852 0.5447916666666667 0.6907407407407408 0.540625 0.6907407407407408 0.5369791666666667 0.6861111111111111 0.5390625 0.6796296296296296 0.5442708333333334 0.6787037037037037
2 0.5244791666666667 0.5805555555555556 0.5322916666666667 0.5851851851851851 0.534375 0.5944444444444444 0.5322916666666667 0.600925925925926 0.5223958333333333 0.6055555555555555 0.5135416666666667 0.6018518518518519 0.5104166666666666 0.5916666666666667 0.5114583333333333 0.587037037037037 0.5161458333333333 0.5824074074074074 0.5239583333333333 0.5805555555555556
2 0.5713541666666667 0.5722222222222222 0.578125 0.5777777777777777 0.5796875 0.5842592592592593 0.5776041666666667 0.5916666666666667 0.5708333333333333 0.5972222222222222 0.559375 0.5962962962962963 0.5546875 0.5916666666666667 0.5578125 0.5777777777777777 0.5630208333333333 0.5731481481481482 0.5708333333333333 0.5722222222222222
2 0.5734375 0.6046296296296296 0.5760416666666667 0.6074074074074074 0.5760416666666667 0.6111111111111112 0.5723958333333333 0.6138888888888889 0.5692708333333333 0.6129629629629629 0.5682291666666667 0.6083333333333333 0.5729166666666666 0.6046296296296296
2 0.48802083333333335 0.5861111111111111 0.49114583333333334 0.5898148148148148 0.49114583333333334 0.5944444444444444 0.48854166666666665 0.5972222222222222 0.48385416666666664 0.5972222222222222 0.48125 0.5916666666666667 0.48385416666666664 0.5861111111111111 0.4875 0.5861111111111111
2 0.5083333333333333 0.7324074074074074 0.5145833333333333 0.7407407407407407 0.5130208333333334 0.7453703703703703 0.5083333333333333 0.7481481481481481 0.5015625 0.7472222222222222 0.4979166666666667 0.7407407407407407 0.5015625 0.7333333333333333 0.5078125 0.7324074074074074
2 0.46458333333333335 0.5703703703703704 0.4703125 0.575 0.471875 0.5842592592592593 0.4703125 0.5888888888888889 0.4635416666666667 0.5935185185185186 0.45208333333333334 0.5907407407407408 0.4479166666666667 0.5842592592592593 0.4479166666666667 0.5777777777777777 0.453125 0.5703703703703704 0.4640625 0.5703703703703704
2 0.49322916666666666 0.6268518518518519 0.49635416666666665 0.6305555555555555 0.49635416666666665 0.6361111111111111 0.49166666666666664 0.6398148148148148 0.4859375 0.6388888888888888 0.48333333333333334 0.6333333333333333 0.4869791666666667 0.6268518518518519 0.49270833333333336 0.6268518518518519
2 0.4317708333333333 0.5861111111111111 0.4359375 0.5944444444444444 0.4322916666666667 0.6 0.425 0.5990740740740741 0.421875 0.5925925925925926 0.42552083333333335 0.5861111111111111 0.43125 0.5861111111111111
2 0.46822916666666664 0.6638888888888889 0.471875 0.6685185185185185 0.47239583333333335 0.6759259259259259 0.46510416666666665 0.6833333333333333 0.45677083333333335 0.6814814814814815 0.4546875 0.6787037037037037 0.45364583333333336 0.6703703703703704 0.4557291666666667 0.6648148148148149 0.45989583333333334 0.6620370370370371 0.46770833333333334 0.6638888888888889
2 0.6020833333333333 0.5064814814814815 0.6072916666666667 0.5120370370370371 0.6078125 0.5212962962962963 0.6041666666666666 0.5287037037037037 0.596875 0.5333333333333333 0.5848958333333333 0.5305555555555556 0.5817708333333333 0.5231481481481481 0.5817708333333333 0.5175925925925926 0.5890625 0.5074074074074074 0.6015625 0.5064814814814815
1 0.10989583333333333 0.3314814814814815 0.115625 0.3314814814814815 0.13177083333333334 0.3453703703703704 0.14010416666666667 0.35555555555555557 0.14375 0.36574074074074076 0.1296875 0.41388888888888886 0.12447916666666667 0.45185185185185184 0.115625 0.4583333333333333 0.1140625 0.37222222222222223 0.11041666666666666 0.34814814814814815 0.11041666666666666 0.33240740740740743
1 0.13697916666666668 0.39814814814814814 0.14166666666666666 0.4046296296296296 0.14375 0.412962962962963 0.14375 0.43703703703703706 0.1421875 0.44537037037037036 0.13177083333333334 0.47314814814814815 0.12395833333333334 0.4787037037037037 0.11614583333333334 0.49074074074074076 0.115625 0.46111111111111114 0.125 0.45 0.13177083333333334 0.4083333333333333 0.13645833333333332 0.39814814814814814
1 0.7546875 0.7407407407407407 0.7505208333333333 0.6916666666666667 0.75625 0.6888888888888889 0.7744791666666667 0.6888888888888889 0.7875 0.7861111111111111 0.7869791666666667 0.7962962962962963 0.7838541666666666 0.8027777777777778 0.7848958333333333 0.8175925925925925 0.7786458333333334 0.8222222222222222 0.7734375 0.8212962962962963 0.7692708333333333 0.8074074074074075 0.7609375 0.7972222222222223 0.7552083333333334 0.7416666666666667
1 0.7453125 0.6888888888888889 0.7484375 0.6925925925925925 0.75 0.7129629629629629 0.753125 0.725925925925926 0.7567708333333333 0.774074074074074 0.7557291666666667 0.825925925925926 0.75 0.8314814814814815 0.7427083333333333 0.8268518518518518 0.7411458333333333 0.812962962962963 0.7348958333333333 0.7916666666666666 0.7260416666666667 0.7203703703703703 0.7197916666666667 0.6925925925925925 0.7447916666666666 0.6888888888888889