0 0.4270833333333333 0.4425925925925926 0.4296875 0.44814814814814813 0.42916666666666664 0.4546296296296296 0.4234375 0.4722222222222222 0.4197916666666667 0.4685185185185185 0.4197916666666667 0.4462962962962963 0.4234375 0.44166666666666665 0.4265625 0.4425925925925926
0 0.484375 0 0.5026041666666666 0 0.5052083333333334 0.013888888888888888 0.5171875 0.049074074074074076 0.5286458333333334 0.08055555555555556 0.534375 0.08888888888888889 0.5619791666666667 0.16574074074074074 0.5614583333333333 0.17592592592592593 0.5572916666666666 0.1824074074074074 0.5536458333333333 0.18333333333333332 0.5479166666666667 0.17592592592592593 0.49583333333333335 0.026851851851851852 0.490625 0.016666666666666666 0.484375 0.012037037037037037 0.484375 0.000925925925925926
0 0.3671875 0.1675925925925926 0.36875 0.17314814814814813 0.36041666666666666 0.2740740740740741 0.3567708333333333 0.2953703703703704 0.3541666666666667 0.2916666666666667 0.3541666666666667 0.2740740740740741 0.3614583333333333 0.17037037037037037 0.36666666666666664 0.1675925925925926
0 0.3640625 0.6138888888888889 0.36770833333333336 0.6212962962962963 0.3703125 0.6453703703703704 0.37395833333333334 0.6592592592592592 0.37395833333333334 0.6648148148148149 0.37135416666666665 0.6703703703703704 0.3640625 0.674074074074074 0.36041666666666666 0.6722222222222223 0.35833333333333334 0.6648148148148149 0.35885416666666664 0.6481481481481481 0.35625 0.6268518518518519 0.3572916666666667 0.6157407407407407 0.36354166666666665 0.6138888888888889
0 0.5140625 0.33055555555555555 0.5182291666666666 0.33611111111111114 0.5177083333333333 0.34814814814814815 0.5046875 0.35648148148148145 0.5026041666666666 0.35555555555555557 0.5015625 0.35 0.5026041666666666 0.3416666666666667 0.5088541666666667 0.33240740740740743 0.5135416666666667 0.33055555555555555
0 0.39895833333333336 0.6703703703703704 0.4010416666666667 0.6722222222222223 0.40572916666666664 0.7046296296296296 0.42552083333333335 0.7935185185185185 0.4244791666666667 0.7981481481481482 0.4203125 0.8 0.41875 0.7972222222222223 0.39739583333333334 0.6925925925925925 0.3921875 0.6833333333333333 0.3927083333333333 0.675 0.3984375 0.6712962962962963
0 0.48125 0.6722222222222223 0.48854166666666665 0.6805555555555556 0.4947916666666667 0.6824074074074075 0.5020833333333333 0.6953703703703704 0.5010416666666667 0.712037037037037 0.4942708333333333 0.7212962962962963 0.48854166666666665 0.7194444444444444 0.46927083333333336 0.6851851851851852 0.46927083333333336 0.6759259259259259 0.4713541666666667 0.6712962962962963 0.478125 0.6694444444444444 0.48072916666666665 0.6722222222222223
0 0.4515625 0.1111111111111111 0.4557291666666667 0.1175925925925926 0.45364583333333336 0.12962962962962962 0.4552083333333333 0.16944444444444445 0.45208333333333334 0.17407407407407408 0.44635416666666666 0.17037037037037037 0.44375 0.13240740740740742 0.4395833333333333 0.125 0.4395833333333333 0.11944444444444445 0.4421875 0.11388888888888889 0.4510416666666667 0.1111111111111111
0 0.42083333333333334 0.6425925925925926 0.44635416666666666 0.6583333333333333 0.446875 0.6648148148148149 0.44479166666666664 0.6703703703703704 0.41302083333333334 0.6620370370370371 0.4125 0.6472222222222223 0.4203125 0.6425925925925926
0 0.36822916666666666 0.5342592592592592 0.36822916666666666 0.5666666666666667 0.3703125 0.5768518518518518 0.36875 0.5796296296296296 0.36041666666666666 0.5777777777777777 0.36354166666666665 0.5407407407407407 0.36770833333333336 0.5342592592592592
0 0.4796875 0.35185185185185186 0.48854166666666665 0.3972222222222222 0.48802083333333335 0.40555555555555556 0.48385416666666664 0.4101851851851852 0.4786458333333333 0.4046296296296296 0.471875 0.3787037037037037 0.46770833333333334 0.3768518518518518 0.465625 0.37222222222222223 0.465625 0.36203703703703705 0.46927083333333336 0.35462962962962963 0.47552083333333334 0.35 0.4791666666666667 0.35185185185185186
0 0.365625 0.4537037037037037 0.3692708333333333 0.4601851851851852 0.36666666666666664 0.5092592592592593 0.36770833333333336 0.5324074074074074 0.36614583333333334 0.5361111111111111 0.35572916666666665 0.5342592592592592 0.3515625 0.5287037037037037 0.3515625 0.5222222222222223 0.3546875 0.5194444444444445 0.35625 0.5111111111111111 0.35885416666666664 0.4583333333333333 0.35989583333333336 0.4546296296296296 0.3651041666666667 0.4537037037037037
0 0.5140625 0.2916666666666667 0.5182291666666666 0.2916666666666667 0.5229166666666667 0.3175925925925926 0.5182291666666666 0.32592592592592595 0.5125 0.32592592592592595 0.5114583333333333 0.31851851851851853 0.5140625 0.29259259259259257
2 0.3828125 0.18472222222222223 0.011458333333333333 0.03796296296296296
2 0.48046875 0.43148148148148147 0.005729166666666666 0.014814814814814815
2 0.4484375 0.37222222222222223 0.45208333333333334 0.3787037037037037 0.4515625 0.3851851851851852 0.44895833333333335 0.38981481481481484 0.44635416666666666 0.3888888888888889 0.4453125 0.38425925925925924 0.44583333333333336 0.375 0.4479166666666667 0.37222222222222223
2 0.4125 0.30833333333333335 0.41510416666666666 0.31851851851851853 0.4140625 0.32592592592592595 0.4109375 0.33055555555555555 0.4078125 0.32592592592592595 0.40729166666666666 0.3148148148148148 0.409375 0.30925925925925923 0.4119791666666667 0.30833333333333335
2 0.47291666666666665 0.42685185185185187 0.47604166666666664 0.43425925925925923 0.4765625 0.44814814814814813 0.4739583333333333 0.45925925925925926 0.4703125 0.46296296296296297 0.465625 0.4583333333333333 0.4635416666666667 0.44166666666666665 0.46770833333333334 0.42685185185185187 0.47239583333333335 0.42685185185185187
2 0.5109375 0.19166666666666668 0.5140625 0.20185185185185187 0.5140625 0.21944444444444444 0.5109375 0.2324074074074074 0.50625 0.23981481481481481 0.5020833333333333 0.23796296296296296 0.4984375 0.22962962962962963 0.4979166666666667 0.20833333333333334 0.5041666666666667 0.19166666666666668 0.5104166666666666 0.19166666666666668
2 0.4875 0.5703703703703704 0.4901041666666667 0.575 0.490625 0.587037037037037 0.4869791666666667 0.5962962962962963 0.4828125 0.5925925925925926 0.48125 0.5842592592592593 0.4828125 0.5722222222222222 0.4869791666666667 0.5703703703703704
2 0.428125 0.4930555555555556 0.005208333333333333 0.013888888888888888
2 0.44375 0.5842592592592593 0.4479166666666667 0.5962962962962963 0.4479166666666667 0.6074074074074074 0.44635416666666666 0.6148148148148148 0.44166666666666665 0.6194444444444445 0.43645833333333334 0.6148148148148148 0.434375 0.5944444444444444 0.4375 0.5851851851851851 0.4432291666666667 0.5842592592592593
2 0.4625 0.5777777777777777 0.46458333333333335 0.5814814814814815 0.46458333333333335 0.5962962962962963 0.46197916666666666 0.6018518518518519 0.459375 0.600925925925926 0.45677083333333335 0.5935185185185186 0.45729166666666665 0.5805555555555556 0.46197916666666666 0.5777777777777777
2 0.45208333333333334 0.4564814814814815 0.45416666666666666 0.4666666666666667 0.453125 0.475 0.4505208333333333 0.47962962962962963 0.44635416666666666 0.4759259259259259 0.4453125 0.46574074074074073 0.4473958333333333 0.4564814814814815 0.4515625 0.4564814814814815
2 0.4552083333333333 0.33055555555555555 0.4583333333333333 0.33611111111111114 0.459375 0.35648148148148145 0.45625 0.36944444444444446 0.45208333333333334 0.375 0.4473958333333333 0.37037037037037035 0.44635416666666666 0.3435185185185185 0.45 0.33240740740740743 0.4546875 0.33055555555555555
2 0.46510416666666665 0.35555555555555557 0.46770833333333334 0.3527777777777778 0.4703125 0.35462962962962963 0.465625 0.3675925925925926 0.4661458333333333 0.37962962962962965 0.46770833333333334 0.3824074074074074 0.4713541666666667 0.37777777777777777 0.4734375 0.3851851851851852 0.47239583333333335 0.39351851851851855 0.46927083333333336 0.3972222222222222 0.465625 0.3962962962962963 0.46197916666666666 0.3907407407407407 0.46041666666666664 0.37407407407407406 0.46510416666666665 0.35648148148148145
2 0.4041666666666667 0.5027777777777778 0.40677083333333336 0.5111111111111111 0.40677083333333336 0.5231481481481481 0.4036458333333333 0.5333333333333333 0.4010416666666667 0.5333333333333333 0.3984375 0.5287037037037037 0.39739583333333334 0.5185185185185185 0.39895833333333336 0.5055555555555555 0.4036458333333333 0.5027777777777778
2 0.49322916666666666 0.36018518518518516 0.49583333333333335 0.3611111111111111 0.4979166666666667 0.35555555555555557 0.4947916666666667 0.3425925925925926 0.49166666666666664 0.3472222222222222 0.49270833333333336 0.36018518518518516
2 0.38385416666666666 0.37407407407407406 0.38697916666666665 0.3861111111111111 0.38697916666666665 0.39814814814814814 0.38229166666666664 0.4101851851851852 0.3796875 0.4101851851851852 0.3776041666666667 0.40555555555555556 0.3765625 0.3925925925925926 0.378125 0.3787037037037037 0.3802083333333333 0.37407407407407406 0.38333333333333336 0.37407407407407406
2 0.5416666666666666 0.6194444444444445 0.5432291666666667 0.6314814814814815 0.5401041666666667 0.6351851851851852 0.5364583333333334 0.6296296296296297 0.5364583333333334 0.6212962962962963 0.5380208333333333 0.6185185185185185 0.5411458333333333 0.6194444444444445
2 0.465625 0.24814814814814815 0.46875 0.2574074074074074 0.46875 0.275 0.4661458333333333 0.28703703703703703 0.4630208333333333 0.2916666666666667 0.45677083333333335 0.287962962962963 0.4546875 0.26851851851851855 0.45729166666666665 0.25277777777777777 0.4609375 0.24722222222222223 0.46510416666666665 0.24814814814814815
1 0.39114583333333336 0.9481481481481482 0.3932291666666667 0.9592592592592593 0.3932291666666667 0.9888888888888889 0.3671875 0.9990740740740741 0.31875 0.9990740740740741 0.31927083333333334 0.9851851851851852 0.325 0.9814814814814815 0.3296875 0.9685185185185186 0.3359375 0.962037037037037 0.390625 0.9481481481481482
1 0.39114583333333336 0.8981481481481481 0.3932291666666667 0.9361111111111111 0.39114583333333336 0.9425925925925925 0.3859375 0.9453703703703704 0.34270833333333334 0.9592592592592593 0.325 0.9546296296296296 0.31666666666666665 0.9555555555555556 0.31354166666666666 0.9490740740740741 0.3145833333333333 0.9333333333333333 0.3223958333333333 0.9305555555555556 0.3359375 0.9175925925925926 0.35572916666666665 0.9083333333333333 0.3765625 0.9037037037037037 0.38177083333333334 0.8981481481481481 0.3875 0.9009259259259259 0.390625 0.899074074074074