0 0.6161458333333333 0.35648148148148145 0.6208333333333333 0.3574074074074074 0.621875 0.3648148148148148 0.6104166666666667 0.37222222222222223 0.6067708333333334 0.3712962962962963 0.60625 0.3648148148148148 0.6083333333333333 0.3574074074074074 0.615625 0.3574074074074074
0 0.5536458333333333 0.5574074074074075 0.5572916666666666 0.562962962962963 0.5567708333333333 0.5731481481481482 0.5427083333333333 0.5953703703703703 0.5390625 0.6074074074074074 0.5348958333333333 0.6111111111111112 0.5265625 0.6074074074074074 0.5239583333333333 0.5981481481481481 0.525 0.5888888888888889 0.528125 0.5824074074074074 0.540625 0.5740740740740741 0.553125 0.5574074074074075
0 0.5932291666666667 0.5638888888888889 0.6104166666666667 0.5703703703703704 0.6083333333333333 0.5768518518518518 0.6036458333333333 0.5805555555555556 0.5895833333333333 0.5787037037037037 0.5885416666666666 0.5648148148148148 0.5927083333333333 0.5638888888888889
0 0.5890625 0.6416666666666667 0.5927083333333333 0.6509259259259259 0.5932291666666667 0.6675925925925926 0.5854166666666667 0.6768518518518518 0.5822916666666667 0.6768518518518518 0.5765625 0.6703703703703704 0.55625 0.6703703703703704 0.5510416666666667 0.6648148148148149 0.5505208333333333 0.6564814814814814 0.5552083333333333 0.649074074074074 0.5744791666666667 0.6481481481481481 0.5833333333333334 0.6388888888888888 0.5885416666666666 0.6416666666666667
0 0.6020833333333333 0.5768518518518518 0.61875 0.5666666666666667 0.6197916666666666 0.5722222222222222 0.6171875 0.5805555555555556 0.5875 0.6203703703703703 0.578125 0.6388888888888888 0.5734375 0.6370370370370371 0.5734375 0.6231481481481481 0.5958333333333333 0.5953703703703703 0.603125 0.5824074074074074 0.6026041666666667 0.5777777777777777
0 0.5760416666666667 0.35462962962962963 0.5932291666666667 0.3388888888888889 0.5989583333333334 0.3388888888888889 0.6015625 0.3453703703703704 0.5989583333333334 0.3574074074074074 0.5859375 0.38055555555555554 0.5802083333333333 0.37962962962962965 0.5755208333333334 0.37222222222222223 0.5744791666666667 0.3592592592592593 0.5760416666666667 0.35555555555555557
0 0.6364583333333333 0.6074074074074074 0.64375 0.6175925925925926 0.6442708333333333 0.6324074074074074 0.634375 0.6416666666666667 0.6302083333333334 0.649074074074074 0.615625 0.6805555555555556 0.6098958333333333 0.7 0.5973958333333333 0.7212962962962963 0.5921875 0.7379629629629629 0.5885416666666666 0.7425925925925926 0.584375 0.7425925925925926 0.58125 0.7379629629629629 0.58125 0.725925925925926 0.5927083333333333 0.7027777777777777 0.5973958333333333 0.687962962962963 0.6130208333333333 0.662962962962963 0.6229166666666667 0.6407407407407407 0.628125 0.6138888888888889 0.6359375 0.6074074074074074
0 0.534375 0.46944444444444444 0.5463541666666667 0.47685185185185186 0.5526041666666667 0.4759259259259259 0.5578125 0.47962962962962963 0.5598958333333334 0.4842592592592593 0.5598958333333334 0.49722222222222223 0.5541666666666667 0.5083333333333333 0.55 0.5083333333333333 0.5260416666666666 0.487962962962963 0.5244791666666667 0.47962962962962963 0.5255208333333333 0.4740740740740741 0.5291666666666667 0.46944444444444444 0.5338541666666666 0.46944444444444444
0 0.6270833333333333 0.47685185185185186 0.63125 0.4842592592592593 0.6307291666666667 0.49537037037037035 0.6145833333333334 0.5064814814814815 0.609375 0.5027777777777778 0.609375 0.4962962962962963 0.6208333333333333 0.4777777777777778 0.6265625 0.47685185185185186
2 0.5927083333333333 0.37037037037037035 0.5942708333333333 0.39166666666666666 0.5901041666666667 0.4009259259259259 0.5848958333333333 0.3962962962962963 0.5833333333333334 0.3824074074074074 0.5921875 0.37037037037037035
2 0.5260416666666666 0.22777777777777777 0.5302083333333333 0.24166666666666667 0.5296875 0.25462962962962965 0.5265625 0.26296296296296295 0.5208333333333334 0.2601851851851852 0.5177083333333333 0.2462962962962963 0.5182291666666666 0.23055555555555557 0.521875 0.22592592592592592 0.5255208333333333 0.22777777777777777
2 0.6072916666666667 0.2638888888888889 0.6104166666666667 0.2675925925925926 0.6119791666666666 0.275 0.6114583333333333 0.287962962962963 0.6072916666666667 0.29444444444444445 0.6046875 0.2916666666666667 0.6020833333333333 0.28055555555555556 0.603125 0.26851851851851855 0.6067708333333334 0.2638888888888889
2 0.6635416666666667 0.5324074074074074 0.6671875 0.5444444444444444 0.6661458333333333 0.5574074074074075 0.6635416666666667 0.5611111111111111 0.6588541666666666 0.5583333333333333 0.6572916666666667 0.5462962962962963 0.659375 0.5333333333333333 0.6630208333333333 0.5324074074074074
2 0.4578125 0.04537037037037037 0.4609375 0.053703703703703705 0.46041666666666664 0.06388888888888888 0.4583333333333333 0.06759259259259259 0.45364583333333336 0.06388888888888888 0.45208333333333334 0.05277777777777778 0.45416666666666666 0.044444444444444446 0.45729166666666665 0.04537037037037037
2 0.4609375 0.43657407407407406 0.00625 0.01574074074074074
2 0.47239583333333335 0.8194444444444444 0.47604166666666664 0.8231481481481482 0.478125 0.837037037037037 0.4739583333333333 0.862037037037037 0.46822916666666664 0.8712962962962963 0.46458333333333335 0.8712962962962963 0.4609375 0.8666666666666667 0.4588541666666667 0.8462962962962963 0.4635416666666667 0.8240740740740741 0.4671875 0.8194444444444444 0.471875 0.8194444444444444
2 0.6145833333333334 0.7851851851851852 0.6166666666666667 0.7907407407407407 0.6171875 0.8046296296296296 0.6151041666666667 0.8175925925925925 0.6119791666666666 0.8231481481481482 0.6088541666666667 0.8231481481481482 0.6067708333333334 0.8194444444444444 0.6052083333333333 0.799074074074074 0.609375 0.7842592592592592 0.6140625 0.7851851851851852
2 0.5473958333333333 0.7555555555555555 0.5489583333333333 0.7703703703703704 0.5442708333333334 0.7796296296296297 0.5411458333333333 0.7759259259259259 0.5401041666666667 0.7666666666666667 0.5427083333333333 0.7555555555555555 0.546875 0.7555555555555555
2 0.5880208333333333 0.7833333333333333 0.5921875 0.787962962962963 0.59375 0.7981481481481482 0.5921875 0.8175925925925925 0.5880208333333333 0.825925925925926 0.5833333333333334 0.8240740740740741 0.58125 0.812037037037037 0.5828125 0.7916666666666666 0.5875 0.7833333333333333
2 0.4921875 0.5175925925925926 0.4973958333333333 0.5277777777777778 0.4984375 0.5407407407407407 0.49583333333333335 0.5574074074074075 0.490625 0.5657407407407408 0.48541666666666666 0.5638888888888889 0.4822916666666667 0.5574074074074075 0.4796875 0.5388888888888889 0.4828125 0.5231481481481481 0.4875 0.5166666666666667 0.49166666666666664 0.5175925925925926
2 0.6640625 0.8138888888888889 0.6651041666666667 0.8287037037037037 0.6635416666666667 0.8324074074074074 0.659375 0.8296296296296296 0.6588541666666666 0.8231481481481482 0.6598958333333333 0.8157407407407408 0.6635416666666667 0.8138888888888889
2 0.653125 0.5157407407407407 0.6557291666666667 0.525 0.6557291666666667 0.5361111111111111 0.6541666666666667 0.5453703703703704 0.6515625 0.549074074074074 0.6473958333333333 0.5453703703703704 0.6463541666666667 0.524074074074074 0.6494791666666667 0.5148148148148148 0.6526041666666667 0.5157407407407407
2 0.5734375 0.7379629629629629 0.578125 0.737037037037037 0.5802083333333333 0.7435185185185185 0.5791666666666667 0.7546296296296297 0.5755208333333334 0.7601851851851852 0.571875 0.7527777777777778 0.5734375 0.7388888888888889
2 0.5421875 0.21851851851851853 0.5473958333333333 0.225 0.55 0.2361111111111111 0.55 0.2518518518518518 0.5473958333333333 0.262037037037037 0.5442708333333334 0.26481481481481484 0.5401041666666667 0.262037037037037 0.5359375 0.24814814814814815 0.5354166666666667 0.22962962962962963 0.5380208333333333 0.2212962962962963 0.5416666666666666 0.21944444444444444
1 0.6135416666666667 0.9472222222222222 0.628125 0.9564814814814815 0.6635416666666667 0.9694444444444444 0.6791666666666667 0.9879629629629629 0.6885416666666667 0.9888888888888889 0.6911458333333333 0.9990740740740741 0.6208333333333333 0.9990740740740741 0.6109375 0.9944444444444445 0.6104166666666667 0.9564814814814815 0.6109375 0.95 0.6130208333333333 0.9472222222222222
1 0.6466145833333333 1.035648148148148 0.07760416666666667 0.075