0 0.3671875 0.23425925925925925 0.37135416666666665 0.23703703703703705 0.3729166666666667 0.24444444444444444 0.36354166666666665 0.2777777777777778 0.35989583333333336 0.2824074074074074 0.3567708333333333 0.27685185185185185 0.35625 0.27037037037037037 0.36041666666666666 0.2490740740740741 0.36041666666666666 0.23796296296296296 0.3619791666666667 0.23425925925925925 0.36666666666666664 0.23425925925925925
0 0.43020833333333336 0.33240740740740743 0.4401041666666667 0.34814814814814815 0.4401041666666667 0.35555555555555557 0.43802083333333336 0.3574074074074074 0.4234375 0.34629629629629627 0.4234375 0.33611111111111114 0.4265625 0.3314814814814815 0.4296875 0.33240740740740743
0 0.3697916666666667 0.36944444444444446 0.37552083333333336 0.37407407407407406 0.4203125 0.45185185185185184 0.42604166666666665 0.45925925925925926 0.4322916666666667 0.4601851851851852 0.4348958333333333 0.46574074074074073 0.43645833333333334 0.48518518518518516 0.42864583333333334 0.49722222222222223 0.42291666666666666 0.49722222222222223 0.4203125 0.4935185185185185 0.4166666666666667 0.48703703703703705 0.41302083333333334 0.47129629629629627 0.3645833333333333 0.3861111111111111 0.3640625 0.3731481481481482 0.3692708333333333 0.36944444444444446
0 0.31927083333333334 0.649074074074074 0.3385416666666667 0.675 0.33958333333333335 0.6842592592592592 0.33697916666666666 0.6898148148148148 0.3333333333333333 0.6916666666666667 0.3182291666666667 0.6768518518518518 0.31145833333333334 0.6759259259259259 0.3046875 0.6694444444444444 0.30364583333333334 0.6583333333333333 0.30572916666666666 0.6509259259259259 0.3145833333333333 0.6453703703703704 0.3171875 0.6453703703703704 0.31875 0.649074074074074
0 0.43020833333333336 0.8027777777777778 0.42916666666666664 0.7925925925925926 0.43385416666666665 0.7870370370370371 0.434375 0.7444444444444445 0.4359375 0.7407407407407407 0.4427083333333333 0.7407407407407407 0.44427083333333334 0.7444444444444445 0.4432291666666667 0.7768518518518519 0.4473958333333333 0.7935185185185185 0.4473958333333333 0.8009259259259259 0.4432291666666667 0.8046296296296296 0.43072916666666666 0.8027777777777778
0 0.32708333333333334 0.7287037037037037 0.33229166666666665 0.7342592592592593 0.3333333333333333 0.7444444444444445 0.32395833333333335 0.775 0.31875 0.7814814814814814 0.3151041666666667 0.7814814814814814 0.31302083333333336 0.7777777777777778 0.3125 0.7666666666666667 0.31666666666666665 0.75 0.3171875 0.7361111111111112 0.32135416666666666 0.7296296296296296 0.3265625 0.7287037037037037
0 0.44166666666666665 0.4462962962962963 0.4432291666666667 0.45185185185185184 0.4432291666666667 0.4787037037037037 0.43645833333333334 0.48148148148148145 0.4348958333333333 0.4740740740740741 0.43802083333333336 0.45092592592592595 0.44114583333333335 0.44722222222222224
0 0.33125 0.6916666666666667 0.3328125 0.6944444444444444 0.33125 0.7203703703703703 0.32864583333333336 0.7185185185185186 0.32447916666666665 0.6962962962962963 0.3265625 0.6916666666666667 0.3307291666666667 0.6916666666666667
0 0.31614583333333335 0.5907407407407408 0.3182291666666667 0.5953703703703703 0.3171875 0.6453703703703704 0.3072916666666667 0.6509259259259259 0.30625 0.6083333333333333 0.3015625 0.5962962962962963 0.30572916666666666 0.5907407407407408 0.315625 0.5907407407407408
0 0.3828125 0.5361111111111111 0.39739583333333334 0.5435185185185185 0.4244791666666667 0.5694444444444444 0.4328125 0.5694444444444444 0.4359375 0.5768518518518518 0.434375 0.5879629629629629 0.4270833333333333 0.5898148148148148 0.4171875 0.575925925925926 0.38333333333333336 0.5472222222222223 0.38177083333333334 0.5407407407407407 0.3828125 0.5370370370370371
0 0.3958333333333333 0.7944444444444444 0.4109375 0.799074074074074 0.4125 0.8111111111111111 0.4078125 0.8157407407407408 0.39895833333333336 0.8166666666666667 0.39375 0.8222222222222222 0.3859375 0.8166666666666667 0.3848958333333333 0.8055555555555556 0.39010416666666664 0.7935185185185185 0.3953125 0.7944444444444444
0 0.3411458333333333 0.36203703703703705 0.3614583333333333 0.3990740740740741 0.3619791666666667 0.4046296296296296 0.35833333333333334 0.4101851851851852 0.35260416666666666 0.4064814814814815 0.33177083333333335 0.3787037037037037 0.33229166666666665 0.36666666666666664 0.340625 0.36203703703703705
0 0.33697916666666666 0.2064814814814815 0.33958333333333335 0.2101851851851852 0.340625 0.22037037037037038 0.34010416666666665 0.3194444444444444 0.34270833333333334 0.3435185185185185 0.34010416666666665 0.3472222222222222 0.3328125 0.3453703703703704 0.33489583333333334 0.3037037037037037 0.3333333333333333 0.2111111111111111 0.3338541666666667 0.2074074074074074 0.33645833333333336 0.2064814814814815
2 0.340625 0.2759259259259259 0.34479166666666666 0.28055555555555556 0.3463541666666667 0.287962962962963 0.3453125 0.3074074074074074 0.340625 0.3138888888888889 0.340625 0.27685185185185185
2 0.30625 0.43425925925925923 0.30885416666666665 0.4546296296296296 0.30520833333333336 0.4675925925925926 0.303125 0.4675925925925926 0.30052083333333335 0.46111111111111114 0.2994791666666667 0.44537037037037036 0.30104166666666665 0.43703703703703706 0.30364583333333334 0.43333333333333335 0.30572916666666666 0.43425925925925923
2 0.40520833333333334 0.32222222222222224 0.40677083333333336 0.3425925925925926 0.4041666666666667 0.35555555555555557 0.4 0.3611111111111111 0.39427083333333335 0.35555555555555557 0.3932291666666667 0.33240740740740743 0.39791666666666664 0.3194444444444444 0.4015625 0.31851851851851853 0.4046875 0.32222222222222224
2 0.34270833333333334 0.5842592592592593 0.34270833333333334 0.5962962962962963 0.33958333333333335 0.5925925925925926 0.34010416666666665 0.5851851851851851 0.3421875 0.5842592592592593
2 0.31927083333333334 0.3685185185185185 0.32135416666666666 0.3675925925925926 0.3234375 0.37222222222222223 0.3229166666666667 0.3814814814814815 0.31979166666666664 0.38333333333333336 0.3177083333333333 0.375 0.31927083333333334 0.36944444444444446
2 0.371875 0.7027777777777777 0.3697916666666667 0.687962962962963 0.3734375 0.6796296296296296 0.3770833333333333 0.6842592592592592 0.3776041666666667 0.6981481481481482 0.37552083333333336 0.7037037037037037 0.3723958333333333 0.7027777777777777
2 0.3171875 0.5314814814814814 0.32083333333333336 0.5425925925925926 0.32083333333333336 0.5574074074074075 0.3177083333333333 0.5666666666666667 0.31302083333333336 0.5638888888888889 0.3109375 0.5537037037037037 0.31145833333333334 0.537962962962963 0.31666666666666665 0.5314814814814814
2 0.29375 0.4324074074074074 0.2953125 0.43425925925925923 0.2953125 0.44351851851851853 0.29375 0.4462962962962963 0.2911458333333333 0.44351851851851853 0.2911458333333333 0.4351851851851852 0.29322916666666665 0.43333333333333335
2 0.3385416666666667 0.43796296296296294 0.3421875 0.43703703703703706 0.34375 0.44166666666666665 0.34375 0.44814814814814813 0.340625 0.4527777777777778 0.3380208333333333 0.44722222222222224 0.3385416666666667 0.4388888888888889
2 0.3536458333333333 0.5824074074074074 0.35625 0.5888888888888889 0.3567708333333333 0.6055555555555555 0.35572916666666665 0.6148148148148148 0.35260416666666666 0.6203703703703703 0.3484375 0.6185185185185185 0.3463541666666667 0.612037037037037 0.3453125 0.5888888888888889 0.3484375 0.5805555555555556 0.353125 0.5824074074074074
2 0.41302083333333334 0.6796296296296296 0.4166666666666667 0.6814814814814815 0.42135416666666664 0.6944444444444444 0.42135416666666664 0.712037037037037 0.41875 0.7231481481481481 0.4166666666666667 0.725925925925926 0.4119791666666667 0.725 0.40729166666666666 0.7111111111111111 0.40729166666666666 0.687962962962963 0.4125 0.6805555555555556
2 0.3104166666666667 0.475 0.3125 0.48055555555555557 0.31302083333333336 0.4925925925925926 0.309375 0.5027777777777778 0.30572916666666666 0.49722222222222223 0.30520833333333336 0.47962962962962963 0.3067708333333333 0.475 0.3098958333333333 0.475
2 0.353125 0.6407407407407407 0.35520833333333335 0.6453703703703704 0.35520833333333335 0.6564814814814814 0.35260416666666666 0.6620370370370371 0.3489583333333333 0.6583333333333333 0.34791666666666665 0.6518518518518519 0.3484375 0.6435185185185185 0.35260416666666666 0.6407407407407407
2 0.3619791666666667 0.425 0.36614583333333334 0.4324074074074074 0.3645833333333333 0.4537037037037037 0.35989583333333336 0.45740740740740743 0.35625 0.45 0.3572916666666667 0.42962962962962964 0.3614583333333333 0.42592592592592593
2 0.34791666666666665 0.5694444444444444 0.3494791666666667 0.5787037037037037 0.3463541666666667 0.5833333333333334 0.3453125 0.5703703703703704 0.34739583333333335 0.5694444444444444
2 0.321875 0.46574074074074073 0.32447916666666665 0.47314814814814815 0.325 0.4861111111111111 0.32083333333333336 0.49907407407407406 0.31666666666666665 0.49722222222222223 0.3145833333333333 0.4777777777777778 0.3171875 0.4675925925925926 0.32135416666666666 0.46574074074074073
2 0.4036458333333333 0.24166666666666667 0.4078125 0.25 0.4083333333333333 0.2638888888888889 0.40520833333333334 0.27685185185185185 0.40208333333333335 0.2814814814814815 0.3953125 0.2740740740740741 0.39427083333333335 0.262037037037037 0.3963541666666667 0.24814814814814815 0.403125 0.24166666666666667
2 0.3765625 0.6064814814814815 0.378125 0.6083333333333333 0.3776041666666667 0.6194444444444445 0.375 0.6194444444444445 0.3734375 0.6148148148148148 0.37395833333333334 0.6083333333333333 0.37604166666666666 0.6064814814814815
2 0.41770833333333335 0.6518518518518519 0.4234375 0.6518518518518519 0.42604166666666665 0.662962962962963 0.4244791666666667 0.6731481481481482 0.4192708333333333 0.6731481481481482 0.4166666666666667 0.6657407407407407 0.41770833333333335 0.6527777777777778
1 0.34270833333333334 0.9546296296296296 0.34479166666666666 0.9601851851851851 0.3453125 0.9722222222222222 0.3453125 0.9944444444444445 0.34375 0.9990740740740741 0.2640625 0.9990740740740741 0.2671875 0.9935185185185185 0.27760416666666665 0.9898148148148148 0.2916666666666667 0.9731481481481481 0.3421875 0.9546296296296296