0 0.503125 0.3814814814814815 0.50625 0.3851851851851852 0.5125 0.4027777777777778 0.5380208333333333 0.44907407407407407 0.5390625 0.45740740740740743 0.5375 0.462037037037037 0.53125 0.4601851851851852 0.51875 0.43703703703703706 0.5140625 0.42314814814814816 0.4979166666666667 0.3962962962962963 0.4979166666666667 0.38333333333333336 0.5026041666666666 0.3814814814814815
0 0.528125 0.4759259259259259 0.56875 0.5361111111111111 0.58125 0.549074074074074 0.58125 0.5601851851851852 0.5770833333333333 0.5657407407407408 0.5713541666666667 0.5638888888888889 0.5625 0.5435185185185185 0.525 0.49074074074074076 0.5213541666666667 0.4777777777777778 0.5239583333333333 0.4740740740740741 0.5276041666666667 0.4759259259259259
0 0.4322916666666667 0.4583333333333333 0.4359375 0.45925925925925926 0.45208333333333334 0.48055555555555557 0.4421875 0.48518518518518516 0.4296875 0.47685185185185186 0.42864583333333334 0.4666666666666667 0.4317708333333333 0.45925925925925926
0 0.4505208333333333 0.4009259259259259 0.4552083333333333 0.412962962962963 0.4552083333333333 0.41944444444444445 0.45208333333333334 0.42407407407407405 0.4484375 0.42407407407407405 0.44583333333333336 0.4185185185185185 0.44635416666666666 0.40370370370370373 0.45 0.4009259259259259
0 0.425 0.4064814814814815 0.43020833333333336 0.425 0.43072916666666666 0.4287037037037037 0.42864583333333334 0.4324074074074074 0.4203125 0.425 0.4166666666666667 0.4148148148148148 0.4197916666666667 0.4064814814814815 0.4244791666666667 0.4064814814814815
0 0.4744791666666667 0.44351851851851853 0.47760416666666666 0.45185185185185184 0.47760416666666666 0.4583333333333333 0.475 0.46111111111111114 0.4609375 0.4601851851851852 0.459375 0.4564814814814815 0.45989583333333334 0.45092592592592595 0.4739583333333333 0.44351851851851853
0 0.4942708333333333 0.4981481481481482 0.49895833333333334 0.5074074074074074 0.49635416666666665 0.5462962962962963 0.4973958333333333 0.5712962962962963 0.4921875 0.575925925925926 0.48541666666666666 0.575 0.48333333333333334 0.5703703703703704 0.4817708333333333 0.525 0.4796875 0.5194444444444445 0.4791666666666667 0.5046296296296297 0.48385416666666664 0.49722222222222223 0.49375 0.4981481481481482
0 0.47708333333333336 0.36944444444444446 0.4786458333333333 0.37962962962962965 0.47604166666666664 0.38981481481481484 0.47604166666666664 0.4166666666666667 0.475 0.4212962962962963 0.4703125 0.42314814814814816 0.46770833333333334 0.41759259259259257 0.4671875 0.3907407407407407 0.4640625 0.38333333333333336 0.4640625 0.37592592592592594 0.4666666666666667 0.36944444444444446 0.4765625 0.36944444444444446
0 0.55 0.2388888888888889 0.5536458333333333 0.24166666666666667 0.5552083333333333 0.2490740740740741 0.5552083333333333 0.4388888888888889 0.5598958333333334 0.45740740740740743 0.5583333333333333 0.4675925925925926 0.5515625 0.47129629629629627 0.5421875 0.46944444444444444 0.5390625 0.46296296296296297 0.5395833333333333 0.44907407407407407 0.5421875 0.4425925925925926 0.5395833333333333 0.24444444444444444 0.5427083333333333 0.23981481481481481 0.5494791666666666 0.2388888888888889
2 0.39895833333333336 0.48703703703703705 0.403125 0.49444444444444446 0.3984375 0.5 0.3958333333333333 0.49537037037037035 0.3963541666666667 0.487962962962963 0.3984375 0.48703703703703705
2 0.4921875 0.4703703703703704 0.49375 0.48055555555555557 0.4864583333333333 0.48703703703703705 0.47604166666666664 0.48333333333333334 0.4739583333333333 0.47962962962962963 0.4744791666666667 0.4740740740740741 0.48385416666666664 0.4666666666666667 0.49166666666666664 0.4703703703703704
2 0.45625 0.48055555555555557 0.46145833333333336 0.487962962962963 0.4625 0.49907407407407406 0.46145833333333336 0.5074074074074074 0.45364583333333336 0.5148148148148148 0.44375 0.5111111111111111 0.44166666666666665 0.5055555555555555 0.44166666666666665 0.49537037037037035 0.4453125 0.4842592592592593 0.44895833333333335 0.48055555555555557 0.4557291666666667 0.48055555555555557
2 0.6041666666666666 0.4925925925925926 0.6098958333333333 0.49722222222222223 0.6119791666666666 0.5037037037037037 0.6114583333333333 0.5111111111111111 0.6057291666666667 0.5166666666666667 0.5921875 0.5138888888888888 0.5869791666666667 0.5046296296296297 0.5875 0.49907407407407406 0.5916666666666667 0.4935185185185185 0.6036458333333333 0.4925925925925926
2 0.5421875 0.42407407407407405 0.5421875 0.43148148148148147 0.5395833333333333 0.43333333333333335 0.5369791666666667 0.43148148148148147 0.5364583333333334 0.42592592592592593 0.5416666666666666 0.42407407407407405
2 0.4479166666666667 0.3611111111111111 0.4515625 0.36574074074074076 0.4515625 0.37222222222222223 0.4427083333333333 0.38055555555555554 0.4322916666666667 0.3768518518518518 0.43072916666666666 0.3675925925925926 0.43645833333333334 0.3611111111111111 0.4473958333333333 0.3611111111111111
2 0.5041666666666667 0.5092592592592593 0.5098958333333333 0.512962962962963 0.5098958333333333 0.5212962962962963 0.5020833333333333 0.5259259259259259 0.4973958333333333 0.5212962962962963 0.49895833333333334 0.5120370370370371 0.5036458333333333 0.5092592592592593
2 0.3729166666666667 0.49166666666666664 0.3802083333333333 0.48518518518518516 0.39010416666666664 0.4842592592592593 0.3958333333333333 0.48703703703703705 0.396875 0.4962962962962963 0.39114583333333336 0.5083333333333333 0.37916666666666665 0.5120370370370371 0.37135416666666665 0.5046296296296297 0.37083333333333335 0.4981481481481482 0.3729166666666667 0.4925925925925926
2 0.4083333333333333 0.3731481481481482 0.40989583333333335 0.3768518518518518 0.40729166666666666 0.3814814814814815 0.403125 0.3814814814814815 0.4010416666666667 0.37592592592592594 0.4036458333333333 0.37222222222222223 0.4078125 0.3731481481481482
2 0.5395833333333333 0.41574074074074074 0.5348958333333333 0.41388888888888886 0.5338541666666666 0.4064814814814815 0.540625 0.4027777777777778 0.5421875 0.41203703703703703 0.5401041666666667 0.4148148148148148
2 0.38385416666666666 0.44814814814814813 0.3885416666666667 0.44907407407407407 0.38958333333333334 0.45555555555555555 0.38697916666666665 0.45925925925925926 0.3802083333333333 0.45740740740740743 0.3802083333333333 0.45092592592592595 0.38333333333333336 0.44907407407407407
2 0.42083333333333334 0.4824074074074074 0.421875 0.49074074074074076 0.41770833333333335 0.49537037037037035 0.4109375 0.4935185185185185 0.409375 0.4861111111111111 0.415625 0.48055555555555557 0.4203125 0.4824074074074074
2 0.5015625 0.46111111111111114 0.5010416666666667 0.4564814814814815 0.5026041666666666 0.4546296296296296 0.5078125 0.45555555555555555 0.5083333333333333 0.46111111111111114 0.5020833333333333 0.46111111111111114
2 0.6166666666666667 0.5462962962962963 0.6203125 0.5481481481481482 0.6208333333333333 0.5537037037037037 0.6192708333333333 0.5555555555555556 0.6125 0.5527777777777778 0.6125 0.5481481481481482 0.6161458333333333 0.5462962962962963
2 0.6057291666666667 0.4740740740740741 0.6072916666666667 0.47685185185185186 0.60625 0.48148148148148145 0.6015625 0.48148148148148145 0.5994791666666667 0.4777777777777778 0.6005208333333333 0.4740740740740741 0.6052083333333333 0.4740740740740741
2 0.44583333333333336 0.525 0.45 0.5314814814814814 0.44947916666666665 0.5370370370370371 0.44583333333333336 0.5416666666666666 0.4390625 0.5407407407407407 0.4354166666666667 0.5361111111111111 0.4375 0.5277777777777778 0.4453125 0.525
2 0.534375 0.5935185185185186 0.5369791666666667 0.5981481481481481 0.5348958333333333 0.6037037037037037 0.5296875 0.6027777777777777 0.528125 0.5981481481481481 0.5296875 0.5944444444444444 0.5338541666666666 0.5935185185185186
2 0.5583333333333333 0.48703703703703705 0.5671875 0.49166666666666664 0.5708333333333333 0.5027777777777778 0.5671875 0.5101851851851852 0.5572916666666666 0.5138888888888888 0.5489583333333333 0.5083333333333333 0.5458333333333333 0.4962962962962963 0.55 0.4888888888888889 0.5578125 0.48703703703703705
2 0.5734375 0.40185185185185185 0.5791666666666667 0.4046296296296296 0.5817708333333333 0.41203703703703703 0.5817708333333333 0.4185185185185185 0.5760416666666667 0.42407407407407405 0.5682291666666667 0.42407407407407405 0.5604166666666667 0.41574074074074074 0.5604166666666667 0.4083333333333333 0.5635416666666667 0.40370370370370373 0.5729166666666666 0.40185185185185185
2 0.41770833333333335 0.5407407407407407 0.42291666666666666 0.5462962962962963 0.4244791666666667 0.5583333333333333 0.421875 0.5648148148148148 0.4140625 0.5703703703703704 0.40208333333333335 0.5675925925925925 0.3984375 0.5601851851851852 0.3984375 0.5537037037037037 0.4046875 0.5425925925925926 0.4171875 0.5407407407407407
2 0.41458333333333336 0.44166666666666665 0.4197916666666667 0.44537037037037036 0.421875 0.4546296296296296 0.41770833333333335 0.46296296296296297 0.4140625 0.4648148148148148 0.4015625 0.462037037037037 0.39895833333333336 0.45740740740740743 0.39947916666666666 0.45 0.4015625 0.44722222222222224 0.40625 0.4425925925925926 0.4140625 0.44166666666666665
2 0.421875 0.45092592592592595 0.4265625 0.4546296296296296 0.42552083333333335 0.45925925925925926 0.421875 0.45925925925925926 0.421875 0.45185185185185184
1 0.9260416666666667 0.625 0.934375 0.6324074074074074 0.9411458333333333 0.6435185185185185 0.9432291666666667 0.6574074074074074 0.9395833333333333 0.6712962962962963 0.9536458333333333 0.6953703703703704 0.9546875 0.7083333333333334 0.9442708333333333 0.7361111111111112 0.9354166666666667 0.7861111111111111 0.9307291666666667 0.7972222222222223 0.925 0.8018518518518518 0.9166666666666666 0.8 0.8895833333333333 0.7787037037037037 0.8755208333333333 0.7611111111111111 0.8734375 0.7481481481481481 0.8765625 0.7342592592592593 0.8854166666666666 0.7111111111111111 0.89375 0.6657407407407407 0.8973958333333333 0.6583333333333333 0.9015625 0.6555555555555556 0.9182291666666667 0.6564814814814814 0.9223958333333333 0.6462962962962963 0.9229166666666667 0.6398148148148148 0.9166666666666666 0.6305555555555555 0.9171875 0.6268518518518519 0.9203125 0.6240740740740741 0.9255208333333333 0.625
1 0.9703125 0.6268518518518519 0.9744791666666667 0.6342592592592593 0.9760416666666667 0.6638888888888889 0.975 0.6787037037037037 0.9807291666666667 0.6935185185185185 0.9828125 0.7148148148148148 0.9807291666666667 0.7305555555555555 0.96875 0.775 0.9630208333333333 0.7824074074074074 0.9572916666666667 0.7842592592592592 0.9416666666666667 0.7824074074074074 0.9380208333333333 0.7787037037037037 0.9380208333333333 0.775 0.9458333333333333 0.7333333333333333 0.9557291666666666 0.7074074074074074 0.9546875 0.6962962962962963 0.94375 0.674074074074074 0.953125 0.6648148148148149 0.9614583333333333 0.6509259259259259 0.9651041666666667 0.6444444444444445 0.9677083333333333 0.6296296296296297 0.9697916666666667 0.6277777777777778
1 0.23072916666666668 0.23796296296296296 0.2375 0.24074074074074073 0.23958333333333334 0.25092592592592594 0.24895833333333334 0.26666666666666666 0.2526041666666667 0.31296296296296294 0.2552083333333333 0.32407407407407407 0.25677083333333334 0.36018518518518516 0.25885416666666666 0.36944444444444446 0.2546875 0.37222222222222223 0.23541666666666666 0.37222222222222223 0.23333333333333334 0.36944444444444446 0.22083333333333333 0.27037037037037037 0.22083333333333333 0.26481481481481484 0.225 0.25462962962962965 0.22552083333333334 0.24074074074074073 0.23020833333333332 0.2388888888888889
1 0.26614583333333336 0.2324074074074074 0.2682291666666667 0.25092592592592594 0.2755208333333333 0.2722222222222222 0.278125 0.28703703703703703 0.28072916666666664 0.32685185185185184 0.2864583333333333 0.3685185185185185 0.2828125 0.37222222222222223 0.2609375 0.37037037037037035 0.25677083333333334 0.3453703703703704 0.2526041666666667 0.2935185185185185 0.2526041666666667 0.2796296296296296 0.25625 0.2537037037037037 0.25416666666666665 0.23796296296296296 0.2578125 0.23148148148148148 0.265625 0.2324074074074074
1 0.9994791666666667 0.4759259259259259 0.9994791666666667 0.5148148148148148 0.9973958333333334 0.5175925925925926 0.9973958333333334 0.5231481481481481 0.9994791666666667 0.525 0.9994791666666667 0.5833333333333334 0.9973958333333334 0.5842592592592593 0.9953125 0.5916666666666667 0.990625 0.5916666666666667 0.9802083333333333 0.5824074074074074 0.9765625 0.5768518518518518 0.975 0.5694444444444444 0.9890625 0.5157407407407407 0.9942708333333333 0.4842592592592593 0.9989583333333333 0.4759259259259259
1 0.9223958333333333 0.5805555555555556 0.9270833333333334 0.5898148148148148 0.934375 0.5953703703703703 0.9348958333333334 0.6046296296296296 0.915625 0.6259259259259259 0.9151041666666667 0.6342592592592593 0.91875 0.6416666666666667 0.9182291666666667 0.6527777777777778 0.9026041666666667 0.6537037037037037 0.8947916666666667 0.6611111111111111 0.8848958333333333 0.7074074074074074 0.88125 0.7138888888888889 0.875 0.7064814814814815 0.8729166666666667 0.6935185185185185 0.8729166666666667 0.6731481481481482 0.8765625 0.6574074074074074 0.884375 0.6398148148148148 0.8963541666666667 0.6287037037037037 0.9010416666666666 0.6185185185185185 0.909375 0.6101851851851852 0.9151041666666667 0.5814814814814815 0.921875 0.5805555555555556