0 0.5729166666666666 0.24259259259259258 0.5744791666666667 0.24814814814814815 0.5755208333333334 0.30277777777777776 0.5708333333333333 0.30925925925925923 0.5666666666666667 0.3074074074074074 0.5651041666666666 0.30185185185185187 0.5677083333333334 0.2814814814814815 0.5682291666666667 0.24537037037037038 0.5703125 0.24166666666666667 0.5723958333333333 0.24259259259259258
0 0.5333333333333333 0.37407407407407406 0.5390625 0.38333333333333336 0.5390625 0.3907407407407407 0.5369791666666667 0.39537037037037037 0.5317708333333333 0.39537037037037037 0.5286458333333334 0.3888888888888889 0.528125 0.37592592592592594 0.5328125 0.37407407407407406
0 0.64375 0.3990740740740741 0.6505208333333333 0.39814814814814814 0.6635416666666667 0.40370370370370373 0.6723958333333333 0.4 0.6760416666666667 0.4083333333333333 0.6744791666666666 0.425 0.671875 0.42962962962962964 0.6682291666666667 0.42962962962962964 0.6609375 0.41944444444444445 0.64375 0.412962962962963 0.6421875 0.40925925925925927 0.64375 0.4
0 0.39947916666666666 0.34629629629629627 0.40520833333333334 0.3574074074074074 0.42552083333333335 0.3768518518518518 0.4276041666666667 0.38425925925925924 0.425 0.39166666666666666 0.42083333333333334 0.39166666666666666 0.40208333333333335 0.375 0.3921875 0.37037037037037035 0.39010416666666664 0.36574074074074076 0.390625 0.3574074074074074 0.39427083333333335 0.34814814814814815 0.39895833333333336 0.34629629629629627
0 0.4453125 0.4101851851851852 0.44947916666666665 0.4203703703703704 0.44947916666666665 0.4361111111111111 0.43854166666666666 0.4361111111111111 0.42239583333333336 0.4462962962962963 0.4171875 0.4425925925925926 0.4171875 0.43148148148148147 0.43697916666666664 0.41944444444444445 0.4421875 0.4083333333333333 0.44479166666666664 0.4101851851851852
0 0.4708333333333333 0.47962962962962963 0.4734375 0.49074074074074076 0.4708333333333333 0.4981481481481482 0.4635416666666667 0.5055555555555555 0.4583333333333333 0.5027777777777778 0.45729166666666665 0.49074074074074076 0.46510416666666665 0.48055555555555557 0.4703125 0.47962962962962963
0 0.46770833333333334 0.2675925925925926 0.48802083333333335 0.26851851851851855 0.4895833333333333 0.2722222222222222 0.4895833333333333 0.27685185185185185 0.4875 0.2796296296296296 0.46770833333333334 0.2861111111111111 0.46510416666666665 0.27870370370370373 0.46510416666666665 0.27037037037037037 0.4671875 0.2675925925925926
0 0.44166666666666665 0.4898148148148148 0.44583333333333336 0.4962962962962963 0.44635416666666666 0.5055555555555555 0.4401041666666667 0.5120370370370371 0.4354166666666667 0.5074074074074074 0.4296875 0.4898148148148148 0.43072916666666666 0.48703703703703705 0.44114583333333335 0.4898148148148148
0 0.38333333333333336 0.43703703703703706 0.38697916666666665 0.44351851851851853 0.38697916666666665 0.4546296296296296 0.3572916666666667 0.4898148148148148 0.35208333333333336 0.487962962962963 0.3484375 0.48148148148148145 0.3463541666666667 0.4740740740740741 0.346875 0.46111111111111114 0.3515625 0.4537037037037037 0.359375 0.4546296296296296 0.3770833333333333 0.43796296296296294 0.3828125 0.43703703703703706
0 0.6338541666666667 0.4064814814814815 0.6369791666666667 0.41388888888888886 0.6364583333333333 0.4212962962962963 0.6338541666666667 0.42407407407407405 0.6244791666666667 0.42592592592592593 0.596875 0.44537037037037036 0.5609375 0.4648148148148148 0.5583333333333333 0.4564814814814815 0.5640625 0.44907407407407407 0.6203125 0.41759259259259257 0.6296875 0.4064814814814815 0.6333333333333333 0.4064814814814815
0 0.365625 0.3055555555555556 0.37083333333333335 0.3138888888888889 0.4088541666666667 0.3175925925925926 0.4114583333333333 0.325 0.4109375 0.3333333333333333 0.4046875 0.33796296296296297 0.37552083333333336 0.337037037037037 0.36354166666666665 0.3425925925925926 0.36041666666666666 0.33796296296296297 0.36041666666666666 0.31296296296296294 0.3625 0.30648148148148147 0.3651041666666667 0.30648148148148147
0 0.6260416666666667 0.44166666666666665 0.6338541666666667 0.4527777777777778 0.6359375 0.4648148148148148 0.6348958333333333 0.46944444444444444 0.6302083333333334 0.475 0.6223958333333334 0.4777777777777778 0.6078125 0.4962962962962963 0.5494791666666666 0.5916666666666667 0.5442708333333334 0.5953703703703703 0.5395833333333333 0.5944444444444444 0.5354166666666667 0.5879629629629629 0.5385416666666667 0.5712962962962963 0.6098958333333333 0.4675925925925926 0.6182291666666667 0.4527777777777778 0.6203125 0.4425925925925926 0.6255208333333333 0.44166666666666665
0 0.5171875 0.37592592592592594 0.50625 0.34074074074074073 0.5072916666666667 0.3314814814814815 0.5151041666666667 0.32314814814814813 0.5182291666666666 0.32407407407407407 0.521875 0.3314814814814815 0.5260416666666666 0.35833333333333334 0.5260416666666666 0.37222222222222223 0.5244791666666667 0.37592592592592594 0.5177083333333333 0.37592592592592594
2 0.55 0.4638888888888889 0.5526041666666667 0.4666666666666667 0.5510416666666667 0.4722222222222222 0.5447916666666667 0.46944444444444444 0.5453125 0.46574074074074073 0.5494791666666666 0.4638888888888889
2 0.49270833333333336 0.4898148148148148 0.4979166666666667 0.4962962962962963 0.49895833333333334 0.5055555555555555 0.4942708333333333 0.5138888888888888 0.48802083333333335 0.5175925925925926 0.4828125 0.5175925925925926 0.475 0.5120370370370371 0.4713541666666667 0.5046296296296297 0.471875 0.5009259259259259 0.4739583333333333 0.49444444444444446 0.48072916666666665 0.487962962962963 0.4921875 0.4898148148148148
2 0.61875 0.387037037037037 0.621875 0.3907407407407407 0.6229166666666667 0.39814814814814814 0.6177083333333333 0.40185185185185185 0.6114583333333333 0.3990740740740741 0.609375 0.3907407407407407 0.6182291666666667 0.387037037037037
2 0.7010416666666667 0.4898148148148148 0.7072916666666667 0.49722222222222223 0.7088541666666667 0.5046296296296297 0.7072916666666667 0.5120370370370371 0.7010416666666667 0.5157407407407407 0.6890625 0.512962962962963 0.68125 0.5018518518518519 0.6817708333333333 0.49444444444444446 0.6859375 0.4888888888888889 0.6958333333333333 0.48703703703703705 0.7005208333333334 0.4898148148148148
2 0.7401041666666667 0.5361111111111111 0.7494791666666667 0.5462962962962963 0.7515625 0.5537037037037037 0.7505208333333333 0.5611111111111111 0.7442708333333333 0.5666666666666667 0.7307291666666667 0.5638888888888889 0.7234375 0.5564814814814815 0.721875 0.5509259259259259 0.7223958333333333 0.5425925925925926 0.7276041666666667 0.5361111111111111 0.7395833333333334 0.5361111111111111
2 0.5255208333333333 0.4101851851851852 0.5255208333333333 0.41388888888888886 0.5229166666666667 0.4166666666666667 0.5197916666666667 0.41574074074074074 0.51875 0.4101851851851852 0.525 0.4101851851851852
2 0.6166666666666667 0.37777777777777777 0.61875 0.37962962962962965 0.6192708333333333 0.387037037037037 0.6151041666666667 0.3888888888888889 0.6088541666666667 0.387037037037037 0.6072916666666667 0.37962962962962965 0.6098958333333333 0.3768518518518518 0.6161458333333333 0.37777777777777777
2 0.3890625 0.5601851851851852 0.39114583333333336 0.5666666666666667 0.3880208333333333 0.5712962962962963 0.38333333333333336 0.5703703703703704 0.38229166666666664 0.5638888888888889 0.3848958333333333 0.5601851851851852 0.3885416666666667 0.5601851851851852
2 0.7265625 0.462037037037037 0.7302083333333333 0.4666666666666667 0.7317708333333334 0.4777777777777778 0.7244791666666667 0.4842592592592593 0.7109375 0.48148148148148145 0.7052083333333333 0.47314814814814815 0.7046875 0.4666666666666667 0.7083333333333334 0.4601851851851852 0.7145833333333333 0.45740740740740743 0.7260416666666667 0.462037037037037
2 0.5296875 0.43796296296296294 0.5375 0.44166666666666665 0.5401041666666667 0.44814814814814813 0.5395833333333333 0.45555555555555555 0.5328125 0.46111111111111114 0.5255208333333333 0.4601851851851852 0.5197916666666667 0.4527777777777778 0.5192708333333333 0.44907407407407407 0.521875 0.44166666666666665 0.5291666666666667 0.43796296296296294
2 0.49895833333333334 0.32685185185185184 0.5020833333333333 0.3314814814814815 0.5020833333333333 0.337037037037037 0.496875 0.3416666666666667 0.4869791666666667 0.3398148148148148 0.48385416666666664 0.3333333333333333 0.4875 0.32685185185185184 0.4984375 0.32685185185185184
2 0.4822916666666667 0.3351851851851852 0.48541666666666666 0.3453703703703704 0.4828125 0.3509259259259259 0.47708333333333336 0.35462962962962963 0.4703125 0.3537037037037037 0.4671875 0.35 0.4666666666666667 0.3388888888888889 0.47291666666666665 0.3333333333333333 0.4817708333333333 0.3351851851851852
2 0.6 0.40185185185185185 0.603125 0.4074074074074074 0.5989583333333334 0.412962962962963 0.5953125 0.41203703703703703 0.5932291666666667 0.4074074074074074 0.5942708333333333 0.4027777777777778 0.5994791666666667 0.40185185185185185
2 0.565625 0.28703703703703703 0.5671875 0.29444444444444445 0.5640625 0.3037037037037037 0.55625 0.30185185185185187 0.5515625 0.2972222222222222 0.5505208333333333 0.29259259259259257 0.5546875 0.2861111111111111 0.5651041666666666 0.28703703703703703
2 0.5427083333333333 0.39351851851851855 0.5463541666666667 0.38796296296296295 0.5536458333333333 0.38796296296296295 0.55625 0.39351851851851855 0.5536458333333333 0.4 0.546875 0.4 0.5432291666666667 0.39444444444444443
2 0.6057291666666667 0.337037037037037 0.6078125 0.3453703703703704 0.6046875 0.3490740740740741 0.5984375 0.34814814814814815 0.5958333333333333 0.3416666666666667 0.6 0.33611111111111114 0.6052083333333333 0.337037037037037
2 0.6411458333333333 0.34629629629629627 0.6453125 0.35 0.6463541666666667 0.3592592592592593 0.6447916666666667 0.362962962962963 0.6390625 0.36574074074074076 0.6296875 0.3648148148148148 0.625 0.35833333333333334 0.6239583333333333 0.3527777777777778 0.6265625 0.3472222222222222 0.6302083333333334 0.3453703703703704 0.640625 0.34629629629629627
2 0.6197916666666666 0.28703703703703703 0.6234375 0.28888888888888886 0.6270833333333333 0.2962962962962963 0.6255208333333333 0.30277777777777776 0.6203125 0.3055555555555556 0.6125 0.3055555555555556 0.60625 0.2962962962962963 0.609375 0.287962962962963 0.6192708333333333 0.28703703703703703
1 0.9869791666666666 0.375 0.9994791666666667 0.3851851851851852 0.9994791666666667 0.40185185185185185 0.9901041666666667 0.40370370370370373 0.9864583333333333 0.40925925925925927 0.9854166666666667 0.42314814814814816 0.9807291666666667 0.4425925925925926 0.971875 0.4759259259259259 0.9671875 0.48518518518518516 0.9505208333333334 0.4703703703703704 0.9494791666666667 0.462037037037037 0.9515625 0.45 0.9630208333333333 0.4083333333333333 0.96875 0.3768518518518518 0.9734375 0.3731481481481482 0.9864583333333333 0.375
1 0.996875 0.32037037037037036 0.9994791666666667 0.32222222222222224 0.9994791666666667 0.3509259259259259 0.9973958333333334 0.35185185185185186 0.9942708333333333 0.37592592592592594 0.9708333333333333 0.37222222222222223 0.9791666666666666 0.3212962962962963 0.9828125 0.3175925925925926 0.9963541666666667 0.32037037037037036
1 0.9052083333333333 0.5111111111111111 0.9145833333333333 0.5185185185185185 0.9223958333333333 0.5314814814814814 0.9229166666666667 0.5398148148148149 0.9197916666666667 0.5472222222222223 0.9192708333333334 0.5546296296296296 0.9296875 0.5712962962962963 0.9328125 0.5814814814814815 0.9328125 0.5879629629629629 0.9265625 0.6018518518518519 0.9192708333333334 0.6296296296296297 0.9130208333333333 0.6685185185185185 0.9098958333333333 0.675 0.9052083333333333 0.6777777777777778 0.8953125 0.675 0.8760416666666667 0.6620370370370371 0.8609375 0.6472222222222223 0.85625 0.6342592592592593 0.86875 0.5916666666666667 0.8755208333333333 0.55 0.8828125 0.5416666666666666 0.8984375 0.5407407407407407 0.903125 0.5259259259259259 0.9005208333333333 0.5120370370370371 0.9046875 0.5111111111111111
1 0.921875 0.5574074074074075 0.9234375 0.5518518518518518 0.9317708333333333 0.5462962962962963 0.9411458333333333 0.5296296296296297 0.9447916666666667 0.5148148148148148 0.9489583333333333 0.5148148148148148 0.9515625 0.5222222222222223 0.9526041666666667 0.55 0.9510416666666667 0.5574074074074075 0.9583333333333334 0.5824074074074074 0.9583333333333334 0.5990740740740741 0.9463541666666667 0.6509259259259259 0.9416666666666667 0.6583333333333333 0.9338541666666667 0.6620370370370371 0.9213541666666667 0.6611111111111111 0.9171875 0.6564814814814814 0.9208333333333333 0.6277777777777778 0.9333333333333333 0.5879629629629629 0.9317708333333333 0.575925925925926 0.9223958333333333 0.5574074074074075
1 0.22708333333333333 0.17962962962962964 0.2296875 0.19074074074074074 0.2359375 0.19722222222222222 0.2390625 0.20555555555555555 0.24895833333333334 0.30185185185185187 0.24739583333333334 0.3101851851851852 0.23072916666666668 0.31203703703703706 0.22708333333333333 0.31203703703703706 0.22447916666666667 0.30833333333333335 0.21197916666666666 0.21296296296296297 0.21197916666666666 0.20462962962962963 0.21510416666666668 0.19722222222222222 0.21510416666666668 0.1814814814814815 0.22083333333333333 0.17777777777777778 0.2265625 0.17962962962962964
1 0.9041666666666667 0.4648148148148148 0.9135416666666667 0.47314814814814815 0.921875 0.4740740740740741 0.9234375 0.47685185185185186 0.921875 0.4888888888888889 0.9078125 0.5092592592592593 0.9020833333333333 0.5083333333333333 0.8994791666666667 0.5111111111111111 0.8989583333333333 0.5166666666666667 0.9015625 0.5212962962962963 0.9015625 0.5277777777777778 0.8984375 0.5388888888888889 0.8838541666666667 0.5398148148148149 0.875 0.55 0.8677083333333333 0.5907407407407408 0.8640625 0.5990740740740741 0.8588541666666667 0.5962962962962963 0.8557291666666667 0.5879629629629629 0.8557291666666667 0.5611111111111111 0.859375 0.5444444444444444 0.8661458333333333 0.5296296296296297 0.8776041666666666 0.5185185185185185 0.8885416666666667 0.4981481481481482 0.8833333333333333 0.487962962962963 0.8885416666666667 0.48055555555555557 0.8890625 0.47314814814814815 0.8869791666666667 0.4703703703703704 0.8901041666666667 0.4703703703703704 0.8973958333333333 0.462037037037037 0.9036458333333334 0.4648148148148148
1 0.2552083333333333 0.17037037037037037 0.2677083333333333 0.22592592592592592 0.27395833333333336 0.28055555555555556 0.27708333333333335 0.2898148148148148 0.27760416666666665 0.3037037037037037 0.2791666666666667 0.30648148148148147 0.27291666666666664 0.3101851851851852 0.2604166666666667 0.3111111111111111 0.25104166666666666 0.30833333333333335 0.24427083333333333 0.25462962962962965 0.24270833333333333 0.22592592592592592 0.24375 0.175 0.24739583333333334 0.16944444444444445 0.2546875 0.17037037037037037
1 0.9994791666666667 0.40370370370370373 0.9994791666666667 0.512962962962963 0.9953125 0.5166666666666667 0.9833333333333333 0.5166666666666667 0.9765625 0.512962962962963 0.9697916666666667 0.5037037037037037 0.9682291666666667 0.4935185185185185 0.9729166666666667 0.4638888888888889 0.9791666666666666 0.44907407407407407 0.9869791666666666 0.4074074074074074 0.9911458333333333 0.40370370370370373 0.9989583333333333 0.40370370370370373