0 0.6375 0.45555555555555555 0.6401041666666667 0.45925925925925926 0.6401041666666667 0.4648148148148148 0.6364583333333333 0.4703703703703704 0.5822916666666667 0.512962962962963 0.5697916666666667 0.5296296296296297 0.5661458333333333 0.5287037037037037 0.5630208333333333 0.5222222222222223 0.5619791666666667 0.5111111111111111 0.5640625 0.5064814814814815 0.5755208333333334 0.5037037037037037 0.6333333333333333 0.45555555555555555 0.6369791666666667 0.45555555555555555
0 0.4786458333333333 0.3509259259259259 0.48385416666666664 0.3638888888888889 0.48385416666666664 0.40370370370370373 0.48125 0.40925925925925927 0.4739583333333333 0.40555555555555556 0.465625 0.36666666666666664 0.46927083333333336 0.3527777777777778 0.478125 0.3509259259259259
0 0.5807291666666666 0.3296296296296296 0.5927083333333333 0.337037037037037 0.6541666666666667 0.35833333333333334 0.6578125 0.36574074074074076 0.6552083333333333 0.3712962962962963 0.625 0.36203703703703705 0.5984375 0.3490740740740741 0.5744791666666667 0.34444444444444444 0.5744791666666667 0.3287037037037037 0.5786458333333333 0.32685185185185184 0.5802083333333333 0.3296296296296296
0 0.3796875 0.26851851851851855 0.3958333333333333 0.2777777777777778 0.39739583333333334 0.28703703703703703 0.39479166666666665 0.2916666666666667 0.37916666666666665 0.2861111111111111 0.3697916666666667 0.2861111111111111 0.36822916666666666 0.28055555555555556 0.3697916666666667 0.2657407407407407 0.3734375 0.2611111111111111 0.37916666666666665 0.26851851851851855
0 0.5260416666666666 0.3111111111111111 0.5463541666666667 0.33425925925925926 0.5463541666666667 0.35 0.5401041666666667 0.3592592592592593 0.5354166666666667 0.3592592592592593 0.5322916666666667 0.35555555555555557 0.521875 0.3333333333333333 0.5192708333333333 0.32037037037037036 0.5223958333333333 0.31203703703703706 0.5255208333333333 0.3111111111111111
0 0.5119791666666667 0.3537037037037037 0.51875 0.36203703703703705 0.521875 0.3712962962962963 0.5213541666666667 0.37777777777777777 0.515625 0.39166666666666666 0.5104166666666666 0.39444444444444443 0.4984375 0.4203703703703704 0.4921875 0.4287037037037037 0.48541666666666666 0.42407407407407405 0.48385416666666664 0.4111111111111111 0.49947916666666664 0.37962962962962965 0.5015625 0.36574074074074076 0.50625 0.35555555555555557 0.5114583333333333 0.3537037037037037
0 0.5020833333333333 0.24166666666666667 0.5901041666666667 0.26944444444444443 0.6020833333333333 0.26481481481481484 0.6036458333333333 0.2675925925925926 0.6036458333333333 0.2824074074074074 0.5994791666666667 0.2972222222222222 0.5953125 0.2962962962962963 0.5921875 0.2898148148148148 0.5817708333333333 0.2833333333333333 0.4973958333333333 0.2638888888888889 0.49375 0.2564814814814815 0.4947916666666667 0.24351851851851852 0.5015625 0.24166666666666667
0 0.5223958333333333 0.275 0.5255208333333333 0.2777777777777778 0.5270833333333333 0.2962962962962963 0.5260416666666666 0.30277777777777776 0.521875 0.30462962962962964 0.5182291666666666 0.30092592592592593 0.5192708333333333 0.2777777777777778 0.521875 0.2759259259259259
0 0.44895833333333335 0.4287037037037037 0.4515625 0.4324074074074074 0.45 0.4425925925925926 0.421875 0.4601851851851852 0.4114583333333333 0.48148148148148145 0.403125 0.4685185185185185 0.40208333333333335 0.44814814814814813 0.40520833333333334 0.4425925925925926 0.41510416666666666 0.44537037037037036 0.44583333333333336 0.42685185185185187 0.4484375 0.4287037037037037
2 0.6760416666666667 0.3675925925925926 0.6828125 0.36944444444444446 0.6864583333333333 0.375 0.6848958333333334 0.38333333333333336 0.6786458333333333 0.387037037037037 0.6697916666666667 0.38333333333333336 0.6677083333333333 0.37962962962962965 0.66875 0.3712962962962963 0.6755208333333333 0.3675925925925926
2 0.32447916666666665 0.31666666666666665 0.33125 0.3212962962962963 0.3328125 0.32592592592592595 0.33125 0.3314814814814815 0.32083333333333336 0.337037037037037 0.3125 0.33611111111111114 0.30833333333333335 0.3277777777777778 0.3140625 0.31851851851851853 0.32395833333333335 0.31666666666666665
2 0.3697916666666667 0.24074074074074073 0.37604166666666666 0.2351851851851852 0.38385416666666666 0.2351851851851852 0.38697916666666665 0.23703703703703705 0.38958333333333334 0.24444444444444444 0.38697916666666665 0.25 0.37916666666666665 0.2537037037037037 0.3703125 0.2490740740740741 0.3697916666666667 0.24166666666666667
2 0.7333333333333333 0.5527777777777778 0.7375 0.5583333333333333 0.7375 0.5648148148148148 0.7359375 0.5666666666666667 0.7276041666666667 0.5657407407407408 0.725 0.5611111111111111 0.7270833333333333 0.5527777777777778 0.7328125 0.5527777777777778
2 0.3932291666666667 0.3416666666666667 0.3963541666666667 0.3490740740740741 0.39166666666666666 0.35462962962962963 0.3854166666666667 0.3537037037037037 0.38333333333333336 0.34814814814814815 0.38697916666666665 0.3416666666666667 0.3927083333333333 0.3416666666666667
2 0.46041666666666664 0.42962962962962964 0.4640625 0.4351851851851852 0.4630208333333333 0.44166666666666665 0.46041666666666664 0.4444444444444444 0.45260416666666664 0.44351851851851853 0.4505208333333333 0.4351851851851852 0.4515625 0.4305555555555556 0.45989583333333334 0.42962962962962964
2 0.35625 0.3907407407407407 0.014583333333333334 0.014814814814814815
2 0.5473958333333333 0.2074074074074074 0.5536458333333333 0.2101851851851852 0.5557291666666667 0.21574074074074073 0.5541666666666667 0.2212962962962963 0.55 0.22407407407407406 0.5427083333333333 0.22314814814814815 0.5390625 0.21944444444444444 0.5395833333333333 0.2111111111111111 0.546875 0.2074074074074074
2 0.6270833333333333 0.39166666666666666 0.6369791666666667 0.3972222222222222 0.6390625 0.4027777777777778 0.6390625 0.4111111111111111 0.63125 0.41759259259259257 0.6208333333333333 0.4148148148148148 0.6145833333333334 0.4064814814814815 0.6145833333333334 0.4 0.6166666666666667 0.3962962962962963 0.6265625 0.39166666666666666
2 0.5192708333333333 0.3333333333333333 0.525 0.33796296296296297 0.528125 0.3472222222222222 0.5223958333333333 0.3537037037037037 0.5119791666666667 0.3527777777777778 0.5067708333333333 0.3453703703703704 0.5083333333333333 0.337037037037037 0.51875 0.3333333333333333
2 0.49114583333333334 0.5194444444444445 0.49375 0.525 0.49114583333333334 0.5296296296296297 0.48489583333333336 0.5268518518518519 0.4859375 0.5203703703703704 0.490625 0.5194444444444445
2 0.4864583333333333 0.4740740740740741 0.49166666666666664 0.47685185185185186 0.49635416666666665 0.48703703703703705 0.49583333333333335 0.49444444444444446 0.4875 0.5027777777777778 0.475 0.5 0.46979166666666666 0.49166666666666664 0.4703125 0.4842592592592593 0.4739583333333333 0.4777777777777778 0.4859375 0.4740740740740741
2 0.5333333333333333 0.23333333333333334 0.5395833333333333 0.2361111111111111 0.5421875 0.24074074074074073 0.5427083333333333 0.24444444444444444 0.5395833333333333 0.2518518518518518 0.5307291666666667 0.25092592592592594 0.521875 0.24444444444444444 0.525 0.23703703703703705 0.5328125 0.23333333333333334
2 0.41822916666666665 0.49722222222222223 0.4265625 0.5027777777777778 0.42864583333333334 0.512962962962963 0.425 0.5231481481481481 0.41458333333333336 0.5296296296296297 0.4041666666666667 0.524074074074074 0.4010416666666667 0.5166666666666667 0.4010416666666667 0.5092592592592593 0.40729166666666666 0.5 0.41770833333333335 0.49722222222222223
2 0.6546875 0.4101851851851852 0.6588541666666666 0.4212962962962963 0.6572916666666667 0.42592592592592593 0.6510416666666666 0.4287037037037037 0.6401041666666667 0.42407407407407405 0.6380208333333334 0.4203703703703704 0.6380208333333334 0.412962962962963 0.64375 0.4074074074074074 0.6541666666666667 0.4101851851851852
1 0.9854166666666667 0.3314814814814815 0.9994791666666667 0.33796296296296297 0.9994791666666667 0.36666666666666664 0.9895833333333334 0.38425925925925924 0.9838541666666667 0.38796296296296295 0.9776041666666667 0.387037037037037 0.9760416666666667 0.37407407407407406 0.9692708333333333 0.36203703703703705 0.978125 0.33796296296296297 0.98125 0.33240740740740743 0.9848958333333333 0.3314814814814815
1 0.8833333333333333 0.5101851851851852 0.890625 0.5175925925925926 0.89375 0.525 0.890625 0.5472222222222223 0.9015625 0.5648148148148148 0.9041666666666667 0.5722222222222222 0.9041666666666667 0.5814814814814815 0.8989583333333333 0.5944444444444444 0.8911458333333333 0.625 0.8869791666666667 0.6564814814814814 0.8833333333333333 0.6685185185185185 0.8802083333333334 0.6712962962962963 0.8729166666666667 0.6712962962962963 0.846875 0.6546296296296297 0.8317708333333333 0.637962962962963 0.8291666666666667 0.6324074074074074 0.8291666666666667 0.6259259259259259 0.8427083333333333 0.5824074074074074 0.8479166666666667 0.5435185185185185 0.85625 0.5342592592592592 0.8708333333333333 0.5342592592592592 0.8760416666666667 0.5212962962962963 0.875 0.5083333333333333 0.8828125 0.5101851851851852
1 0.98125 0.39166666666666666 0.9859375 0.39351851851851855 0.9854166666666667 0.3972222222222222 0.9958333333333333 0.4111111111111111 0.9958333333333333 0.4185185185185185 0.984375 0.46574074074074073 0.9755208333333333 0.4861111111111111 0.971875 0.5018518518518519 0.9635416666666666 0.5064814814814815 0.95625 0.5055555555555555 0.9458333333333333 0.4962962962962963 0.9427083333333334 0.4888888888888889 0.9427083333333334 0.4787037037037037 0.9510416666666667 0.4527777777777778 0.9588541666666667 0.4166666666666667 0.9609375 0.3972222222222222 0.9677083333333333 0.39166666666666666 0.9807291666666667 0.39166666666666666
1 0.9494791666666667 0.3611111111111111 0.9697916666666667 0.3675925925925926 0.9760416666666667 0.375 0.9765625 0.3851851851851852 0.9734375 0.38981481481481484 0.965625 0.3907407407407407 0.9609375 0.39537037037037037 0.95 0.4527777777777778 0.94375 0.4685185185185185 0.9380208333333333 0.47129629629629627 0.928125 0.46296296296296297 0.925 0.45740740740740743 0.9244791666666666 0.44814814814814813 0.9385416666666667 0.3925925925925926 0.9432291666666667 0.36574074074074076 0.9489583333333333 0.36203703703703705
1 0.9203125 0.5046296296296297 0.9229166666666667 0.5120370370370371 0.9244791666666666 0.5361111111111111 0.9229166666666667 0.5527777777777778 0.9296875 0.5694444444444444 0.9307291666666667 0.5907407407407408 0.9192708333333334 0.6407407407407407 0.9140625 0.6509259259259259 0.909375 0.6537037037037037 0.8953125 0.6537037037037037 0.8895833333333333 0.6481481481481481 0.8932291666666666 0.6185185185185185 0.9046875 0.5805555555555556 0.9041666666666667 0.5703703703703704 0.89375 0.55 0.89375 0.5462962962962963 0.9041666666666667 0.5398148148148149 0.9135416666666667 0.5203703703703704 0.9161458333333333 0.5064814814814815 0.9197916666666667 0.5046296296296297
1 0.21979166666666666 0.16018518518518518 0.22447916666666667 0.1648148148148148 0.22552083333333334 0.18055555555555555 0.23541666666666666 0.20925925925925926 0.24427083333333333 0.2824074074074074 0.24479166666666666 0.30277777777777776 0.23385416666666667 0.30462962962962964 0.22135416666666666 0.30277777777777776 0.21197916666666666 0.24444444444444444 0.20989583333333334 0.20925925925925926 0.21302083333333333 0.18055555555555555 0.2109375 0.17407407407407408 0.2109375 0.1648148148148148 0.21927083333333333 0.16018518518518518
1 0.19322916666666667 0.1712962962962963 0.19635416666666666 0.18333333333333332 0.2015625 0.18888888888888888 0.20625 0.2 0.2109375 0.24259259259259258 0.21354166666666666 0.25277777777777777 0.215625 0.2861111111111111 0.21875 0.29907407407407405 0.21875 0.3037037037037037 0.2171875 0.30462962962962964 0.19739583333333333 0.3074074074074074 0.19270833333333334 0.30462962962962964 0.17760416666666667 0.20462962962962963 0.178125 0.1962962962962963 0.18125 0.18981481481481483 0.18072916666666666 0.175 0.18541666666666667 0.17037037037037037 0.19270833333333334 0.1712962962962963
1 0.9645833333333333 0.3037037037037037 0.9770833333333333 0.3111111111111111 0.9796875 0.32037037037037036 0.978125 0.3296296296296296 0.9729166666666667 0.33796296296296297 0.9708333333333333 0.3527777777777778 0.965625 0.362962962962963 0.946875 0.3592592592592593 0.9536458333333333 0.3101851851851852 0.95625 0.3055555555555556 0.9640625 0.3037037037037037
1 0.9942708333333333 0.37592592592592594 0.9994791666666667 0.3814814814814815 0.9994791666666667 0.45 0.9953125 0.4564814814814815 0.9875 0.48333333333333334 0.9770833333333333 0.4842592592592593 0.9958333333333333 0.41944444444444445 0.9927083333333333 0.40555555555555556 0.9796875 0.39351851851851855 0.9833333333333333 0.38981481481481484 0.9901041666666667 0.38981481481481484 0.9942708333333333 0.3768518518518518
1 0.8828125 0.4601851851851852 0.8953125 0.4666666666666667 0.896875 0.4740740740740741 0.8822916666666667 0.49722222222222223 0.8828125 0.5027777777777778 0.8760416666666667 0.5027777777777778 0.8723958333333334 0.5074074074074074 0.8744791666666667 0.5166666666666667 0.8697916666666666 0.5314814814814814 0.8567708333333334 0.5314814814814814 0.8463541666666666 0.5444444444444444 0.8375 0.5925925925925926 0.8338541666666667 0.5925925925925926 0.8302083333333333 0.587037037037037 0.828125 0.5731481481481482 0.828125 0.5555555555555556 0.83125 0.5398148148148149 0.8380208333333333 0.524074074074074 0.8536458333333333 0.5037037037037037 0.8708333333333333 0.4666666666666667 0.8822916666666667 0.4601851851851852