0 0.5755208333333334 0.5685185185185185 0.5807291666666666 0.5935185185185186 0.5864583333333333 0.6064814814814815 0.5807291666666666 0.6166666666666667 0.5734375 0.6148148148148148 0.5708333333333333 0.5898148148148148 0.5677083333333334 0.5777777777777777 0.5692708333333333 0.5694444444444444 0.575 0.5685185185185185
0 0.5541666666666667 0.43148148148148147 0.5598958333333334 0.4398148148148148 0.5614583333333333 0.45092592592592595 0.5598958333333334 0.45555555555555555 0.5536458333333333 0.4537037037037037 0.5489583333333333 0.44722222222222224 0.5510416666666667 0.43333333333333335 0.5536458333333333 0.43148148148148147
0 0.5677083333333334 0.6824074074074075 0.5713541666666667 0.6907407407407408 0.56875 0.7166666666666667 0.5651041666666666 0.7166666666666667 0.5625 0.7018518518518518 0.5630208333333333 0.6888888888888889 0.5671875 0.6833333333333333
0 0.41875 0.2675925925925926 0.42291666666666666 0.27314814814814814 0.4239583333333333 0.2916666666666667 0.45989583333333334 0.412962962962963 0.46041666666666664 0.4185185185185185 0.4583333333333333 0.42407407407407405 0.4546875 0.42314814814814816 0.4505208333333333 0.4148148148148148 0.41822916666666665 0.30092592592592593 0.4078125 0.2833333333333333 0.4088541666666667 0.2740740740740741 0.41354166666666664 0.26851851851851855 0.41822916666666665 0.2675925925925926
0 0.534375 0.6074074074074074 0.5421875 0.6055555555555555 0.5442708333333334 0.6092592592592593 0.5447916666666667 0.6342592592592593 0.5578125 0.7240740740740741 0.55625 0.7333333333333333 0.5526041666666667 0.7324074074074074 0.5505208333333333 0.725 0.5380208333333333 0.6296296296296297 0.5328125 0.6148148148148148 0.534375 0.6083333333333333
0 0.5046875 0.4101851851851852 0.5078125 0.4166666666666667 0.5078125 0.42777777777777776 0.5104166666666666 0.4398148148148148 0.5526041666666667 0.562037037037037 0.553125 0.5722222222222222 0.55 0.5768518518518518 0.5432291666666667 0.5731481481481482 0.5401041666666667 0.5675925925925925 0.5026041666666666 0.4564814814814815 0.4864583333333333 0.43425925925925923 0.4864583333333333 0.4222222222222222 0.490625 0.412962962962963 0.49583333333333335 0.4074074074074074 0.5041666666666667 0.4101851851851852
0 0.4078125 0.5333333333333333 0.4161458333333333 0.5277777777777778 0.4197916666666667 0.5296296296296297 0.4239583333333333 0.5583333333333333 0.4505208333333333 0.675 0.4505208333333333 0.6814814814814815 0.4484375 0.6851851851851852 0.44427083333333334 0.6842592592592592 0.44114583333333335 0.6759259259259259 0.4166666666666667 0.562962962962963 0.41041666666666665 0.549074074074074 0.40520833333333334 0.5444444444444444 0.4078125 0.5342592592592592
0 0.6015625 0.5453703703703704 0.6078125 0.5527777777777778 0.6083333333333333 0.5648148148148148 0.6015625 0.5740740740740741 0.5953125 0.5916666666666667 0.5901041666666667 0.5981481481481481 0.5848958333333333 0.5953703703703703 0.5838541666666667 0.5824074074074074 0.5942708333333333 0.55 0.6010416666666667 0.5453703703703704
0 0.5364583333333334 0.7046296296296296 0.5395833333333333 0.712037037037037 0.5395833333333333 0.7194444444444444 0.5348958333333333 0.7388888888888889 0.5307291666666667 0.737037037037037 0.5296875 0.7185185185185186 0.5359375 0.7055555555555556
2 0.5666666666666667 0.6657407407407407 0.5692708333333333 0.674074074074074 0.5697916666666667 0.687037037037037 0.5640625 0.6907407407407408 0.5625 0.7046296296296296 0.5598958333333334 0.7 0.5588541666666667 0.6814814814814815 0.5619791666666667 0.6666666666666666 0.5661458333333333 0.6657407407407407
2 0.5302083333333333 0.29907407407407405 0.53125 0.3101851851851852 0.5286458333333334 0.3148148148148148 0.525 0.3101851851851852 0.5244791666666667 0.3037037037037037 0.5265625 0.29814814814814816 0.5296875 0.29907407407407405
2 0.5416666666666666 0.4444444444444444 0.5432291666666667 0.4527777777777778 0.5411458333333333 0.45925925925925926 0.5385416666666667 0.4583333333333333 0.5369791666666667 0.4527777777777778 0.5375 0.4462962962962963 0.5411458333333333 0.4444444444444444
2 0.5223958333333333 0.2935185185185185 0.5234375 0.29907407407407405 0.5208333333333334 0.3055555555555556 0.5182291666666666 0.29814814814814816 0.5197916666666667 0.29259259259259257 0.521875 0.2935185185185185
2 0.5739583333333333 0.3435185185185185 0.5770833333333333 0.3472222222222222 0.5791666666666667 0.35833333333333334 0.578125 0.3768518518518518 0.5739583333333333 0.3814814814814815 0.5713541666666667 0.3787037037037037 0.56875 0.3675925925925926 0.5697916666666667 0.3490740740740741 0.5734375 0.3435185185185185
2 0.51875 0.39537037037037037 0.5223958333333333 0.4046296296296296 0.5229166666666667 0.4166666666666667 0.5213541666666667 0.42592592592592593 0.5182291666666666 0.42962962962962964 0.5140625 0.42685185185185187 0.5114583333333333 0.412962962962963 0.5135416666666667 0.3972222222222222 0.5182291666666666 0.39537037037037037
2 0.4984375 0.7888888888888889 0.5026041666666666 0.8 0.5026041666666666 0.8138888888888889 0.5010416666666667 0.8240740740740741 0.4953125 0.8333333333333334 0.4895833333333333 0.8305555555555556 0.4875 0.812962962962963 0.490625 0.7953703703703704 0.49375 0.7898148148148149 0.4979166666666667 0.7888888888888889
2 0.459375 0.6583333333333333 0.4625 0.6666666666666666 0.4625 0.6777777777777778 0.4588541666666667 0.6833333333333333 0.45416666666666666 0.6805555555555556 0.45260416666666664 0.6694444444444444 0.45416666666666666 0.6620370370370371 0.4588541666666667 0.6583333333333333
2 0.4901041666666667 0.3055555555555556 0.49322916666666666 0.3148148148148148 0.49322916666666666 0.325 0.490625 0.33055555555555555 0.4875 0.33055555555555555 0.48385416666666664 0.3194444444444444 0.48489583333333336 0.30925925925925923 0.4895833333333333 0.3055555555555556
2 0.5567708333333333 0.40370370370370373 0.5609375 0.41574074074074074 0.5609375 0.42962962962962964 0.5583333333333333 0.43796296296296294 0.5520833333333334 0.43425925925925923 0.5494791666666666 0.42407407407407405 0.5515625 0.4064814814814815 0.55625 0.40370370370370373
2 0.5171875 0.3194444444444444 0.5140625 0.3138888888888889 0.5145833333333333 0.30462962962962964 0.5166666666666667 0.30185185185185187 0.5197916666666667 0.30462962962962964 0.5197916666666667 0.3175925925925926 0.5177083333333333 0.31851851851851853
2 0.4979166666666667 0.3287037037037037 0.5010416666666667 0.3351851851851852 0.49947916666666664 0.34629629629629627 0.496875 0.34629629629629627 0.4942708333333333 0.3416666666666667 0.49375 0.3351851851851852 0.4973958333333333 0.3287037037037037
2 0.53125 0.5722222222222222 0.5328125 0.5824074074074074 0.5307291666666667 0.5851851851851851 0.5286458333333334 0.5842592592592593 0.528125 0.5777777777777777 0.5286458333333334 0.5731481481481482 0.5307291666666667 0.5722222222222222
2 0.5166666666666667 0.6194444444444445 0.5192708333333333 0.625 0.5208333333333334 0.6472222222222223 0.51875 0.6564814814814814 0.5130208333333334 0.6620370370370371 0.5088541666666667 0.6574074074074074 0.5067708333333333 0.6425925925925926 0.5104166666666666 0.6222222222222222 0.5130208333333334 0.6185185185185185 0.5161458333333333 0.6194444444444445
2 0.446875 0.8138888888888889 0.4479166666666667 0.825 0.4453125 0.8296296296296296 0.4421875 0.8268518518518518 0.4421875 0.8175925925925925 0.44375 0.8138888888888889 0.44635416666666666 0.8138888888888889
2 0.48984375 0.36944444444444446 0.005729166666666666 0.014814814814814815
2 0.5010416666666667 0.5796296296296296 0.5046875 0.587037037037037 0.5041666666666667 0.600925925925926 0.4984375 0.6046296296296296 0.49635416666666665 0.6 0.4973958333333333 0.5833333333333334 0.5005208333333333 0.5805555555555556
2 0.49166666666666664 0.600925925925926 0.49583333333333335 0.6046296296296296 0.4984375 0.6148148148148148 0.4984375 0.6314814814814815 0.4953125 0.6425925925925926 0.49166666666666664 0.6462962962962963 0.4875 0.6453703703703704 0.48385416666666664 0.6324074074074074 0.48489583333333336 0.6138888888888889 0.4869791666666667 0.6064814814814815 0.49114583333333334 0.6018518518518519
2 0.4583333333333333 0.45555555555555555 0.45989583333333334 0.4583333333333333 0.4583333333333333 0.4703703703703704 0.4557291666666667 0.4703703703703704 0.45416666666666666 0.46574074074074073 0.4546875 0.4583333333333333 0.4578125 0.45555555555555555
2 0.5661458333333333 0.462037037037037 0.5703125 0.4722222222222222 0.5703125 0.49074074074074076 0.5666666666666667 0.5 0.5614583333333333 0.49722222222222223 0.559375 0.4861111111111111 0.5598958333333334 0.4722222222222222 0.565625 0.462037037037037
2 0.5333333333333333 0.6777777777777778 0.5369791666666667 0.6861111111111111 0.5380208333333333 0.7 0.5364583333333334 0.7083333333333334 0.5302083333333333 0.7175925925925926 0.5255208333333333 0.7101851851851851 0.525 0.6935185185185185 0.5276041666666667 0.6814814814814815 0.5328125 0.6777777777777778
1 0.6338541666666667 0.004629629629629629 0.6375 0.010185185185185186 0.6458333333333334 0.011111111111111112 0.6473958333333333 0.027777777777777776 0.6458333333333334 0.03333333333333333 0.6401041666666667 0.037037037037037035 0.6317708333333333 0.05277777777777778 0.5994791666666667 0.06296296296296296 0.5739583333333333 0.06666666666666667 0.5723958333333333 0.05462962962962963 0.5734375 0.025925925925925925 0.5984375 0.017592592592592594 0.6109375 0.009259259259259259 0.6333333333333333 0.004629629629629629
1 0.6239583333333333 0.05925925925925926 0.6354166666666666 0.06574074074074074 0.65 0.06388888888888888 0.6515625 0.06944444444444445 0.6515625 0.0824074074074074 0.65 0.08611111111111111 0.6401041666666667 0.08888888888888889 0.6296875 0.10092592592592593 0.6229166666666667 0.10462962962962963 0.5979166666666667 0.10925925925925926 0.5859375 0.1175925925925926 0.5734375 0.12037037037037036 0.5734375 0.07222222222222222 0.6052083333333333 0.06111111111111111 0.6234375 0.05925925925925926