0 0.578125 0.2824074074074074 0.5796875 0.2851851851851852 0.5802083333333333 0.30462962962962964 0.5755208333333334 0.3111111111111111 0.571875 0.3101851851851852 0.5713541666666667 0.3037037037037037 0.5744791666666667 0.2851851851851852 0.5776041666666667 0.2824074074074074
0 0.46510416666666665 0.3990740740740741 0.4671875 0.4046296296296296 0.4666666666666667 0.40925925925925927 0.4578125 0.42777777777777776 0.453125 0.45 0.446875 0.45740740740740743 0.4390625 0.4527777777777778 0.43697916666666664 0.44537037037037036 0.4375 0.4351851851851852 0.44114583333333335 0.42685185185185187 0.44583333333333336 0.42407407407407405 0.45625 0.40185185185185185 0.459375 0.39814814814814814 0.46458333333333335 0.3990740740740741
0 0.45989583333333334 0.3037037037037037 0.4635416666666667 0.33425925925925926 0.4635416666666667 0.3416666666666667 0.46041666666666664 0.3435185185185185 0.45625 0.3425925925925926 0.45416666666666666 0.3351851851851852 0.4546875 0.31203703703703706 0.459375 0.3037037037037037
0 0.4125 0.33425925925925926 0.4197916666666667 0.3416666666666667 0.42135416666666664 0.35185185185185186 0.4161458333333333 0.3675925925925926 0.415625 0.40185185185185185 0.4114583333333333 0.4101851851851852 0.40677083333333336 0.40925925925925927 0.4036458333333333 0.4 0.4036458333333333 0.3638888888888889 0.4 0.3537037037037037 0.4 0.34814814814814815 0.4041666666666667 0.3351851851851852 0.4119791666666667 0.33425925925925926
0 0.46197916666666666 0.28888888888888886 0.45625 0.31851851851851853 0.453125 0.31666666666666665 0.44583333333333336 0.3296296296296296 0.428125 0.3712962962962963 0.42239583333333336 0.36944444444444446 0.42135416666666664 0.3611111111111111 0.4317708333333333 0.34444444444444444 0.453125 0.2935185185185185 0.4588541666666667 0.28703703703703703 0.46145833333333336 0.28888888888888886
0 0.5864583333333333 0.3194444444444444 0.5901041666666667 0.32407407407407407 0.5901041666666667 0.33425925925925926 0.5848958333333333 0.35555555555555557 0.5786458333333333 0.3675925925925926 0.5739583333333333 0.3675925925925926 0.5692708333333333 0.362962962962963 0.5666666666666667 0.35462962962962963 0.5666666666666667 0.3472222222222222 0.5796875 0.32407407407407407 0.5859375 0.3194444444444444
0 0.43020833333333336 0.24259259259259258 0.4354166666666667 0.24722222222222223 0.4390625 0.2574074074074074 0.4354166666666667 0.2722222222222222 0.4203125 0.2814814814814815 0.4078125 0.29907407407407405 0.39375 0.32685185185185184 0.37083333333333335 0.35648148148148145 0.36666666666666664 0.35648148148148145 0.36354166666666665 0.35185185185185186 0.36302083333333335 0.3425925925925926 0.3645833333333333 0.33796296296296297 0.375 0.32685185185185184 0.38697916666666665 0.30462962962962964 0.39791666666666664 0.29444444444444445 0.415625 0.26851851851851855 0.4197916666666667 0.2611111111111111 0.425 0.24351851851851852 0.4296875 0.24259259259259258
0 0.5057291666666667 0.3925925925925926 0.5119791666666667 0.4 0.5125 0.41759259259259257 0.5166666666666667 0.4388888888888889 0.5166666666666667 0.44814814814814813 0.5119791666666667 0.4564814814814815 0.5052083333333334 0.45185185185185184 0.5005208333333333 0.42777777777777776 0.4947916666666667 0.4111111111111111 0.496875 0.39814814814814814 0.5052083333333334 0.3925925925925926
0 0.5057291666666667 0.2657407407407407 0.5114583333333333 0.27037037037037037 0.5130208333333334 0.28055555555555556 0.5015625 0.3055555555555556 0.4979166666666667 0.3055555555555556 0.49583333333333335 0.2962962962962963 0.49947916666666664 0.2824074074074074 0.5 0.2722222222222222 0.5052083333333334 0.2657407407407407
2 0.5677083333333334 0.33240740740740743 0.571875 0.33425925925925926 0.5723958333333333 0.3388888888888889 0.565625 0.35185185185185186 0.5578125 0.3490740740740741 0.5552083333333333 0.3398148148148148 0.5588541666666667 0.3333333333333333 0.5671875 0.33240740740740743
2 0.65 0.44907407407407407 0.6536458333333334 0.46111111111111114 0.6489583333333333 0.4685185185185185 0.6359375 0.4648148148148148 0.6328125 0.4583333333333333 0.6328125 0.4527777777777778 0.6401041666666667 0.4462962962962963 0.6494791666666667 0.44907407407407407
2 0.6302083333333334 0.3037037037037037 0.6322916666666667 0.30925925925925923 0.6317708333333333 0.3138888888888889 0.6244791666666667 0.31851851851851853 0.6166666666666667 0.3138888888888889 0.615625 0.30648148148148147 0.6213541666666667 0.30092592592592593 0.6296875 0.3037037037037037
2 0.47760416666666666 0.2037037037037037 0.48072916666666665 0.2074074074074074 0.48125 0.21481481481481482 0.4734375 0.22037037037037038 0.4666666666666667 0.2175925925925926 0.46510416666666665 0.20925925925925926 0.46875 0.2037037037037037 0.47708333333333336 0.2037037037037037
2 0.753125 0.5712962962962963 0.7557291666666667 0.5814814814814815 0.7515625 0.5851851851851851 0.7447916666666666 0.5824074074074074 0.7427083333333333 0.5740740740740741 0.746875 0.5694444444444444 0.7526041666666666 0.5712962962962963
2 0.5356770833333333 0.5694444444444444 0.008854166666666666 0.011111111111111112
2 0.3109375 0.5388888888888889 0.3182291666666667 0.5435185185185185 0.31979166666666664 0.5583333333333333 0.3151041666666667 0.5675925925925925 0.3046875 0.5731481481481482 0.29322916666666665 0.5694444444444444 0.290625 0.562962962962963 0.290625 0.5564814814814815 0.29583333333333334 0.5462962962962963 0.3104166666666667 0.5388888888888889
2 0.3333333333333333 0.2916666666666667 0.3380208333333333 0.29444444444444445 0.34010416666666665 0.3037037037037037 0.33125 0.31296296296296294 0.31979166666666664 0.3101851851851852 0.3177083333333333 0.30648148148148147 0.3177083333333333 0.30092592592592593 0.32083333333333336 0.2953703703703704 0.3328125 0.2916666666666667
2 0.3541666666666667 0.41388888888888886 0.35625 0.41759259259259257 0.35572916666666665 0.42407407407407405 0.3494791666666667 0.4287037037037037 0.34427083333333336 0.42685185185185187 0.34270833333333334 0.4185185185185185 0.34739583333333335 0.412962962962963 0.3536458333333333 0.41388888888888886
2 0.33645833333333336 0.3351851851851852 0.33958333333333335 0.34074074074074073 0.3390625 0.34814814814814815 0.33541666666666664 0.3527777777777778 0.32708333333333334 0.35555555555555557 0.3171875 0.35185185185185186 0.31666666666666665 0.3416666666666667 0.325 0.33425925925925926 0.3359375 0.3351851851851852
2 0.48385416666666664 0.5046296296296297 0.4890625 0.5120370370370371 0.4901041666666667 0.5222222222222223 0.48489583333333336 0.5324074074074074 0.47760416666666666 0.5361111111111111 0.4671875 0.5314814814814814 0.4635416666666667 0.5259259259259259 0.4625 0.5166666666666667 0.4703125 0.5046296296296297 0.48333333333333334 0.5046296296296297
2 0.3223958333333333 0.2074074074074074 0.3234375 0.21296296296296297 0.3177083333333333 0.2175925925925926 0.3140625 0.21666666666666667 0.3125 0.20925925925925926 0.3145833333333333 0.2064814814814815 0.321875 0.2074074074074074
2 0.48541666666666666 0.22314814814814815 0.49114583333333334 0.22962962962962963 0.49114583333333334 0.23425925925925925 0.4859375 0.23981481481481481 0.47760416666666666 0.23981481481481481 0.471875 0.23425925925925925 0.4739583333333333 0.22592592592592592 0.48489583333333336 0.22314814814814815
2 0.3651041666666667 0.3592592592592593 0.36614583333333334 0.3675925925925926 0.36302083333333335 0.37222222222222223 0.35572916666666665 0.3712962962962963 0.353125 0.36574074074074076 0.3578125 0.35833333333333334 0.3645833333333333 0.3592592592592593
2 0.6520833333333333 0.41388888888888886 0.6578125 0.425 0.65625 0.4324074074074074 0.6515625 0.43703703703703706 0.6395833333333333 0.4351851851851852 0.6317708333333333 0.42407407407407405 0.6333333333333333 0.41574074074074074 0.6369791666666667 0.41203703703703703 0.6479166666666667 0.4111111111111111 0.6515625 0.41388888888888886
1 0.9880208333333333 0.3314814814814815 0.9994791666666667 0.3388888888888889 0.9994791666666667 0.3648148148148148 0.9885416666666667 0.3861111111111111 0.9828125 0.38796296296296295 0.978125 0.3861111111111111 0.9770833333333333 0.3768518518518518 0.9713541666666666 0.36574074074074076 0.9713541666666666 0.3611111111111111 0.978125 0.3388888888888889 0.9828125 0.3314814814814815 0.9875 0.3314814814814815
1 0.8755208333333333 0.5083333333333333 0.88125 0.5083333333333333 0.8916666666666667 0.5194444444444445 0.89375 0.5287037037037037 0.890625 0.5472222222222223 0.9 0.5611111111111111 0.9041666666666667 0.5731481481481482 0.9041666666666667 0.5796296296296296 0.8916666666666667 0.6231481481481481 0.8848958333333333 0.6638888888888889 0.8796875 0.6712962962962963 0.8598958333333333 0.6648148148148149 0.8416666666666667 0.65 0.8291666666666667 0.6324074074074074 0.83125 0.6157407407407407 0.8427083333333333 0.5814814814814815 0.8479166666666667 0.5425925925925926 0.8567708333333334 0.5342592592592592 0.8708333333333333 0.5342592592592592 0.8755208333333333 0.5231481481481481 0.8755208333333333 0.5092592592592593
1 0.9817708333333334 0.39166666666666666 0.9859375 0.39351851851851855 0.9947916666666666 0.40925925925925927 0.9953125 0.4185185185185185 0.9807291666666667 0.4759259259259259 0.9744791666666667 0.48703703703703705 0.971875 0.5009259259259259 0.9677083333333333 0.5055555555555555 0.9567708333333333 0.5055555555555555 0.9515625 0.5018518518518519 0.9447916666666667 0.49444444444444446 0.9421875 0.4824074074074074 0.9453125 0.46574074074074073 0.9510416666666667 0.45185185185185184 0.9588541666666667 0.41574074074074074 0.9609375 0.3972222222222222 0.9682291666666667 0.39166666666666666 0.98125 0.39166666666666666
1 0.9651041666666667 0.3037037037037037 0.9770833333333333 0.3111111111111111 0.9791666666666666 0.32222222222222224 0.9729166666666667 0.33796296296296297 0.9713541666666666 0.35185185185185186 0.9645833333333333 0.362962962962963 0.946875 0.3592592592592593 0.953125 0.3111111111111111 0.9557291666666666 0.3055555555555556 0.9645833333333333 0.3037037037037037
1 0.965625 0.3648148148148148 0.9755208333333333 0.37407407407407406 0.9765625 0.3861111111111111 0.9739583333333334 0.38981481481481484 0.965625 0.3907407407407407 0.9609375 0.39537037037037037 0.95 0.4537037037037037 0.940625 0.4722222222222222 0.9322916666666666 0.4675925925925926 0.925 0.4564814814814815 0.925 0.44537037037037036 0.9286458333333333 0.4287037037037037 0.9369791666666667 0.3990740740740741 0.9432291666666667 0.36574074074074076 0.9463541666666667 0.36203703703703705 0.9651041666666667 0.3648148148148148
1 0.8875 0.46296296296296297 0.8958333333333334 0.4675925925925926 0.8942708333333333 0.48055555555555557 0.8822916666666667 0.4962962962962963 0.88125 0.5009259259259259 0.8739583333333333 0.5074074074074074 0.8755208333333333 0.5148148148148148 0.8703125 0.5324074074074074 0.8572916666666667 0.5324074074074074 0.8473958333333333 0.5435185185185185 0.8380208333333333 0.5935185185185186 0.8317708333333333 0.5907407407407408 0.8291666666666667 0.5814814814814815 0.828125 0.5592592592592592 0.8317708333333333 0.5398148148148149 0.8390625 0.5222222222222223 0.85 0.5111111111111111 0.8541666666666666 0.5 0.8614583333333333 0.49166666666666664 0.8661458333333333 0.4759259259259259 0.8723958333333334 0.4685185185185185 0.8833333333333333 0.4675925925925926 0.8828125 0.4601851851851852 0.8869791666666667 0.46296296296296297
1 0.8942708333333333 0.5462962962962963 0.903125 0.5398148148148149 0.9135416666666667 0.5212962962962963 0.9161458333333333 0.5083333333333333 0.9213541666666667 0.5055555555555555 0.9244791666666666 0.5361111111111111 0.9229166666666667 0.5509259259259259 0.9286458333333333 0.5657407407407408 0.9307291666666667 0.5796296296296296 0.9291666666666667 0.6018518518518519 0.9161458333333333 0.6472222222222223 0.909375 0.6537037037037037 0.8916666666666667 0.6518518518518519 0.8901041666666667 0.649074074074074 0.890625 0.6333333333333333 0.9046875 0.5796296296296296 0.9041666666666667 0.5703703703703704 0.8942708333333333 0.5472222222222223
1 0.21979166666666666 0.16018518518518518 0.22447916666666667 0.1648148148148148 0.225 0.1814814814814815 0.23541666666666666 0.20925925925925926 0.24270833333333333 0.2722222222222222 0.24791666666666667 0.29814814814814816 0.24635416666666668 0.30277777777777776 0.2296875 0.30462962962962964 0.22135416666666666 0.30277777777777776 0.21197916666666666 0.24444444444444444 0.20885416666666667 0.21296296296296297 0.21302083333333333 0.18888888888888888 0.2109375 0.1648148148148148 0.21927083333333333 0.16018518518518518
1 0.19114583333333332 0.17037037037037037 0.19427083333333334 0.17314814814814813 0.19635416666666666 0.18333333333333332 0.2015625 0.18888888888888888 0.20520833333333333 0.19814814814814816 0.21927083333333333 0.3 0.21770833333333334 0.30462962962962964 0.19635416666666666 0.3074074074074074 0.1921875 0.30185185185185187 0.17760416666666667 0.20092592592592592 0.18125 0.18888888888888888 0.18125 0.17314814814814813 0.190625 0.17037037037037037
1 0.9947916666666666 0.3814814814814815 0.9994791666666667 0.3861111111111111 0.9947916666666666 0.38981481481481484 0.9994791666666667 0.39351851851851855 0.9994791666666667 0.44907407407407407 0.9973958333333334 0.45 0.9911458333333333 0.4685185185185185 0.9890625 0.48055555555555557 0.984375 0.48518518518518516 0.9776041666666667 0.48333333333333334 0.9958333333333333 0.4148148148148148 0.9927083333333333 0.4046296296296296 0.98125 0.3925925925925926 0.99375 0.3907407407407407 0.9942708333333333 0.3824074074074074