0 0.6515625 0.4064814814814815 0.6541666666666667 0.4101851851851852 0.6619791666666667 0.4425925925925926 0.66875 0.4527777777777778 0.6729166666666667 0.4685185185185185 0.6697916666666667 0.48333333333333334 0.6651041666666667 0.49074074074074076 0.6609375 0.4925925925925926 0.6526041666666667 0.49074074074074076 0.6458333333333334 0.46944444444444444 0.6473958333333333 0.4527777777777778 0.640625 0.41759259259259257 0.64375 0.4074074074074074 0.6510416666666666 0.4064814814814815
0 0.37916666666666665 0.21666666666666667 0.3885416666666667 0.21944444444444444 0.3890625 0.23055555555555557 0.3848958333333333 0.23425925925925925 0.375 0.22685185185185186 0.37447916666666664 0.2175925925925926 0.37864583333333335 0.21666666666666667
0 0.41822916666666665 0.38981481481481484 0.421875 0.39351851851851855 0.42552083333333335 0.42777777777777776 0.4317708333333333 0.44722222222222224 0.4296875 0.4583333333333333 0.425 0.46296296296296297 0.4171875 0.46296296296296297 0.4119791666666667 0.45092592592592595 0.41354166666666664 0.42592592592592593 0.4114583333333333 0.39814814814814814 0.4125 0.39351851851851855 0.41770833333333335 0.3907407407407407
0 0.565625 0.43796296296296294 0.5677083333333334 0.4546296296296296 0.5520833333333334 0.4638888888888889 0.5473958333333333 0.4601851851851852 0.5473958333333333 0.4527777777777778 0.5572916666666666 0.44351851851851853 0.5604166666666667 0.4361111111111111 0.5651041666666666 0.43796296296296294
0 0.5919270833333333 0.4356481481481482 0.016145833333333335 0.028703703703703703
0 0.36041666666666666 0.30833333333333335 0.3640625 0.31296296296296294 0.375 0.3527777777777778 0.3921875 0.39814814814814814 0.3927083333333333 0.4046296296296296 0.39114583333333336 0.4074074074074074 0.3859375 0.4074074074074074 0.38177083333333334 0.4009259259259259 0.3697916666666667 0.36666666666666664 0.36822916666666666 0.35462962962962963 0.353125 0.3212962962962963 0.35260416666666666 0.31666666666666665 0.35520833333333335 0.30833333333333335 0.35989583333333336 0.30833333333333335
0 0.5864583333333333 0.26851851851851855 0.5880208333333333 0.2712962962962963 0.5854166666666667 0.2824074074074074 0.5864583333333333 0.2972222222222222 0.5854166666666667 0.3037037037037037 0.5807291666666666 0.3101851851851852 0.5729166666666666 0.3074074074074074 0.5703125 0.3 0.5703125 0.2916666666666667 0.5739583333333333 0.2851851851851852 0.578125 0.26851851851851855 0.5859375 0.26851851851851855
0 0.409375 0.21296296296296297 0.41770833333333335 0.21851851851851853 0.425 0.21481481481481482 0.43072916666666666 0.21944444444444444 0.4317708333333333 0.23796296296296296 0.42604166666666665 0.24814814814814815 0.41354166666666664 0.2388888888888889 0.4015625 0.23425925925925925 0.3963541666666667 0.22777777777777777 0.3953125 0.21666666666666667 0.39739583333333334 0.21203703703703702 0.40208333333333335 0.2101851851851852 0.4088541666666667 0.21296296296296297
0 0.596875 0.3925925925925926 0.6005208333333333 0.4046296296296296 0.6 0.4148148148148148 0.5973958333333333 0.41944444444444445 0.5859375 0.42407407407407405 0.5723958333333333 0.43425925925925923 0.5661458333333333 0.42962962962962964 0.5651041666666666 0.4212962962962963 0.5666666666666667 0.41759259259259257 0.5838541666666667 0.4027777777777778 0.5901041666666667 0.38981481481481484 0.5963541666666666 0.3925925925925926
0 0.5802083333333333 0.2101851851851852 0.5848958333333333 0.21388888888888888 0.6078125 0.2111111111111111 0.6098958333333333 0.21388888888888888 0.6098958333333333 0.22592592592592592 0.6057291666666667 0.23333333333333334 0.5786458333333333 0.24166666666666667 0.5723958333333333 0.23425925925925925 0.571875 0.22314814814814815 0.575 0.2111111111111111 0.5796875 0.2101851851851852
0 0.6265625 0.2601851851851852 0.6229166666666667 0.25555555555555554 0.6177083333333333 0.22314814814814815 0.6234375 0.21666666666666667 0.6260416666666667 0.2175925925925926 0.628125 0.22407407407407406 0.63125 0.2518518518518518 0.6296875 0.25833333333333336 0.6270833333333333 0.25925925925925924
0 0.5447916666666667 0.1537037037037037 0.5822916666666667 0.14537037037037037 0.6354166666666666 0.1388888888888889 0.6432291666666666 0.13518518518518519 0.6473958333333333 0.12685185185185185 0.6515625 0.12777777777777777 0.6541666666666667 0.13240740740740742 0.6557291666666667 0.14351851851851852 0.6546875 0.15555555555555556 0.6515625 0.16111111111111112 0.6385416666666667 0.1574074074074074 0.5505208333333333 0.175 0.5442708333333334 0.17222222222222222 0.5447916666666667 0.15462962962962962
0 0.35885416666666664 0.1685185185185185 0.4192708333333333 0.18055555555555555 0.4192708333333333 0.19537037037037036 0.3515625 0.18055555555555555 0.3458333333333333 0.18518518518518517 0.34375 0.1814814814814815 0.3453125 0.16111111111111112 0.35 0.16111111111111112 0.3515625 0.1675925925925926 0.35833333333333334 0.1685185185185185
2 0.5921875 0.24166666666666667 0.5932291666666667 0.24814814814814815 0.5890625 0.25092592592592594 0.5848958333333333 0.2490740740740741 0.5838541666666667 0.24351851851851852 0.5864583333333333 0.24074074074074073 0.5916666666666667 0.24166666666666667
2 0.5463541666666667 0.2518518518518518 0.55 0.25833333333333336 0.546875 0.26296296296296295 0.5411458333333333 0.26296296296296295 0.5364583333333334 0.25833333333333336 0.5395833333333333 0.2518518518518518 0.5458333333333333 0.2518518518518518
2 0.4005208333333333 0.3537037037037037 0.40208333333333335 0.3592592592592593 0.39947916666666666 0.36203703703703705 0.3958333333333333 0.36203703703703705 0.39375 0.3574074074074074 0.39479166666666665 0.35462962962962963 0.4 0.3537037037037037
2 0.340625 0.32222222222222224 0.3453125 0.32685185185185184 0.3453125 0.3351851851851852 0.3421875 0.3398148148148148 0.33489583333333334 0.3425925925925926 0.3260416666666667 0.3398148148148148 0.32447916666666665 0.33055555555555555 0.33125 0.32222222222222224 0.34010416666666665 0.32222222222222224
2 0.39010416666666664 0.3277777777777778 0.39375 0.3314814814814815 0.39375 0.33796296296296297 0.38697916666666665 0.3425925925925926 0.3796875 0.3388888888888889 0.3796875 0.3333333333333333 0.38333333333333336 0.3287037037037037 0.38958333333333334 0.3277777777777778
2 0.4395833333333333 0.3685185185185185 0.4473958333333333 0.3731481481481482 0.45 0.38425925925925924 0.446875 0.39166666666666666 0.4375 0.3962962962962963 0.42864583333333334 0.39537037037037037 0.4239583333333333 0.38333333333333336 0.4276041666666667 0.3731481481481482 0.4390625 0.3685185185185185
2 0.5104166666666666 0.2638888888888889 0.5125 0.26851851851851855 0.509375 0.2712962962962963 0.5052083333333334 0.26944444444444443 0.5052083333333334 0.2657407407407407 0.5098958333333333 0.2638888888888889
2 0.35 0.24444444444444444 0.35208333333333336 0.2388888888888889 0.35572916666666665 0.2388888888888889 0.3567708333333333 0.24444444444444444 0.35052083333333334 0.24444444444444444
2 0.675 0.3685185185185185 0.6802083333333333 0.3712962962962963 0.6817708333333333 0.37962962962962965 0.671875 0.37962962962962965 0.6708333333333333 0.37222222222222223 0.6744791666666666 0.36944444444444446
2 0.49270833333333336 0.3435185185185185 0.49947916666666664 0.3472222222222222 0.5026041666666666 0.35462962962962963 0.5026041666666666 0.36018518518518516 0.5 0.36574074074074076 0.49166666666666664 0.37037037037037035 0.48020833333333335 0.36574074074074076 0.47708333333333336 0.35462962962962963 0.48333333333333334 0.34444444444444444 0.4921875 0.3435185185185185
2 0.56875 0.4083333333333333 0.5708333333333333 0.4148148148148148 0.5640625 0.4212962962962963 0.5614583333333333 0.4166666666666667 0.5619791666666667 0.4111111111111111 0.5682291666666667 0.4083333333333333
2 0.32447916666666665 0.4425925925925926 0.3302083333333333 0.45092592592592595 0.3302083333333333 0.46296296296296297 0.325 0.4703703703703704 0.3140625 0.475 0.3067708333333333 0.47314814814814815 0.3026041666666667 0.4685185185185185 0.3026041666666667 0.4527777777777778 0.3072916666666667 0.44537037037037036 0.31354166666666666 0.44166666666666665 0.32395833333333335 0.4425925925925926
2 0.35572916666666665 0.3 0.36041666666666666 0.3074074074074074 0.3546875 0.31203703703703706 0.35260416666666666 0.32314814814814813 0.3411458333333333 0.32222222222222224 0.3380208333333333 0.31296296296296294 0.3416666666666667 0.3037037037037037 0.3458333333333333 0.3 0.35520833333333335 0.3
2 0.6036458333333333 0.2518518518518518 0.6125 0.2574074074074074 0.6145833333333334 0.26481481481481484 0.6125 0.27037037037037037 0.6057291666666667 0.2740740740740741 0.5963541666666666 0.2722222222222222 0.5911458333333334 0.26296296296296295 0.5947916666666667 0.25462962962962965 0.603125 0.2518518518518518
2 0.5854166666666667 0.2638888888888889 0.5890625 0.26851851851851855 0.5880208333333333 0.27685185185185185 0.5848958333333333 0.2796296296296296 0.5838541666666667 0.27314814814814814 0.5802083333333333 0.2722222222222222 0.5744791666666667 0.28055555555555556 0.5703125 0.27314814814814814 0.5713541666666667 0.26481481481481484 0.5776041666666667 0.2611111111111111 0.5848958333333333 0.2638888888888889
2 0.4354166666666667 0.4 0.43645833333333334 0.40370370370370373 0.4322916666666667 0.4083333333333333 0.428125 0.4074074074074074 0.4265625 0.40370370370370373 0.42916666666666664 0.3990740740740741 0.4348958333333333 0.4
2 0.559375 0.2759259259259259 0.5635416666666667 0.2814814814814815 0.5640625 0.2898148148148148 0.5578125 0.2972222222222222 0.5463541666666667 0.2935185185185185 0.54375 0.2824074074074074 0.5494791666666666 0.275 0.5588541666666667 0.2759259259259259
2 0.5015625 0.3138888888888889 0.5072916666666667 0.3212962962962963 0.5083333333333333 0.3287037037037037 0.5052083333333334 0.33425925925925926 0.49895833333333334 0.33796296296296297 0.4869791666666667 0.33425925925925926 0.48333333333333334 0.3277777777777778 0.48333333333333334 0.32314814814814813 0.490625 0.3138888888888889 0.5010416666666667 0.3138888888888889
2 0.4739583333333333 0.24722222222222223 0.475 0.25462962962962965 0.4708333333333333 0.25833333333333336 0.4635416666666667 0.25555555555555554 0.4630208333333333 0.25 0.4666666666666667 0.24537037037037038 0.4734375 0.24722222222222223
2 0.5864583333333333 0.18055555555555555 0.5927083333333333 0.18425925925925926 0.5947916666666667 0.18888888888888888 0.5932291666666667 0.1962962962962963 0.5885416666666666 0.19907407407407407 0.58125 0.19814814814814816 0.5739583333333333 0.1925925925925926 0.5739583333333333 0.18611111111111112 0.5765625 0.1824074074074074 0.5859375 0.18055555555555555
2 0.571875 0.2361111111111111 0.5755208333333334 0.24074074074074073 0.5755208333333334 0.24444444444444444 0.5729166666666666 0.24722222222222223 0.5630208333333333 0.24444444444444444 0.5640625 0.23796296296296296 0.5713541666666667 0.2361111111111111
2 0.5994791666666667 0.3731481481481482 0.603125 0.3768518518518518 0.6015625 0.3824074074074074 0.5953125 0.38055555555555554 0.5953125 0.37592592592592594 0.5989583333333334 0.3731481481481482
1 0.17864583333333334 0.08703703703703704 0.18229166666666666 0.09074074074074075 0.184375 0.10185185185185185 0.19375 0.11574074074074074 0.20677083333333332 0.20925925925925926 0.20729166666666668 0.22314814814814815 0.19270833333333334 0.22777777777777777 0.18541666666666667 0.22777777777777777 0.18229166666666666 0.22314814814814815 0.165625 0.12314814814814815 0.16614583333333333 0.11481481481481481 0.16875 0.10833333333333334 0.16875 0.09166666666666666 0.178125 0.08703703703703704
1 0.9526041666666667 0.32407407407407407 0.9552083333333333 0.32685185185185184 0.9546875 0.3333333333333333 0.9395833333333333 0.3851851851851852 0.9348958333333334 0.3851851851851852 0.9255208333333333 0.375 0.9213541666666667 0.36574074074074076 0.9229166666666667 0.35555555555555557 0.940625 0.29074074074074074 0.9489583333333333 0.287962962962963 0.9515625 0.2898148148148148 0.9473958333333333 0.3111111111111111 0.9520833333333333 0.32407407407407407
1 0.8734375 0.4166666666666667 0.88125 0.4212962962962963 0.8916666666666667 0.4361111111111111 0.8921875 0.44537037037037036 0.8890625 0.46111111111111114 0.8984375 0.4740740740740741 0.9020833333333333 0.48518518518518516 0.9015625 0.49537037037037035 0.89375 0.5148148148148148 0.8885416666666667 0.5361111111111111 0.8838541666666667 0.5694444444444444 0.8786458333333333 0.5814814814814815 0.8744791666666667 0.5833333333333334 0.8588541666666667 0.5777777777777777 0.8447916666666667 0.5675925925925925 0.8307291666666666 0.5537037037037037 0.8270833333333333 0.5462962962962963 0.828125 0.5314814814814814 0.8401041666666667 0.49444444444444446 0.8473958333333333 0.4546296296296296 0.8557291666666667 0.44722222222222224 0.8697916666666666 0.44722222222222224 0.8744791666666667 0.4351851851851852 0.8744791666666667 0.42777777777777776 0.8708333333333333 0.4185185185185185 0.8729166666666667 0.4166666666666667
1 0.9817708333333334 0.30092592592592593 0.9994791666666667 0.3055555555555556 0.9994791666666667 0.35185185185185186 0.9911458333333333 0.37037037037037035 0.984375 0.39444444444444443 0.98125 0.3972222222222222 0.9770833333333333 0.3972222222222222 0.9760416666666667 0.39166666666666666 0.9942708333333333 0.32592592592592595 0.9921875 0.3175925925925926 0.9786458333333333 0.30277777777777776 0.98125 0.30092592592592593
1 0.9182291666666667 0.41759259259259257 0.9213541666666667 0.42407407407407405 0.921875 0.4648148148148148 0.9270833333333334 0.47962962962962963 0.928125 0.5 0.9145833333333333 0.5555555555555556 0.9078125 0.5657407407407408 0.8932291666666666 0.5657407407407408 0.8864583333333333 0.5611111111111111 0.8895833333333333 0.5351851851851852 0.9026041666666667 0.4925925925925926 0.9015625 0.48148148148148145 0.8927083333333333 0.46111111111111114 0.9005208333333333 0.4537037037037037 0.9119791666666667 0.43333333333333335 0.9145833333333333 0.4203703703703704 0.9177083333333333 0.41759259259259257
1 0.8609375 0.4111111111111111 0.8697916666666666 0.4148148148148148 0.8723958333333334 0.43796296296296294 0.8692708333333333 0.44537037037037036 0.8546875 0.4462962962962963 0.846875 0.4546296296296296 0.8348958333333333 0.5083333333333333 0.8302083333333333 0.5064814814814815 0.8276041666666667 0.5009259259259259 0.8265625 0.48148148148148145 0.828125 0.4601851851851852 0.8380208333333333 0.4351851851851852 0.8473958333333333 0.42777777777777776 0.8526041666666667 0.4148148148148148 0.8604166666666667 0.4111111111111111
1 0.2109375 0.07777777777777778 0.22395833333333334 0.12685185185185185 0.23072916666666668 0.1675925925925926 0.23229166666666667 0.19444444444444445 0.23645833333333333 0.21851851851851853 0.23541666666666666 0.22314814814814815 0.21666666666666667 0.22592592592592592 0.21197916666666666 0.225 0.20885416666666667 0.21574074074074073 0.20104166666666667 0.1638888888888889 0.20052083333333334 0.14537037037037037 0.19791666666666666 0.13518518518518519 0.19791666666666666 0.12129629629629629 0.20104166666666667 0.10740740740740741 0.19895833333333332 0.08055555555555556 0.203125 0.07685185185185185 0.21041666666666667 0.07777777777777778
1 0.9739583333333334 0.30092592592592593 0.9911458333333333 0.31574074074074077 0.9932291666666667 0.3287037037037037 0.9760416666666667 0.3907407407407407 0.9713541666666666 0.3990740740740741 0.9682291666666667 0.412962962962963 0.9625 0.4185185185185185 0.9567708333333333 0.4185185185185185 0.9453125 0.4111111111111111 0.9416666666666667 0.40555555555555556 0.9395833333333333 0.3962962962962963 0.9442708333333333 0.3675925925925926 0.95 0.3527777777777778 0.9557291666666666 0.3277777777777778 0.9677083333333333 0.3037037037037037 0.9734375 0.30092592592592593