0 0.6354166666666666 0.175 0.6447916666666667 0.1824074074074074 0.6473958333333333 0.18796296296296297 0.6479166666666667 0.20092592592592592 0.64375 0.20833333333333334 0.6375 0.2064814814814815 0.6296875 0.18425925925925926 0.6296875 0.17777777777777778 0.6348958333333333 0.175
0 0.6078125 0.15092592592592594 0.027083333333333334 0.025925925925925925
0 0.6520833333333333 0.2824074074074074 0.7338541666666667 0.3824074074074074 0.7453125 0.38333333333333336 0.7479166666666667 0.3888888888888889 0.7479166666666667 0.4064814814814815 0.740625 0.4212962962962963 0.734375 0.42407407407407405 0.7286458333333333 0.4185185185185185 0.7244791666666667 0.40185185185185185 0.7182291666666667 0.39166666666666666 0.6489583333333333 0.3101851851851852 0.6432291666666666 0.2972222222222222 0.6432291666666666 0.2898148148148148 0.6463541666666667 0.28425925925925927 0.6515625 0.2824074074074074
0 0.5536458333333333 0.1962962962962963 0.5598958333333334 0.19907407407407407 0.571875 0.1962962962962963 0.5739583333333333 0.19907407407407407 0.5744791666666667 0.21481481481481482 0.5697916666666667 0.22592592592592592 0.5588541666666667 0.21944444444444444 0.5395833333333333 0.21388888888888888 0.5385416666666667 0.2 0.5401041666666667 0.19537037037037036 0.553125 0.1962962962962963
0 0.42630208333333336 0.17175925925925925 0.013020833333333334 0.019444444444444445
0 0.35208333333333336 0.37037037037037035 0.35625 0.3731481481481482 0.35572916666666665 0.3824074074074074 0.33229166666666665 0.4564814814814815 0.328125 0.4824074074074074 0.32447916666666665 0.4861111111111111 0.3182291666666667 0.48333333333333334 0.3151041666666667 0.4777777777777778 0.3151041666666667 0.4703703703703704 0.321875 0.4601851851851852 0.3453125 0.38333333333333336 0.3515625 0.3712962962962963
0 0.4822916666666667 0.15092592592592594 0.4864583333333333 0.1537037037037037 0.4890625 0.16018518518518518 0.5197916666666667 0.15833333333333333 0.5229166666666667 0.16111111111111112 0.5229166666666667 0.16666666666666666 0.521875 0.17407407407407408 0.5192708333333333 0.17777777777777778 0.4901041666666667 0.18055555555555555 0.48489583333333336 0.18888888888888888 0.4817708333333333 0.18981481481481483 0.47708333333333336 0.18518518518518517 0.4739583333333333 0.15833333333333333 0.4817708333333333 0.15092592592592594
0 0.5380208333333333 0.29907407407407405 0.5401041666666667 0.30462962962962964 0.5442708333333334 0.3055555555555556 0.5770833333333333 0.3074074074074074 0.5796875 0.31203703703703706 0.5796875 0.32037037037037036 0.578125 0.325 0.5427083333333333 0.32314814814814813 0.5369791666666667 0.33055555555555555 0.5328125 0.3287037037037037 0.5322916666666667 0.3074074074074074 0.5333333333333333 0.29907407407407405 0.5375 0.29907407407407405
0 0.5723958333333333 0.3314814814814815 0.578125 0.3398148148148148 0.5791666666666667 0.35462962962962963 0.5744791666666667 0.3638888888888889 0.5484375 0.3888888888888889 0.5427083333333333 0.3851851851851852 0.540625 0.3768518518518518 0.5411458333333333 0.36944444444444446 0.5583333333333333 0.3472222222222222 0.565625 0.3314814814814815 0.571875 0.3314814814814815
0 0.5354166666666667 0.14814814814814814 0.5572916666666666 0.15092592592592594 0.5708333333333333 0.14814814814814814 0.5729166666666666 0.15185185185185185 0.5729166666666666 0.16111111111111112 0.5708333333333333 0.16574074074074074 0.5640625 0.16111111111111112 0.5020833333333333 0.1574074074074074 0.5005208333333333 0.15462962962962962 0.5015625 0.14537037037037037 0.5348958333333333 0.14814814814814814
0 0.6135416666666667 0.30185185185185187 0.6166666666666667 0.3 0.6197916666666666 0.3055555555555556 0.6291666666666667 0.30925925925925923 0.6307291666666667 0.31296296296296294 0.6302083333333334 0.31851851851851853 0.6265625 0.32037037037037036 0.6125 0.3175925925925926 0.6135416666666667 0.30277777777777776
0 0.4578125 0.19537037037037036 0.45989583333333334 0.20462962962962963 0.4588541666666667 0.21203703703703702 0.4390625 0.21666666666666667 0.4328125 0.21296296296296297 0.4317708333333333 0.20925925925925926 0.43333333333333335 0.20462962962962963 0.45 0.20092592592592592 0.45729166666666665 0.19537037037037036
0 0.48489583333333336 0.14351851851851852 0.4875 0.14629629629629629 0.4875 0.1574074074074074 0.48072916666666665 0.15092592592592594 0.48072916666666665 0.14722222222222223 0.484375 0.14351851851851852
2 0.5640625 0.24537037037037038 0.5661458333333333 0.24722222222222223 0.565625 0.2518518518518518 0.559375 0.25 0.5598958333333334 0.2462962962962963 0.5635416666666667 0.24537037037037038
2 0.5994791666666667 0.27870370370370373 0.6026041666666667 0.28703703703703703 0.5984375 0.2916666666666667 0.5916666666666667 0.2898148148148148 0.5895833333333333 0.2824074074074074 0.5927083333333333 0.2777777777777778 0.5989583333333334 0.27870370370370373
2 0.5161458333333333 0.27037037037037037 0.5197916666666667 0.2759259259259259 0.5203125 0.2824074074074074 0.5125 0.29074074074074074 0.49895833333333334 0.28888888888888886 0.496875 0.2861111111111111 0.496875 0.2777777777777778 0.4984375 0.2722222222222222 0.503125 0.26851851851851855 0.5109375 0.2675925925925926 0.515625 0.27037037037037037
2 0.48854166666666665 0.23148148148148148 0.49166666666666664 0.23333333333333334 0.4942708333333333 0.24074074074074073 0.4895833333333333 0.24722222222222223 0.4796875 0.2462962962962963 0.47604166666666664 0.23796296296296296 0.48072916666666665 0.23148148148148148 0.48802083333333335 0.23148148148148148
2 0.49635416666666665 0.28425925925925927 0.49895833333333334 0.2861111111111111 0.4979166666666667 0.29074074074074074 0.4921875 0.28888888888888886 0.49166666666666664 0.2861111111111111 0.49583333333333335 0.28425925925925927
2 0.4713541666666667 0.3296296296296296 0.47760416666666666 0.3333333333333333 0.48072916666666665 0.3435185185185185 0.47708333333333336 0.35185185185185186 0.46979166666666666 0.35555555555555557 0.459375 0.35185185185185186 0.45625 0.3398148148148148 0.4635416666666667 0.33055555555555555 0.4708333333333333 0.3296296296296296
2 0.4239583333333333 0.36018518518518516 0.42864583333333334 0.36574074074074076 0.42864583333333334 0.37777777777777777 0.42552083333333335 0.3824074074074074 0.41875 0.3851851851851852 0.40677083333333336 0.3814814814814815 0.4041666666666667 0.37037037037037035 0.4114583333333333 0.3611111111111111 0.4234375 0.36018518518518516
2 0.3859375 0.2037037037037037 0.39114583333333336 0.21296296296296297 0.3890625 0.21944444444444444 0.38333333333333336 0.22314814814814815 0.37604166666666666 0.2222222222222222 0.3729166666666667 0.21944444444444444 0.37135416666666665 0.21296296296296297 0.37604166666666666 0.20462962962962963 0.3854166666666667 0.2037037037037037
2 0.39947916666666666 0.30925925925925923 0.4041666666666667 0.3138888888888889 0.40520833333333334 0.32407407407407407 0.4010416666666667 0.3314814814814815 0.3958333333333333 0.33425925925925926 0.38385416666666666 0.3314814814814815 0.38177083333333334 0.3277777777777778 0.38125 0.3194444444444444 0.38697916666666665 0.3111111111111111 0.39895833333333336 0.30925925925925923
2 0.3984375 0.3416666666666667 0.39895833333333336 0.3490740740740741 0.39427083333333335 0.3527777777777778 0.39010416666666664 0.3509259259259259 0.38958333333333334 0.3425925925925926 0.3932291666666667 0.3398148148148148 0.39791666666666664 0.3416666666666667
2 0.4265625 0.20833333333333334 0.43020833333333336 0.21296296296296297 0.43020833333333336 0.21666666666666667 0.4270833333333333 0.22314814814814815 0.42291666666666666 0.225 0.4119791666666667 0.22314814814814815 0.4088541666666667 0.21574074074074073 0.4114583333333333 0.20925925925925926 0.41458333333333336 0.2074074074074074 0.42604166666666665 0.20833333333333334
2 0.39427083333333335 0.2833333333333333 0.39895833333333336 0.2861111111111111 0.4015625 0.2962962962962963 0.39791666666666664 0.30462962962962964 0.39166666666666666 0.3074074074074074 0.3848958333333333 0.3074074074074074 0.3796875 0.3037037037037037 0.378125 0.29259259259259257 0.38385416666666666 0.2851851851851852 0.39375 0.2833333333333333
2 0.5932291666666667 0.18055555555555555 0.5989583333333334 0.18425925925925926 0.6010416666666667 0.18888888888888888 0.5994791666666667 0.1962962962962963 0.5942708333333333 0.19907407407407407 0.5848958333333333 0.19722222222222222 0.5796875 0.18888888888888888 0.584375 0.1814814814814815 0.5927083333333333 0.18055555555555555
2 0.503125 0.3925925925925926 0.5083333333333333 0.3990740740740741 0.5088541666666667 0.4083333333333333 0.5015625 0.4148148148148148 0.49114583333333334 0.41203703703703703 0.48854166666666665 0.40185185185185185 0.49322916666666666 0.39351851851851855 0.5026041666666666 0.3925925925925926
2 0.46875 0.31851851851851853 0.47291666666666665 0.32407407407407407 0.47291666666666665 0.3277777777777778 0.4708333333333333 0.3296296296296296 0.4625 0.3277777777777778 0.4635416666666667 0.32037037037037036 0.46822916666666664 0.31851851851851853
2 0.45859375 0.45601851851851855 0.011979166666666667 0.01574074074074074
2 0.5671875 0.17592592592592593 0.5713541666666667 0.17777777777777778 0.5723958333333333 0.18518518518518517 0.5697916666666667 0.18796296296296297 0.5619791666666667 0.18518518518518517 0.5614583333333333 0.17962962962962964 0.5666666666666667 0.17685185185185184
2 0.6109375 0.24351851851851852 0.6135416666666667 0.25092592592592594 0.609375 0.25555555555555554 0.6020833333333333 0.25277777777777777 0.6010416666666667 0.2462962962962963 0.6041666666666666 0.24259259259259258 0.6104166666666667 0.24351851851851852
1 0.190625 0.09074074074074075 0.19427083333333334 0.10462962962962963 0.20416666666666666 0.12037037037037036 0.20677083333333332 0.13518518518518519 0.20833333333333334 0.1685185185185185 0.21822916666666667 0.22314814814814815 0.2140625 0.22685185185185186 0.1984375 0.22870370370370371 0.19322916666666667 0.22870370370370371 0.19114583333333332 0.225 0.18697916666666667 0.18796296296296297 0.18229166666666666 0.1685185185185185 0.17552083333333332 0.12314814814814815 0.17864583333333334 0.1111111111111111 0.17864583333333334 0.09351851851851851 0.1828125 0.08981481481481482 0.19010416666666666 0.09074074074074075
1 0.965625 0.2111111111111111 0.9692708333333333 0.21481481481481482 0.9692708333333333 0.21944444444444444 0.9427083333333334 0.26944444444444443 0.9401041666666666 0.26851851851851855 0.9489583333333333 0.21388888888888888 0.9552083333333333 0.20925925925925926 0.9651041666666667 0.2111111111111111
1 0.9182291666666667 0.4046296296296296 0.9213541666666667 0.412962962962963 0.9213541666666667 0.45 0.9270833333333334 0.4666666666666667 0.9286458333333333 0.4777777777777778 0.9255208333333333 0.4981481481481482 0.9151041666666667 0.5398148148148149 0.9114583333333334 0.5462962962962963 0.9052083333333333 0.55 0.8875 0.5462962962962963 0.8791666666666667 0.5388888888888889 0.8697916666666666 0.524074074074074 0.86875 0.5120370370370371 0.8723958333333334 0.5018518518518519 0.8760416666666667 0.47685185185185186 0.8822916666666667 0.4564814814814815 0.8859375 0.45092592592592595 0.9020833333333333 0.44074074074074077 0.9052083333333333 0.43148148148148147 0.9125 0.4203703703703704 0.9145833333333333 0.4083333333333333 0.9177083333333333 0.40555555555555556
1 0.9354166666666667 0.5462962962962963 0.9442708333333333 0.5212962962962963 0.9458333333333333 0.5009259259259259 0.9484375 0.4925925925925926 0.9536458333333333 0.48703703703703705 0.9651041666666667 0.4824074074074074 0.9713541666666666 0.4759259259259259 0.9739583333333334 0.46944444444444444 0.9765625 0.4666666666666667 0.9776041666666667 0.4685185185185185 0.9770833333333333 0.4898148148148148 0.9703125 0.5444444444444444 0.9546875 0.6268518518518519 0.9489583333333333 0.6333333333333333 0.9375 0.6305555555555555 0.9286458333333333 0.6240740740740741 0.9229166666666667 0.6101851851851852 0.9213541666666667 0.5907407407407408 0.9286458333333333 0.5638888888888889 0.9354166666666667 0.5472222222222223
1 0.2265625 0.1527777777777778 0.03854166666666667 0.14629629629629629
1 0.8645833333333334 0.36666666666666664 0.8958333333333334 0.36666666666666664 0.8973958333333333 0.37222222222222223 0.88125 0.3861111111111111 0.8828125 0.40555555555555556 0.8796875 0.4462962962962963 0.878125 0.4638888888888889 0.8739583333333333 0.47685185185185186 0.8630208333333333 0.4981481481481482 0.8484375 0.5037037037037037 0.8375 0.4981481481481482 0.8307291666666666 0.487962962962963 0.8286458333333333 0.4648148148148148 0.83125 0.44351851851851853 0.8375 0.4287037037037037 0.8489583333333334 0.41574074074074074 0.8557291666666667 0.4009259259259259 0.8619791666666666 0.3962962962962963 0.8645833333333334 0.387037037037037 0.8645833333333334 0.3675925925925926