0 0.615625 0.3574074074074074 0.6203125 0.35833333333333334 0.6213541666666667 0.36574074074074076 0.6098958333333333 0.3731481481481482 0.60625 0.37222222222222223 0.6057291666666667 0.36574074074074076 0.6078125 0.35833333333333334 0.6151041666666667 0.35833333333333334
0 0.553125 0.5583333333333333 0.5567708333333333 0.5638888888888889 0.55625 0.5740740740740741 0.5421875 0.5962962962962963 0.5385416666666667 0.6083333333333333 0.534375 0.612037037037037 0.5260416666666666 0.6083333333333333 0.5234375 0.5990740740740741 0.5244791666666667 0.5898148148148148 0.5276041666666667 0.5833333333333334 0.5401041666666667 0.575 0.5526041666666667 0.5583333333333333
0 0.5927083333333333 0.5648148148148148 0.6098958333333333 0.5712962962962963 0.6078125 0.5777777777777777 0.603125 0.5814814814814815 0.5890625 0.5796296296296296 0.5880208333333333 0.5657407407407408 0.5921875 0.5648148148148148
0 0.5885416666666666 0.6425925925925926 0.5921875 0.6518518518518519 0.5927083333333333 0.6685185185185185 0.5848958333333333 0.6777777777777778 0.5817708333333333 0.6777777777777778 0.5760416666666667 0.6712962962962963 0.5557291666666667 0.6712962962962963 0.5505208333333333 0.6657407407407407 0.55 0.6574074074074074 0.5546875 0.65 0.5739583333333333 0.649074074074074 0.5828125 0.6398148148148148 0.5880208333333333 0.6425925925925926
0 0.6015625 0.5777777777777777 0.6182291666666667 0.5675925925925925 0.6192708333333333 0.5731481481481482 0.6166666666666667 0.5814814814814815 0.5869791666666667 0.6212962962962963 0.5776041666666667 0.6398148148148148 0.5729166666666666 0.637962962962963 0.5729166666666666 0.6240740740740741 0.5953125 0.5962962962962963 0.6026041666666667 0.5833333333333334 0.6020833333333333 0.5787037037037037
0 0.5755208333333334 0.35555555555555557 0.5927083333333333 0.3398148148148148 0.5984375 0.3398148148148148 0.6010416666666667 0.34629629629629627 0.5984375 0.35833333333333334 0.5854166666666667 0.3814814814814815 0.5796875 0.38055555555555554 0.575 0.3731481481481482 0.5739583333333333 0.36018518518518516 0.5755208333333334 0.35648148148148145
0 0.6359375 0.6083333333333333 0.6432291666666666 0.6185185185185185 0.64375 0.6333333333333333 0.6338541666666667 0.6425925925925926 0.6296875 0.65 0.6151041666666667 0.6814814814814815 0.609375 0.700925925925926 0.596875 0.7222222222222222 0.5916666666666667 0.7388888888888889 0.5880208333333333 0.7435185185185185 0.5838541666666667 0.7435185185185185 0.5807291666666666 0.7388888888888889 0.5807291666666666 0.7268518518518519 0.5921875 0.7037037037037037 0.596875 0.6888888888888889 0.6125 0.6638888888888889 0.6223958333333334 0.6416666666666667 0.6276041666666666 0.6148148148148148 0.6354166666666666 0.6083333333333333
0 0.5338541666666666 0.4703703703703704 0.5458333333333333 0.4777777777777778 0.5520833333333334 0.47685185185185186 0.5572916666666666 0.48055555555555557 0.559375 0.48518518518518516 0.559375 0.4981481481481482 0.5536458333333333 0.5092592592592593 0.5494791666666666 0.5092592592592593 0.5255208333333333 0.4888888888888889 0.5239583333333333 0.48055555555555557 0.525 0.475 0.5286458333333334 0.4703703703703704 0.5333333333333333 0.4703703703703704
0 0.6265625 0.4777777777777778 0.6307291666666667 0.48518518518518516 0.6302083333333334 0.4962962962962963 0.6140625 0.5074074074074074 0.6088541666666667 0.5037037037037037 0.6088541666666667 0.49722222222222223 0.6203125 0.4787037037037037 0.6260416666666667 0.4777777777777778
2 0.5921875 0.3712962962962963 0.59375 0.3925925925925926 0.5895833333333333 0.40185185185185185 0.584375 0.3972222222222222 0.5828125 0.38333333333333336 0.5916666666666667 0.3712962962962963
2 0.5255208333333333 0.22870370370370371 0.5296875 0.24259259259259258 0.5291666666666667 0.25555555555555554 0.5260416666666666 0.2638888888888889 0.5203125 0.2611111111111111 0.5171875 0.24722222222222223 0.5177083333333333 0.23148148148148148 0.5213541666666667 0.22685185185185186 0.525 0.22870370370370371
2 0.6067708333333334 0.26481481481481484 0.6098958333333333 0.26851851851851855 0.6114583333333333 0.2759259259259259 0.6109375 0.28888888888888886 0.6067708333333334 0.2953703703703704 0.6041666666666666 0.29259259259259257 0.6015625 0.2814814814814815 0.6026041666666667 0.26944444444444443 0.60625 0.26481481481481484
2 0.6630208333333333 0.5333333333333333 0.6666666666666666 0.5453703703703704 0.665625 0.5583333333333333 0.6630208333333333 0.562037037037037 0.6583333333333333 0.5592592592592592 0.6567708333333333 0.5472222222222223 0.6588541666666666 0.5342592592592592 0.6625 0.5333333333333333
2 0.45729166666666665 0.046296296296296294 0.46041666666666664 0.05462962962962963 0.45989583333333334 0.06481481481481481 0.4578125 0.06851851851851852 0.453125 0.06481481481481481 0.4515625 0.053703703703703705 0.45364583333333336 0.04537037037037037 0.45677083333333335 0.046296296296296294
2 0.4609375 0.43657407407407406 0.00625 0.01574074074074074
2 0.471875 0.8203703703703704 0.47552083333333334 0.8240740740740741 0.47760416666666666 0.8379629629629629 0.4734375 0.8629629629629629 0.46770833333333334 0.8722222222222222 0.4640625 0.8722222222222222 0.46041666666666664 0.8675925925925926 0.4583333333333333 0.8472222222222222 0.4630208333333333 0.825 0.4666666666666667 0.8203703703703704 0.4713541666666667 0.8203703703703704
2 0.6140625 0.7861111111111111 0.6161458333333333 0.7916666666666666 0.6166666666666667 0.8055555555555556 0.6145833333333334 0.8185185185185185 0.6114583333333333 0.8240740740740741 0.6083333333333333 0.8240740740740741 0.60625 0.8203703703703704 0.6046875 0.8 0.6088541666666667 0.7851851851851852 0.6135416666666667 0.7861111111111111
2 0.546875 0.7564814814814815 0.5484375 0.7712962962962963 0.54375 0.7805555555555556 0.540625 0.7768518518518519 0.5395833333333333 0.7675925925925926 0.5421875 0.7564814814814815 0.5463541666666667 0.7564814814814815
2 0.5875 0.7842592592592592 0.5916666666666667 0.7888888888888889 0.5932291666666667 0.799074074074074 0.5916666666666667 0.8185185185185185 0.5875 0.8268518518518518 0.5828125 0.825 0.5807291666666666 0.812962962962963 0.5822916666666667 0.7925925925925926 0.5869791666666667 0.7842592592592592
2 0.49166666666666664 0.5185185185185185 0.496875 0.5287037037037037 0.4979166666666667 0.5416666666666666 0.4953125 0.5583333333333333 0.4901041666666667 0.5666666666666667 0.48489583333333336 0.5648148148148148 0.4817708333333333 0.5583333333333333 0.4791666666666667 0.5398148148148149 0.4822916666666667 0.524074074074074 0.4869791666666667 0.5175925925925926 0.49114583333333334 0.5185185185185185
2 0.6635416666666667 0.8148148148148148 0.6645833333333333 0.8296296296296296 0.6630208333333333 0.8333333333333334 0.6588541666666666 0.8305555555555556 0.6583333333333333 0.8240740740740741 0.659375 0.8166666666666667 0.6630208333333333 0.8148148148148148
2 0.6526041666666667 0.5166666666666667 0.6552083333333333 0.5259259259259259 0.6552083333333333 0.5370370370370371 0.6536458333333334 0.5462962962962963 0.6510416666666666 0.55 0.646875 0.5462962962962963 0.6458333333333334 0.525 0.6489583333333333 0.5157407407407407 0.6520833333333333 0.5166666666666667
2 0.5729166666666666 0.7388888888888889 0.5776041666666667 0.7379629629629629 0.5796875 0.7444444444444445 0.5786458333333333 0.7555555555555555 0.575 0.7611111111111111 0.5713541666666667 0.7537037037037037 0.5729166666666666 0.7398148148148148
2 0.5416666666666666 0.21944444444444444 0.546875 0.22592592592592592 0.5494791666666666 0.23703703703703705 0.5494791666666666 0.25277777777777777 0.546875 0.26296296296296295 0.54375 0.2657407407407407 0.5395833333333333 0.26296296296296295 0.5354166666666667 0.2490740740740741 0.5348958333333333 0.23055555555555557 0.5375 0.2222222222222222 0.5411458333333333 0.22037037037037038
1 0.6130208333333333 0.9481481481481482 0.6276041666666666 0.9574074074074074 0.6630208333333333 0.9703703703703703 0.6786458333333333 0.9888888888888889 0.6880208333333333 0.9898148148148148 0.690625 0.9990740740740741 0.61875 0.9990740740740741 0.6104166666666667 0.9953703703703703 0.6098958333333333 0.9574074074074074 0.6104166666666667 0.950925925925926 0.6125 0.9481481481481482
1 0.6466145833333333 1.035648148148148 0.07760416666666667 0.075