0 0.45989583333333334 0.7527777777777778 0.4734375 0.762962962962963 0.4828125 0.7601851851851852 0.4947916666666667 0.7722222222222223 0.4947916666666667 0.7944444444444444 0.48541666666666666 0.8083333333333333 0.47708333333333336 0.8055555555555556 0.46770833333333334 0.7888888888888889 0.4479166666666667 0.7722222222222223 0.446875 0.7620370370370371 0.45 0.7527777777777778 0.459375 0.7527777777777778
0 0.34322916666666664 0.27685185185185185 0.346875 0.2796296296296296 0.35052083333333334 0.2935185185185185 0.35 0.30092592592592593 0.3463541666666667 0.30462962962962964 0.3411458333333333 0.30092592592592593 0.340625 0.27870370370370373 0.34270833333333334 0.27685185185185185
0 0.4479166666666667 0.3435185185185185 0.4583333333333333 0.3472222222222222 0.47239583333333335 0.34444444444444444 0.47708333333333336 0.3490740740740741 0.4791666666666667 0.3537037037037037 0.4791666666666667 0.3675925925925926 0.4765625 0.37592592592592594 0.471875 0.37962962962962965 0.4671875 0.37777777777777777 0.459375 0.3685185185185185 0.4401041666666667 0.36203703703703705 0.43802083333333336 0.35555555555555557 0.4401041666666667 0.3453703703703704 0.4473958333333333 0.3435185185185185
0 0.47552083333333334 0.5842592592592593 0.4791666666666667 0.5879629629629629 0.4796875 0.5935185185185186 0.4744791666666667 0.6212962962962963 0.46510416666666665 0.6175925925925926 0.4640625 0.6083333333333333 0.46822916666666664 0.6027777777777777 0.47291666666666665 0.5861111111111111 0.475 0.5842592592592593
0 0.4671875 0.65 0.4713541666666667 0.6574074074074074 0.4713541666666667 0.6657407407407407 0.4671875 0.6731481481481482 0.45989583333333334 0.6777777777777778 0.45625 0.6759259259259259 0.4557291666666667 0.6685185185185185 0.46197916666666666 0.6509259259259259 0.4666666666666667 0.65
0 0.39947916666666666 0.23981481481481481 0.41822916666666665 0.26666666666666666 0.425 0.26944444444444443 0.44427083333333334 0.29074074074074074 0.4479166666666667 0.29814814814814816 0.4479166666666667 0.3074074074074074 0.44635416666666666 0.3101851851851852 0.4427083333333333 0.30925925925925923 0.40260416666666665 0.2638888888888889 0.39479166666666665 0.25925925925925924 0.39166666666666666 0.25092592592592594 0.39166666666666666 0.24444444444444444 0.396875 0.2388888888888889 0.39895833333333336 0.23981481481481481
0 0.3885416666666667 0.6268518518518519 0.3932291666666667 0.6361111111111111 0.3921875 0.6481481481481481 0.3880208333333333 0.6537037037037037 0.3776041666666667 0.6527777777777778 0.37395833333333334 0.6574074074074074 0.3703125 0.6564814814814814 0.3692708333333333 0.6527777777777778 0.3697916666666667 0.6398148148148148 0.37916666666666665 0.6324074074074074 0.3828125 0.6259259259259259 0.3880208333333333 0.6268518518518519
0 0.34375 0.3148148148148148 0.3494791666666667 0.32222222222222224 0.353125 0.3472222222222222 0.35833333333333334 0.36574074074074076 0.3572916666666667 0.37407407407407406 0.35052083333333334 0.38055555555555554 0.3421875 0.37777777777777777 0.33958333333333335 0.3675925925925926 0.3416666666666667 0.35462962962962963 0.33697916666666666 0.32407407407407407 0.3390625 0.31666666666666665 0.34322916666666664 0.3148148148148148
0 0.4578125 0.6166666666666667 0.46197916666666666 0.6203703703703703 0.4630208333333333 0.6296296296296297 0.45729166666666665 0.6537037037037037 0.4552083333333333 0.6722222222222223 0.4505208333333333 0.6796296296296296 0.44635416666666666 0.6796296296296296 0.4401041666666667 0.674074074074074 0.4375 0.6638888888888889 0.4453125 0.65 0.45364583333333336 0.6194444444444445 0.45729166666666665 0.6166666666666667
0 0.3494791666666667 0.6287037037037037 0.3546875 0.6407407407407407 0.35 0.6888888888888889 0.3458333333333333 0.6962962962962963 0.3390625 0.6962962962962963 0.3375 0.6925925925925925 0.3390625 0.6518518518518519 0.33645833333333336 0.6388888888888888 0.340625 0.6305555555555555 0.3489583333333333 0.6287037037037037
0 0.3463541666666667 0.7101851851851851 0.3625 0.7194444444444444 0.3651041666666667 0.725925925925926 0.3640625 0.7314814814814815 0.36041666666666666 0.7342592592592593 0.3416666666666667 0.725925925925926 0.3411458333333333 0.7166666666666667 0.3458333333333333 0.7101851851851851
0 0.30520833333333336 0.5805555555555556 0.3140625 0.5787037037037037 0.3171875 0.5833333333333334 0.3072916666666667 0.7472222222222222 0.309375 0.7703703703703704 0.30625 0.7759259259259259 0.29583333333333334 0.7768518518518519 0.290625 0.7703703703703704 0.29010416666666666 0.7638888888888888 0.2947916666666667 0.7555555555555555 0.296875 0.7416666666666667 0.30052083333333335 0.6472222222222223 0.30520833333333336 0.5814814814814815
0 0.32083333333333336 0.22314814814814815 0.3229166666666667 0.22685185185185186 0.3203125 0.23703703703703705 0.32864583333333336 0.3537037037037037 0.328125 0.35833333333333334 0.32395833333333335 0.3592592592592593 0.3203125 0.3574074074074074 0.31354166666666666 0.24166666666666667 0.31302083333333336 0.23703703703703705 0.309375 0.23425925925925925 0.3098958333333333 0.225 0.3203125 0.22314814814814815
2 0.35833333333333334 0.6509259259259259 0.35989583333333336 0.6574074074074074 0.35833333333333334 0.6666666666666666 0.35572916666666665 0.6666666666666666 0.3541666666666667 0.662962962962963 0.3546875 0.6518518518518519 0.3578125 0.6509259259259259
2 0.3619791666666667 0.5666666666666667 0.3640625 0.5657407407407408 0.36666666666666664 0.5740740740740741 0.36614583333333334 0.587037037037037 0.3640625 0.5898148148148148 0.3619791666666667 0.5879629629629629 0.35989583333333336 0.5796296296296296 0.3619791666666667 0.5675925925925925
2 0.42083333333333334 0.31203703703703706 0.42239583333333336 0.31574074074074077 0.42083333333333334 0.32685185185185184 0.41770833333333335 0.32407407407407407 0.41822916666666665 0.3138888888888889 0.4203125 0.31203703703703706
2 0.4078125 0.18888888888888888 0.4109375 0.19537037037037036 0.4114583333333333 0.2074074074074074 0.409375 0.2222222222222222 0.40520833333333334 0.22685185185185186 0.4005208333333333 0.2212962962962963 0.39947916666666666 0.20555555555555555 0.403125 0.19074074074074074 0.40729166666666666 0.18888888888888888
2 0.409375 0.28703703703703703 0.4114583333333333 0.3 0.4088541666666667 0.31203703703703706 0.40520833333333334 0.31203703703703706 0.403125 0.3055555555555556 0.4046875 0.2898148148148148 0.4088541666666667 0.28703703703703703
2 0.434375 0.36574074074074076 0.4375 0.3675925925925926 0.44166666666666665 0.37777777777777777 0.4390625 0.4064814814814815 0.43645833333333334 0.4111111111111111 0.4322916666666667 0.41203703703703703 0.4265625 0.4 0.4276041666666667 0.37592592592592594 0.43125 0.3675925925925926 0.43385416666666665 0.36666666666666664
2 0.3703125 0.5101851851851852 0.37135416666666665 0.5175925925925926 0.3697916666666667 0.5231481481481481 0.3671875 0.5194444444444445 0.36770833333333336 0.5111111111111111 0.3697916666666667 0.5101851851851852
2 0.35625 0.23425925925925925 0.35625 0.2462962962962963 0.353125 0.24444444444444444 0.353125 0.23796296296296296 0.35572916666666665 0.23425925925925925
2 0.4317708333333333 0.8055555555555556 0.43333333333333335 0.8111111111111111 0.4322916666666667 0.8240740740740741 0.4276041666666667 0.8212962962962963 0.42604166666666665 0.812037037037037 0.428125 0.8046296296296296 0.43125 0.8055555555555556
2 0.4203125 0.4601851851851852 0.4244791666666667 0.46574074074074073 0.4270833333333333 0.4787037037037037 0.4265625 0.4925925925925926 0.42135416666666664 0.5055555555555555 0.41822916666666665 0.5055555555555555 0.4140625 0.5 0.4119791666666667 0.487962962962963 0.4125 0.47129629629629627 0.4171875 0.46111111111111114 0.4197916666666667 0.4601851851851852
2 0.453125 0.6101851851851852 0.4557291666666667 0.6148148148148148 0.45208333333333334 0.6268518518518519 0.44895833333333335 0.625 0.4484375 0.6175925925925926 0.45 0.6111111111111112 0.45260416666666664 0.6101851851851852
2 0.48125 0.14907407407407408 0.48489583333333336 0.1574074074074074 0.48541666666666666 0.17777777777777778 0.4817708333333333 0.19444444444444445 0.4765625 0.20092592592592592 0.4703125 0.1962962962962963 0.46770833333333334 0.18888888888888888 0.4666666666666667 0.17592592592592593 0.4708333333333333 0.15462962962962962 0.47552083333333334 0.14814814814814814 0.48072916666666665 0.14907407407407408
2 0.39739583333333334 0.21388888888888888 0.4005208333333333 0.2222222222222222 0.4005208333333333 0.2388888888888889 0.39427083333333335 0.24259259259259258 0.39166666666666666 0.25277777777777777 0.3875 0.24444444444444444 0.38697916666666665 0.23055555555555557 0.39166666666666666 0.21574074074074073 0.396875 0.21388888888888888
2 0.36666666666666664 0.662962962962963 0.37135416666666665 0.6703703703703704 0.3729166666666667 0.6814814814814815 0.371875 0.6972222222222222 0.36770833333333336 0.7046296296296296 0.36354166666666665 0.700925925925926 0.36041666666666666 0.6851851851851852 0.3614583333333333 0.6712962962962963 0.36614583333333334 0.662962962962963
2 0.3723958333333333 0.6259259259259259 0.3765625 0.6333333333333333 0.371875 0.6435185185185185 0.3723958333333333 0.65 0.37604166666666666 0.6518518518518519 0.3729166666666667 0.6592592592592592 0.3697916666666667 0.6592592592592592 0.36770833333333336 0.6546296296296297 0.365625 0.6398148148148148 0.36770833333333336 0.6277777777777778 0.371875 0.6259259259259259
2 0.44375 0.3861111111111111 0.4427083333333333 0.3787037037037037 0.44583333333333336 0.37037037037037035 0.4479166666666667 0.3731481481481482 0.4484375 0.38055555555555554 0.4473958333333333 0.3861111111111111 0.44427083333333334 0.3861111111111111
2 0.38125 0.5796296296296296 0.38385416666666666 0.5833333333333334 0.3859375 0.5935185185185186 0.3854166666666667 0.6074074074074074 0.38177083333333334 0.6148148148148148 0.3770833333333333 0.6138888888888889 0.3734375 0.6046296296296296 0.375 0.5824074074074074 0.3776041666666667 0.5787037037037037 0.3807291666666667 0.5796296296296296
2 0.4046875 0.47314814814814815 0.4083333333333333 0.48518518518518516 0.4088541666666667 0.49907407407407406 0.40677083333333336 0.5101851851851852 0.4036458333333333 0.5157407407407407 0.396875 0.5092592592592593 0.39479166666666665 0.49166666666666664 0.3984375 0.4740740740740741 0.4005208333333333 0.47129629629629627 0.4041666666666667 0.47314814814814815
2 0.3614583333333333 0.4351851851851852 0.3640625 0.44907407407407407 0.36041666666666666 0.45740740740740743 0.3572916666666667 0.4527777777777778 0.3567708333333333 0.44166666666666665 0.3609375 0.4351851851851852
2 0.325 0.6314814814814815 0.32760416666666664 0.6333333333333333 0.3302083333333333 0.6453703703703704 0.3307291666666667 0.6583333333333333 0.32916666666666666 0.6666666666666666 0.325 0.6694444444444444 0.32083333333333336 0.6592592592592592 0.32083333333333336 0.6388888888888888 0.32447916666666665 0.6324074074074074
2 0.35625 0.6129629629629629 0.3578125 0.6194444444444445 0.35625 0.6351851851851852 0.3541666666666667 0.6351851851851852 0.3515625 0.6287037037037037 0.35208333333333336 0.6166666666666667 0.35572916666666665 0.6129629629629629
2 0.42916666666666664 0.6824074074074075 0.43020833333333336 0.6703703703703704 0.4328125 0.6703703703703704 0.43385416666666665 0.6814814814814815 0.4328125 0.6842592592592592 0.4296875 0.6824074074074075
1 0.2786458333333333 0 0.3453125 0 0.34322916666666664 0.032407407407407406 0.328125 0.025 0.31302083333333336 0.022222222222222223 0.29010416666666666 0.010185185185185186 0.2791666666666667 0