0 0.36770833333333336 0.23333333333333334 0.371875 0.2361111111111111 0.3734375 0.24351851851851852 0.3640625 0.27685185185185185 0.36041666666666666 0.2814814814814815 0.3572916666666667 0.2759259259259259 0.3567708333333333 0.26944444444444443 0.3609375 0.24814814814814815 0.3609375 0.23703703703703705 0.3625 0.23333333333333334 0.3671875 0.23333333333333334
0 0.43072916666666666 0.3314814814814815 0.440625 0.3472222222222222 0.440625 0.35462962962962963 0.43854166666666666 0.35648148148148145 0.4239583333333333 0.3453703703703704 0.4239583333333333 0.3351851851851852 0.4270833333333333 0.33055555555555555 0.43020833333333336 0.3314814814814815
0 0.3703125 0.3685185185185185 0.37604166666666666 0.3731481481481482 0.42083333333333334 0.45092592592592595 0.4265625 0.4583333333333333 0.4328125 0.45925925925925926 0.4354166666666667 0.4648148148148148 0.43697916666666664 0.4842592592592593 0.42916666666666664 0.4962962962962963 0.4234375 0.4962962962962963 0.42083333333333334 0.4925925925925926 0.4171875 0.4861111111111111 0.41354166666666664 0.4703703703703704 0.3651041666666667 0.3851851851851852 0.3645833333333333 0.37222222222222223 0.3697916666666667 0.3685185185185185
0 0.31979166666666664 0.6481481481481481 0.3390625 0.674074074074074 0.34010416666666665 0.6833333333333333 0.3375 0.6888888888888889 0.3338541666666667 0.6907407407407408 0.31875 0.6759259259259259 0.31197916666666664 0.675 0.30520833333333336 0.6685185185185185 0.30416666666666664 0.6574074074074074 0.30625 0.65 0.3151041666666667 0.6444444444444445 0.3177083333333333 0.6444444444444445 0.31927083333333334 0.6481481481481481
0 0.43072916666666666 0.8018518518518518 0.4296875 0.7916666666666666 0.434375 0.7861111111111111 0.4348958333333333 0.7435185185185185 0.43645833333333334 0.7398148148148148 0.4432291666666667 0.7398148148148148 0.44479166666666664 0.7435185185185185 0.44375 0.7759259259259259 0.4479166666666667 0.7925925925925926 0.4479166666666667 0.8 0.44375 0.8037037037037037 0.43125 0.8018518518518518
0 0.32760416666666664 0.7277777777777777 0.3328125 0.7333333333333333 0.3338541666666667 0.7435185185185185 0.32447916666666665 0.774074074074074 0.31927083333333334 0.7805555555555556 0.315625 0.7805555555555556 0.31354166666666666 0.7768518518518519 0.31302083333333336 0.7657407407407407 0.3171875 0.7490740740740741 0.3177083333333333 0.7351851851851852 0.321875 0.7287037037037037 0.32708333333333334 0.7277777777777777
0 0.4421875 0.44537037037037036 0.44375 0.45092592592592595 0.44375 0.4777777777777778 0.43697916666666664 0.48055555555555557 0.4354166666666667 0.47314814814814815 0.43854166666666666 0.45 0.44166666666666665 0.4462962962962963
0 0.33177083333333335 0.6907407407407408 0.3333333333333333 0.6935185185185185 0.33177083333333335 0.7194444444444444 0.32916666666666666 0.7175925925925926 0.325 0.6953703703703704 0.32708333333333334 0.6907407407407408 0.33125 0.6907407407407408
0 0.31666666666666665 0.5898148148148148 0.31875 0.5944444444444444 0.3177083333333333 0.6444444444444445 0.3078125 0.65 0.3067708333333333 0.6074074074074074 0.3020833333333333 0.5953703703703703 0.30625 0.5898148148148148 0.31614583333333335 0.5898148148148148
0 0.38333333333333336 0.5351851851851852 0.39791666666666664 0.5425925925925926 0.425 0.5685185185185185 0.43333333333333335 0.5685185185185185 0.43645833333333334 0.575925925925926 0.4348958333333333 0.587037037037037 0.4276041666666667 0.5888888888888889 0.41770833333333335 0.575 0.38385416666666666 0.5462962962962963 0.38229166666666664 0.5398148148148149 0.38333333333333336 0.5361111111111111
0 0.3963541666666667 0.7935185185185185 0.4114583333333333 0.7981481481481482 0.41302083333333334 0.8101851851851852 0.4083333333333333 0.8148148148148148 0.39947916666666666 0.8157407407407408 0.39427083333333335 0.8212962962962963 0.38645833333333335 0.8157407407407408 0.3854166666666667 0.8046296296296296 0.390625 0.7925925925925926 0.3958333333333333 0.7935185185185185
0 0.3416666666666667 0.3611111111111111 0.3619791666666667 0.39814814814814814 0.3625 0.40370370370370373 0.35885416666666664 0.40925925925925927 0.353125 0.40555555555555556 0.33229166666666665 0.37777777777777777 0.3328125 0.36574074074074076 0.3411458333333333 0.3611111111111111
0 0.3375 0.20555555555555555 0.34010416666666665 0.20925925925925926 0.3411458333333333 0.21944444444444444 0.340625 0.31851851851851853 0.34322916666666664 0.3425925925925926 0.340625 0.34629629629629627 0.3333333333333333 0.34444444444444444 0.33541666666666664 0.30277777777777776 0.3338541666666667 0.2101851851851852 0.334375 0.2064814814814815 0.33697916666666666 0.20555555555555555
2 0.3411458333333333 0.275 0.3453125 0.2796296296296296 0.346875 0.28703703703703703 0.3458333333333333 0.30648148148148147 0.3411458333333333 0.31296296296296294 0.3411458333333333 0.2759259259259259
2 0.3067708333333333 0.43333333333333335 0.309375 0.4537037037037037 0.30572916666666666 0.4666666666666667 0.30364583333333334 0.4666666666666667 0.30104166666666665 0.4601851851851852 0.3 0.4444444444444444 0.3015625 0.4361111111111111 0.30416666666666664 0.4324074074074074 0.30625 0.43333333333333335
2 0.40572916666666664 0.3212962962962963 0.40729166666666666 0.3416666666666667 0.4046875 0.35462962962962963 0.4005208333333333 0.36018518518518516 0.39479166666666665 0.35462962962962963 0.39375 0.3314814814814815 0.3984375 0.31851851851851853 0.40208333333333335 0.3175925925925926 0.40520833333333334 0.3212962962962963
2 0.34322916666666664 0.5833333333333334 0.34322916666666664 0.5953703703703703 0.34010416666666665 0.5916666666666667 0.340625 0.5842592592592593 0.34270833333333334 0.5833333333333334
2 0.31979166666666664 0.3675925925925926 0.321875 0.36666666666666664 0.32395833333333335 0.3712962962962963 0.3234375 0.38055555555555554 0.3203125 0.3824074074074074 0.3182291666666667 0.37407407407407406 0.31979166666666664 0.3685185185185185
2 0.3723958333333333 0.7018518518518518 0.3703125 0.687037037037037 0.37395833333333334 0.6787037037037037 0.3776041666666667 0.6833333333333333 0.378125 0.6972222222222222 0.37604166666666666 0.7027777777777777 0.3729166666666667 0.7018518518518518
2 0.3177083333333333 0.5305555555555556 0.32135416666666666 0.5416666666666666 0.32135416666666666 0.5564814814814815 0.3182291666666667 0.5657407407407408 0.31354166666666666 0.562962962962963 0.31145833333333334 0.5527777777777778 0.31197916666666664 0.5370370370370371 0.3171875 0.5305555555555556
2 0.2942708333333333 0.43148148148148147 0.29583333333333334 0.43333333333333335 0.29583333333333334 0.4425925925925926 0.2942708333333333 0.44537037037037036 0.2916666666666667 0.4425925925925926 0.2916666666666667 0.43425925925925923 0.29375 0.4324074074074074
2 0.3390625 0.43703703703703706 0.34270833333333334 0.4361111111111111 0.34427083333333336 0.44074074074074077 0.34427083333333336 0.44722222222222224 0.3411458333333333 0.45185185185185184 0.3385416666666667 0.4462962962962963 0.3390625 0.43796296296296294
2 0.3541666666666667 0.5814814814814815 0.3567708333333333 0.5879629629629629 0.3572916666666667 0.6046296296296296 0.35625 0.6138888888888889 0.353125 0.6194444444444445 0.3489583333333333 0.6175925925925926 0.346875 0.6111111111111112 0.3458333333333333 0.5879629629629629 0.3489583333333333 0.5796296296296296 0.3536458333333333 0.5814814814814815
2 0.41354166666666664 0.6787037037037037 0.4171875 0.6805555555555556 0.421875 0.6935185185185185 0.421875 0.7111111111111111 0.4192708333333333 0.7222222222222222 0.4171875 0.725 0.4125 0.7240740740740741 0.4078125 0.7101851851851851 0.4078125 0.687037037037037 0.41302083333333334 0.6796296296296296
2 0.3109375 0.4740740740740741 0.31302083333333336 0.47962962962962963 0.31354166666666666 0.49166666666666664 0.3098958333333333 0.5018518518518519 0.30625 0.4962962962962963 0.30572916666666666 0.4787037037037037 0.3072916666666667 0.4740740740740741 0.3104166666666667 0.4740740740740741
2 0.3536458333333333 0.6398148148148148 0.35572916666666665 0.6444444444444445 0.35572916666666665 0.6555555555555556 0.353125 0.6611111111111111 0.3494791666666667 0.6574074074074074 0.3484375 0.6509259259259259 0.3489583333333333 0.6425925925925926 0.353125 0.6398148148148148
2 0.3625 0.42407407407407405 0.36666666666666664 0.43148148148148147 0.3651041666666667 0.4527777777777778 0.36041666666666666 0.4564814814814815 0.3567708333333333 0.44907407407407407 0.3578125 0.4287037037037037 0.3619791666666667 0.425
2 0.3484375 0.5685185185185185 0.35 0.5777777777777777 0.346875 0.5824074074074074 0.3458333333333333 0.5694444444444444 0.34791666666666665 0.5685185185185185
2 0.3223958333333333 0.4648148148148148 0.325 0.4722222222222222 0.3255208333333333 0.48518518518518516 0.32135416666666666 0.4981481481481482 0.3171875 0.4962962962962963 0.3151041666666667 0.47685185185185186 0.3177083333333333 0.4666666666666667 0.321875 0.4648148148148148
2 0.4041666666666667 0.24074074074074073 0.4083333333333333 0.2490740740740741 0.4088541666666667 0.26296296296296295 0.40572916666666664 0.2759259259259259 0.40260416666666665 0.28055555555555556 0.3958333333333333 0.27314814814814814 0.39479166666666665 0.2611111111111111 0.396875 0.24722222222222223 0.4036458333333333 0.24074074074074073
2 0.3770833333333333 0.6055555555555555 0.37864583333333335 0.6074074074074074 0.378125 0.6185185185185185 0.37552083333333336 0.6185185185185185 0.37395833333333334 0.6138888888888889 0.37447916666666664 0.6074074074074074 0.3765625 0.6055555555555555
2 0.41822916666666665 0.6509259259259259 0.4239583333333333 0.6509259259259259 0.4265625 0.6620370370370371 0.425 0.6722222222222223 0.4197916666666667 0.6722222222222223 0.4171875 0.6648148148148149 0.41822916666666665 0.6518518518518519
1 0.34322916666666664 0.9537037037037037 0.3453125 0.9592592592592593 0.3458333333333333 0.9712962962962963 0.3458333333333333 0.9935185185185185 0.34322916666666664 0.9990740740740741 0.2640625 0.9990740740740741 0.2677083333333333 0.9925925925925926 0.278125 0.9888888888888889 0.2921875 0.9722222222222222 0.34270833333333334 0.9537037037037037