0 0.5432291666666667 0.5601851851851852 0.5484375 0.6351851851851852 0.553125 0.6435185185185185 0.553125 0.6509259259259259 0.5458333333333333 0.6564814814814814 0.5390625 0.6564814814814814 0.534375 0.6518518518518519 0.534375 0.6444444444444445 0.5369791666666667 0.637962962962963 0.5369791666666667 0.6129629629629629 0.5338541666666666 0.5638888888888889 0.5375 0.5592592592592592 0.5427083333333333 0.5601851851851852
0 0.5734375 0.26481481481481484 0.5833333333333334 0.2740740740740741 0.61875 0.2759259259259259 0.6401041666666667 0.28055555555555556 0.6416666666666667 0.29259259259259257 0.6390625 0.29907407407407405 0.6354166666666666 0.30092592592592593 0.5791666666666667 0.2953703703703704 0.5713541666666667 0.30277777777777776 0.5625 0.29907407407407405 0.5588541666666667 0.2861111111111111 0.5598958333333334 0.27314814814814814 0.5625 0.2675925925925926 0.5666666666666667 0.2638888888888889 0.5729166666666666 0.26481481481481484
0 0.7041666666666667 0.2712962962962963 0.715625 0.28703703703703703 0.715625 0.29444444444444445 0.7119791666666667 0.3 0.7057291666666666 0.29907407407407405 0.6942708333333333 0.2898148148148148 0.69375 0.2796296296296296 0.6958333333333333 0.27314814814814814 0.6984375 0.27037037037037037 0.7036458333333333 0.2712962962962963
0 0.5734375 0.48703703703703705 0.5734375 0.4981481481481482 0.5645833333333333 0.5222222222222223 0.559375 0.5296296296296297 0.5526041666666667 0.5231481481481481 0.553125 0.5111111111111111 0.5666666666666667 0.4888888888888889 0.5729166666666666 0.48703703703703705
0 0.7088541666666667 0.7083333333333334 0.7119791666666667 0.712037037037037 0.7130208333333333 0.7212962962962963 0.7109375 0.7277777777777777 0.7078125 0.7296296296296296 0.6932291666666667 0.725 0.6911458333333333 0.7148148148148148 0.6963541666666667 0.7092592592592593 0.7083333333333334 0.7083333333333334
0 0.6395833333333333 0.5231481481481481 0.6442708333333333 0.5231481481481481 0.6458333333333334 0.5277777777777778 0.659375 0.637962962962963 0.6635416666666667 0.6481481481481481 0.6630208333333333 0.6527777777777778 0.6598958333333333 0.6564814814814814 0.6552083333333333 0.6564814814814814 0.653125 0.6527777777777778 0.653125 0.6324074074074074 0.6421875 0.5592592592592592 0.6385416666666667 0.5277777777777778 0.6395833333333333 0.524074074074074
0 0.68125 0.26851851851851855 0.6854166666666667 0.2740740740740741 0.6854166666666667 0.2833333333333333 0.68125 0.30277777777777776 0.6817708333333333 0.31296296296296294 0.6776041666666667 0.32314814814814813 0.6734375 0.325 0.6677083333333333 0.32222222222222224 0.6640625 0.30833333333333335 0.6744791666666666 0.275 0.6807291666666667 0.26851851851851855
0 0.6317708333333333 0.6805555555555556 0.6411458333333333 0.6888888888888889 0.6411458333333333 0.6953703703703704 0.6375 0.7018518518518518 0.6333333333333333 0.6990740740740741 0.6265625 0.687962962962963 0.6260416666666667 0.6814814814814815 0.6276041666666666 0.6787037037037037 0.63125 0.6805555555555556
0 0.7010416666666667 0.36666666666666664 0.7036458333333333 0.3712962962962963 0.7010416666666667 0.3925925925925926 0.696875 0.38981481481481484 0.6942708333333333 0.3731481481481482 0.6958333333333333 0.3675925925925926 0.7005208333333334 0.36666666666666664
0 0.5973958333333333 0.7324074074074074 0.6005208333333333 0.737037037037037 0.6020833333333333 0.75 0.6005208333333333 0.7601851851851852 0.5947916666666667 0.7555555555555555 0.5895833333333333 0.7435185185185185 0.5916666666666667 0.7342592592592593 0.596875 0.7324074074074074
0 0.6088541666666667 0.4361111111111111 0.6109375 0.4425925925925926 0.6072916666666667 0.4527777777777778 0.5859375 0.45555555555555555 0.559375 0.4666666666666667 0.5515625 0.4648148148148148 0.5515625 0.45555555555555555 0.5541666666666667 0.45185185185185184 0.5963541666666666 0.44074074074074077 0.6041666666666666 0.4351851851851852 0.6083333333333333 0.4361111111111111
0 0.7125 0.45092592592592595 0.7151041666666667 0.4537037037037037 0.7166666666666667 0.46111111111111114 0.7114583333333333 0.4703703703703704 0.7072916666666667 0.49074074074074076 0.7046875 0.49444444444444446 0.6994791666666667 0.49074074074074076 0.7036458333333333 0.4537037037037037 0.7067708333333333 0.45 0.7119791666666667 0.45092592592592595
0 0.6109375 0.5824074074074074 0.6161458333333333 0.5861111111111111 0.6197916666666666 0.5944444444444444 0.61875 0.6157407407407407 0.6276041666666666 0.6509259259259259 0.6265625 0.6620370370370371 0.6223958333333334 0.6666666666666666 0.6145833333333334 0.6592592592592592 0.60625 0.6222222222222222 0.5973958333333333 0.6027777777777777 0.5979166666666667 0.5944444444444444 0.6005208333333333 0.5879629629629629 0.6104166666666667 0.5824074074074074
2 0.646875 0.3175925925925926 0.6442708333333333 0.2916666666666667 0.6489583333333333 0.2796296296296296 0.6520833333333333 0.28055555555555556 0.6541666666666667 0.2851851851851852 0.6567708333333333 0.3055555555555556 0.6536458333333334 0.3175925925925926 0.6473958333333333 0.3175925925925926
2 0.675 0.6796296296296296 0.6786458333333333 0.6787037037037037 0.6807291666666667 0.687037037037037 0.6791666666666667 0.6962962962962963 0.6755208333333333 0.6981481481481482 0.6739583333333333 0.6935185185185185 0.675 0.6805555555555556
2 0.6578125 0.41574074074074074 0.6619791666666667 0.42685185185185187 0.6619791666666667 0.44166666666666665 0.6578125 0.4537037037037037 0.653125 0.45092592592592595 0.6505208333333333 0.4388888888888889 0.6520833333333333 0.4203703703703704 0.6536458333333334 0.4166666666666667 0.6572916666666667 0.41574074074074074
2 0.6182291666666667 0.4962962962962963 0.6161458333333333 0.4888888888888889 0.615625 0.47314814814814815 0.61875 0.46574074074074073 0.6234375 0.46574074074074073 0.6265625 0.4759259259259259 0.6244791666666667 0.49537037037037035 0.61875 0.4962962962962963
2 0.6208333333333333 0.21388888888888888 0.6234375 0.21851851851851853 0.6255208333333333 0.23055555555555557 0.6244791666666667 0.2490740740740741 0.621875 0.25462962962962965 0.6161458333333333 0.2518518518518518 0.6130208333333333 0.23703703703703705 0.6145833333333334 0.21574074074074073 0.6177083333333333 0.21203703703703702 0.6203125 0.21388888888888888
2 0.6307291666666667 0.30185185185185187 0.6328125 0.30462962962962964 0.6328125 0.3111111111111111 0.6307291666666667 0.3148148148148148 0.6265625 0.3111111111111111 0.6265625 0.3037037037037037 0.6302083333333334 0.30185185185185187
2 0.5697916666666667 0.6185185185185185 0.5744791666666667 0.6240740740740741 0.5765625 0.6324074074074074 0.5755208333333334 0.6509259259259259 0.5708333333333333 0.6592592592592592 0.5661458333333333 0.6592592592592592 0.5635416666666667 0.6555555555555556 0.5609375 0.6407407407407407 0.5630208333333333 0.6259259259259259 0.565625 0.6203703703703703 0.5692708333333333 0.6185185185185185
2 0.6177083333333333 0.16574074074074074 0.6192708333333333 0.17777777777777778 0.6166666666666667 0.1824074074074074 0.6140625 0.18055555555555555 0.6125 0.16944444444444445 0.6140625 0.1648148148148148 0.6171875 0.16574074074074074
2 0.5911458333333334 0.6273148148148148 0.014583333333333334 0.04351851851851852
2 0.6671875 0.5259259259259259 0.6671875 0.5370370370370371 0.6645833333333333 0.5342592592592592 0.6645833333333333 0.5268518518518519 0.6666666666666666 0.5259259259259259
2 0.6630208333333333 0.4009259259259259 0.6635416666666667 0.4101851851851852 0.6614583333333334 0.412962962962963 0.6598958333333333 0.40370370370370373 0.6625 0.4009259259259259
2 0.6401041666666667 0.30972222222222223 0.011458333333333333 0.032407407407407406
2 0.6875 0.6537037037037037 0.690625 0.662962962962963 0.690625 0.6731481481481482 0.6885416666666667 0.6833333333333333 0.6854166666666667 0.687962962962963 0.6817708333333333 0.6842592592592592 0.6802083333333333 0.6694444444444444 0.6817708333333333 0.6574074074074074 0.6869791666666667 0.6537037037037037
2 0.6807291666666667 0.5277777777777778 0.6833333333333333 0.5268518518518519 0.6859375 0.5324074074074074 0.6859375 0.5416666666666666 0.6822916666666666 0.5472222222222223 0.6796875 0.5388888888888889 0.6807291666666667 0.5287037037037037
2 0.56875 0.3592592592592593 0.5739583333333333 0.36666666666666664 0.5760416666666667 0.37592592592592594 0.575 0.3972222222222222 0.5703125 0.40555555555555556 0.5651041666666666 0.40370370370370373 0.5604166666666667 0.387037037037037 0.5609375 0.37037037037037035 0.5645833333333333 0.36018518518518516 0.5682291666666667 0.3592592592592593
2 0.6713541666666667 0.4074074074074074 0.6734375 0.412962962962963 0.6734375 0.4222222222222222 0.6713541666666667 0.42777777777777776 0.6682291666666667 0.425 0.6671875 0.41759259259259257 0.6682291666666667 0.4101851851851852 0.6708333333333333 0.4074074074074074
2 0.64375 0.2351851851851852 0.6489583333333333 0.23333333333333334 0.6520833333333333 0.24259259259259258 0.6515625 0.2601851851851852 0.6473958333333333 0.26481481481481484 0.6432291666666666 0.25555555555555554 0.64375 0.2361111111111111
1 0.6635416666666667 0.9527777777777777 0.6692708333333334 0.9546296296296296 0.6713541666666667 0.9583333333333334 0.6807291666666667 0.9592592592592593 0.6916666666666667 0.9675925925925926 0.7078125 0.9722222222222222 0.7255208333333333 0.9916666666666667 0.7348958333333333 0.9944444444444445 0.7364583333333333 0.9990740740740741 0.6588541666666666 0.9990740740740741 0.6546875 0.9925925925925926 0.6552083333333333 0.9574074074074074 0.6578125 0.9518518518518518 0.6630208333333333 0.9527777777777777