0 0.5848958333333333 0.40555555555555556 0.5880208333333333 0.4185185185185185 0.5880208333333333 0.4305555555555556 0.5854166666666667 0.4388888888888889 0.58125 0.4388888888888889 0.5776041666666667 0.43425925925925923 0.5635416666666667 0.43425925925925923 0.540625 0.4398148148148148 0.5359375 0.4398148148148148 0.5338541666666666 0.4361111111111111 0.5333333333333333 0.425 0.5354166666666667 0.4212962962962963 0.5760416666666667 0.41388888888888886 0.5807291666666666 0.40555555555555556 0.584375 0.40555555555555556
0 0.38333333333333336 0.24814814814814815 0.38697916666666665 0.25277777777777777 0.3880208333333333 0.25925925925925924 0.3848958333333333 0.3592592592592593 0.3890625 0.3731481481481482 0.3890625 0.38055555555555554 0.3854166666666667 0.39166666666666666 0.3796875 0.39537037037037037 0.37135416666666665 0.3925925925925926 0.36770833333333336 0.38425925925925924 0.3671875 0.3731481481481482 0.3729166666666667 0.35185185185185186 0.37395833333333334 0.28888888888888886 0.3765625 0.25092592592592594 0.3828125 0.24814814814814815
0 0.384375 0.11666666666666667 0.3875 0.12314814814814815 0.3875 0.13055555555555556 0.38385416666666666 0.15 0.3796875 0.15648148148148147 0.3723958333333333 0.15185185185185185 0.37083333333333335 0.1388888888888889 0.3802083333333333 0.11666666666666667 0.38385416666666666 0.11666666666666667
0 0.49635416666666665 0.3675925925925926 0.515625 0.38981481481481484 0.5161458333333333 0.4 0.5119791666666667 0.4074074074074074 0.50625 0.40555555555555556 0.49375 0.3814814814814815 0.4921875 0.3712962962962963 0.49583333333333335 0.3675925925925926
0 0.6244791666666667 0.12129629629629629 0.628125 0.125 0.6291666666666667 0.13518518518518519 0.6265625 0.15648148148148147 0.6239583333333333 0.16018518518518518 0.61875 0.1574074074074074 0.6166666666666667 0.13703703703703704 0.6177083333333333 0.1259259259259259 0.6239583333333333 0.12129629629629629
0 0.58125 0.2101851851851852 0.5848958333333333 0.20925925925925926 0.5875 0.21296296296296297 0.5880208333333333 0.22407407407407406 0.5859375 0.22777777777777777 0.5744791666666667 0.22777777777777777 0.5239583333333333 0.25092592592592594 0.515625 0.2537037037037037 0.5130208333333334 0.2518518518518518 0.5130208333333334 0.24351851851851852 0.515625 0.24074074074074073 0.5776041666666667 0.21666666666666667 0.58125 0.2111111111111111
0 0.378125 0.17037037037037037 0.3890625 0.17777777777777778 0.3963541666666667 0.17777777777777778 0.4005208333333333 0.18425925925925926 0.4005208333333333 0.2 0.39427083333333335 0.20833333333333334 0.390625 0.2074074074074074 0.37135416666666665 0.18611111111111112 0.3697916666666667 0.17962962962962964 0.37083333333333335 0.17407407407407408 0.3729166666666667 0.17037037037037037 0.3776041666666667 0.17037037037037037
0 0.6114583333333333 0.25092592592592594 0.6135416666666667 0.25555555555555554 0.6130208333333333 0.2601851851851852 0.6057291666666667 0.275 0.603125 0.2759259259259259 0.6005208333333333 0.27314814814814814 0.6005208333333333 0.26851851851851855 0.6052083333333333 0.25092592592592594 0.6109375 0.25092592592592594
0 0.42864583333333334 0.13796296296296295 0.4395833333333333 0.1425925925925926 0.43802083333333336 0.15 0.42864583333333334 0.15462962962962962 0.42552083333333335 0.15185185185185185 0.425 0.14444444444444443 0.42552083333333335 0.1388888888888889 0.428125 0.13796296296296295
0 0.6453125 0.3194444444444444 0.6458333333333334 0.32685185185185184 0.6369791666666667 0.34074074074074073 0.6307291666666667 0.33425925925925926 0.63125 0.32407407407407407 0.640625 0.31851851851851853 0.6447916666666667 0.3194444444444444
0 0.46770833333333334 0.30277777777777776 0.4734375 0.30925925925925923 0.475 0.3472222222222222 0.48125 0.39444444444444443 0.48072916666666665 0.4074074074074074 0.4786458333333333 0.40925925925925927 0.4734375 0.40555555555555556 0.4703125 0.37962962962962965 0.4666666666666667 0.3287037037037037 0.4635416666666667 0.3148148148148148 0.4640625 0.30648148148148147 0.4671875 0.30277777777777776
0 0.4791666666666667 0.11574074074074074 0.48333333333333334 0.12407407407407407 0.49635416666666665 0.13425925925925927 0.496875 0.14074074074074075 0.4947916666666667 0.14537037037037037 0.4734375 0.13703703703703704 0.471875 0.13240740740740742 0.47239583333333335 0.12222222222222222 0.47552083333333334 0.11574074074074074 0.4786458333333333 0.11574074074074074
0 0.5890625 0.27314814814814814 0.59375 0.2824074074074074 0.5895833333333333 0.2962962962962963 0.56875 0.3111111111111111 0.5578125 0.32685185185185184 0.553125 0.32592592592592595 0.5479166666666667 0.31666666666666665 0.5463541666666667 0.30277777777777776 0.5505208333333333 0.2898148148148148 0.553125 0.28703703703703703 0.5651041666666666 0.28888888888888886 0.5848958333333333 0.27314814814814814 0.5885416666666666 0.27314814814814814
2 0.390625 0.2212962962962963 0.39739583333333334 0.22685185185185186 0.39739583333333334 0.2388888888888889 0.3854166666666667 0.24351851851851852 0.3776041666666667 0.2388888888888889 0.3765625 0.22962962962962963 0.38229166666666664 0.22314814814814815 0.39010416666666664 0.2212962962962963
2 0.6078125 0.17962962962962964 0.6119791666666666 0.18425925925925926 0.6088541666666667 0.19074074074074074 0.6005208333333333 0.18703703703703703 0.6015625 0.18055555555555555 0.6072916666666667 0.17962962962962964
2 0.4671875 0.21203703703703702 0.47239583333333335 0.21574074074074073 0.4739583333333333 0.22407407407407406 0.4703125 0.23055555555555557 0.465625 0.2324074074074074 0.4552083333333333 0.22962962962962963 0.45260416666666664 0.225 0.45260416666666664 0.21944444444444444 0.45625 0.21296296296296297 0.4666666666666667 0.21203703703703702
2 0.49166666666666664 0.275 0.4973958333333333 0.27870370370370373 0.4984375 0.28703703703703703 0.49635416666666665 0.2916666666666667 0.49114583333333334 0.29444444444444445 0.48489583333333336 0.29444444444444445 0.48072916666666665 0.28888888888888886 0.4822916666666667 0.2777777777777778 0.49114583333333334 0.275
2 0.35885416666666664 0.27870370370370373 0.3619791666666667 0.2833333333333333 0.3619791666666667 0.2898148148148148 0.35885416666666664 0.2953703703703704 0.35208333333333336 0.29907407407407405 0.34010416666666665 0.2962962962962963 0.3380208333333333 0.29074074074074074 0.3390625 0.2851851851851852 0.3453125 0.2777777777777778 0.35833333333333334 0.27870370370370373
2 0.3924479166666667 0.26990740740740743 0.0078125 0.012037037037037037
2 0.5817708333333333 0.3638888888888889 0.5880208333333333 0.36944444444444446 0.5895833333333333 0.3824074074074074 0.5859375 0.3888888888888889 0.5791666666666667 0.39166666666666666 0.5708333333333333 0.38796296296296295 0.5677083333333334 0.38333333333333336 0.5666666666666667 0.37592592592592594 0.5729166666666666 0.3648148148148148 0.58125 0.3638888888888889
2 0.31875 0.287962962962963 0.32083333333333336 0.2898148148148148 0.32083333333333336 0.2962962962962963 0.3145833333333333 0.3 0.31145833333333334 0.2972222222222222 0.31197916666666664 0.29074074074074074 0.3182291666666667 0.287962962962963
2 0.5755208333333334 0.32592592592592595 0.58125 0.33055555555555555 0.5833333333333334 0.3398148148148148 0.5786458333333333 0.34814814814814815 0.5734375 0.35 0.5619791666666667 0.3453703703703704 0.5598958333333334 0.34074074074074073 0.559375 0.3314814814814815 0.5666666666666667 0.325 0.575 0.32592592592592595
2 0.5197916666666667 0.20185185185185187 0.5208333333333334 0.20555555555555555 0.5192708333333333 0.2074074074074074 0.5145833333333333 0.2064814814814815 0.5151041666666667 0.20185185185185187 0.5192708333333333 0.20185185185185187
2 0.44947916666666665 0.20925925925925926 0.4510416666666667 0.21296296296296297 0.44947916666666665 0.21574074074074073 0.44427083333333334 0.21388888888888888 0.44427083333333334 0.2101851851851852 0.44895833333333335 0.20925925925925926
2 0.3984375 0.24259259259259258 0.4015625 0.24722222222222223 0.4015625 0.25277777777777777 0.3953125 0.2601851851851852 0.3890625 0.25925925925925924 0.38385416666666666 0.24444444444444444 0.39114583333333336 0.24074074074074073 0.39791666666666664 0.24259259259259258
2 0.5994791666666667 0.16203703703703703 0.6057291666666667 0.17037037037037037 0.6036458333333333 0.17685185185185184 0.5994791666666667 0.17962962962962964 0.5916666666666667 0.1787037037037037 0.5864583333333333 0.17222222222222222 0.5869791666666667 0.1648148148148148 0.5901041666666667 0.16203703703703703 0.5989583333333334 0.16203703703703703
2 0.5234375 0.16944444444444445 0.5265625 0.17592592592592593 0.521875 0.18055555555555555 0.515625 0.1787037037037037 0.5151041666666667 0.17407407407407408 0.5166666666666667 0.17037037037037037 0.5229166666666667 0.16944444444444445
2 0.4432291666666667 0.3675925925925926 0.446875 0.375 0.446875 0.3814814814814815 0.4421875 0.3888888888888889 0.43645833333333334 0.3925925925925926 0.42864583333333334 0.3925925925925926 0.4239583333333333 0.3888888888888889 0.42135416666666664 0.3851851851851852 0.42083333333333334 0.37777777777777777 0.428125 0.36574074074074076 0.4390625 0.3648148148148148 0.4427083333333333 0.3675925925925926
2 0.45625 0.19166666666666668 0.459375 0.19722222222222222 0.45364583333333336 0.20277777777777778 0.44947916666666665 0.20092592592592592 0.4479166666666667 0.19537037037037036 0.4510416666666667 0.19166666666666668 0.4557291666666667 0.19166666666666668
2 0.36354166666666665 0.22962962962962963 0.36770833333333336 0.23425925925925925 0.36770833333333336 0.23796296296296296 0.3651041666666667 0.24351851851851852 0.35989583333333336 0.2462962962962963 0.35104166666666664 0.24444444444444444 0.35 0.2351851851851852 0.35520833333333335 0.22962962962962963 0.36302083333333335 0.22962962962962963
1 0.7901041666666667 0.08148148148148149 0.7916666666666666 0.08425925925925926 0.7901041666666667 0.10185185185185185 0.7921875 0.12314814814814815 0.7901041666666667 0.1638888888888889 0.7833333333333333 0.20925925925925926 0.7770833333333333 0.225 0.7557291666666667 0.22314814814814815 0.7541666666666667 0.21944444444444444 0.7552083333333334 0.20185185185185187 0.7578125 0.19537037037037036 0.7583333333333333 0.1787037037037037 0.7630208333333334 0.15925925925925927 0.765625 0.13055555555555556 0.7765625 0.09907407407407408 0.778125 0.0824074074074074 0.7822916666666667 0.0787037037037037 0.7895833333333333 0.08148148148148149
1 0.022916666666666665 0.462037037037037 0.03333333333333333 0.4703703703703704 0.03854166666666667 0.48518518518518516 0.04635416666666667 0.48703703703703705 0.051041666666666666 0.4925925925925926 0.058333333333333334 0.5296296296296297 0.06875 0.5564814814814815 0.078125 0.5916666666666667 0.07708333333333334 0.6074074074074074 0.07395833333333333 0.6194444444444445 0.057291666666666664 0.6324074074074074 0.049479166666666664 0.6324074074074074 0.0453125 0.6268518518518519 0.016145833333333335 0.5314814814814814 0.015625 0.5166666666666667 0.019270833333333334 0.5009259259259259 0.013541666666666667 0.4842592592592593 0.013541666666666667 0.4666666666666667 0.015625 0.462037037037037 0.022395833333333334 0.462037037037037
1 0.0578125 0.26666666666666666 0.06041666666666667 0.2712962962962963 0.0796875 0.35555555555555557 0.0734375 0.36944444444444446 0.0640625 0.37592592592592594 0.06041666666666667 0.37407407407407406 0.05677083333333333 0.362962962962963 0.0421875 0.3 0.03958333333333333 0.2953703703703704 0.026041666666666668 0.2898148148148148 0.027604166666666666 0.27870370370370373 0.03229166666666667 0.2722222222222222 0.04739583333333333 0.26481481481481484 0.057291666666666664 0.26666666666666666
1 0.021875 0.2935185185185185 0.03697916666666667 0.2953703703703704 0.041666666666666664 0.29907407407407405 0.04375 0.31574074074074077 0.0609375 0.38055555555555554 0.06041666666666667 0.39166666666666666 0.058333333333333334 0.3972222222222222 0.049479166666666664 0.40555555555555556 0.03854166666666667 0.4074074074074074 0.03333333333333333 0.40370370370370373 0.028645833333333332 0.39351851851851855 0.015625 0.34444444444444444 0.0140625 0.33240740740740743 0.007291666666666667 0.3148148148148148 0.0109375 0.30648148148148147 0.021354166666666667 0.29444444444444445
1 0.044270833333333336 0.20925925925925926 0.04895833333333333 0.21203703703703702 0.051041666666666666 0.2175925925925926 0.058333333333333334 0.26296296296296295 0.041666666666666664 0.2657407407407407 0.0390625 0.2657407407407407 0.034895833333333334 0.2574074074074074 0.03333333333333333 0.24537037037037038 0.0265625 0.23055555555555557 0.026041666666666668 0.22037037037037038 0.03229166666666667 0.21203703703703702 0.04375 0.20925925925925926
1 0.08229166666666667 0.4046296296296296 0.08489583333333334 0.4074074074074074 0.08697916666666666 0.4203703703703704 0.09791666666666667 0.44074074074074077 0.1125 0.44907407407407407 0.1171875 0.45555555555555555 0.13020833333333334 0.5101851851851852 0.13020833333333334 0.5222222222222223 0.1234375 0.5361111111111111 0.103125 0.55 0.0921875 0.549074074074074 0.08489583333333334 0.5416666666666666 0.071875 0.487962962962963 0.071875 0.46944444444444444 0.078125 0.44907407407407407 0.07760416666666667 0.4111111111111111 0.08177083333333333 0.4046296296296296
1 0.8177083333333334 0.08981481481481482 0.8213541666666667 0.09444444444444444 0.8203125 0.10925925925925926 0.8244791666666667 0.12222222222222222 0.8125 0.18796296296296297 0.8072916666666666 0.22777777777777777 0.7895833333333333 0.22685185185185186 0.7828125 0.225 0.7817708333333333 0.2222222222222222 0.790625 0.17314814814814813 0.7927083333333333 0.1398148148148148 0.7963541666666667 0.11666666666666667 0.7989583333333333 0.11018518518518519 0.8052083333333333 0.1037037037037037 0.8088541666666667 0.09074074074074075 0.8171875 0.08981481481481482
1 0.022395833333333334 0.23703703703703705 0.030729166666666665 0.2518518518518518 0.033854166666666664 0.2611111111111111 0.033854166666666664 0.26851851851851855 0.027083333333333334 0.2796296296296296 0.024479166666666666 0.2898148148148148 0.019791666666666666 0.29074074074074074 0.015104166666666667 0.28888888888888886 0.00625 0.26851851851851855 0.00625 0.2462962962962963 0.011979166666666667 0.23796296296296296 0.021875 0.23703703703703705
1 0.10104166666666667 0.36666666666666664 0.134375 0.362962962962963 0.13854166666666667 0.3972222222222222 0.14375 0.4009259259259259 0.15 0.4148148148148148 0.1625 0.4287037037037037 0.16927083333333334 0.44814814814814813 0.17083333333333334 0.4675925925925926 0.16875 0.4888888888888889 0.15885416666666666 0.5009259259259259 0.1453125 0.5027777777777778 0.1359375 0.49722222222222223 0.12708333333333333 0.48055555555555557 0.12135416666666667 0.4638888888888889 0.121875 0.4425925925925926 0.11666666666666667 0.40370370370370373 0.12395833333333334 0.3962962962962963 0.1203125 0.3925925925925926 0.11875 0.3851851851851852 0.10416666666666667 0.38055555555555554 0.10104166666666667 0.3675925925925926