0 0.43854166666666666 0.7314814814814815 0.4390625 0.7435185185185185 0.42239583333333336 0.7620370370370371 0.41510416666666666 0.7583333333333333 0.41354166666666664 0.7527777777777778 0.41458333333333336 0.7435185185185185 0.43385416666666665 0.7305555555555555 0.43802083333333336 0.7314814814814815
0 0.3875 0.49722222222222223 0.39375 0.5092592592592593 0.3958333333333333 0.5222222222222223 0.4036458333333333 0.5361111111111111 0.40520833333333334 0.5453703703703704 0.4114583333333333 0.5564814814814815 0.409375 0.5703703703703704 0.4046875 0.5768518518518518 0.3984375 0.5796296296296296 0.3932291666666667 0.5777777777777777 0.38958333333333334 0.5712962962962963 0.3880208333333333 0.5638888888888889 0.39010416666666664 0.5518518518518518 0.378125 0.5120370370370371 0.378125 0.5046296296296297 0.3807291666666667 0.49722222222222223 0.38697916666666665 0.49722222222222223
0 0.3416666666666667 0.287962962962963 0.34739583333333335 0.2935185185185185 0.3494791666666667 0.32685185185185184 0.3625 0.4111111111111111 0.3614583333333333 0.4203703703703704 0.3567708333333333 0.41944444444444445 0.3541666666666667 0.41203703703703703 0.340625 0.3111111111111111 0.3359375 0.3 0.3359375 0.29259259259259257 0.3411458333333333 0.287962962962963
0 0.4588541666666667 0.2861111111111111 0.48854166666666665 0.3296296296296296 0.48854166666666665 0.3425925925925926 0.4822916666666667 0.35462962962962963 0.4744791666666667 0.3527777777777778 0.4671875 0.33240740740740743 0.45208333333333334 0.3037037037037037 0.4515625 0.29259259259259257 0.4546875 0.2861111111111111 0.4583333333333333 0.2861111111111111
0 0.396875 0.44537037037037036 0.39895833333333336 0.44722222222222224 0.39791666666666664 0.45925925925925926 0.390625 0.46296296296296297 0.38385416666666666 0.45925925925925926 0.38333333333333336 0.44814814814814813 0.3875 0.44351851851851853 0.3963541666666667 0.44537037037037036
0 0.2942708333333333 0.4064814814814815 0.29375 0.3972222222222222 0.2984375 0.39444444444444443 0.31145833333333334 0.3962962962962963 0.3140625 0.4009259259259259 0.3098958333333333 0.4287037037037037 0.3104166666666667 0.4861111111111111 0.31197916666666664 0.4962962962962963 0.3098958333333333 0.5907407407407408 0.3020833333333333 0.5944444444444444 0.29791666666666666 0.5907407407407408 0.2984375 0.41388888888888886 0.2947916666666667 0.4064814814814815
0 0.3625 0.21944444444444444 0.36770833333333336 0.22592592592592592 0.3645833333333333 0.2722222222222222 0.365625 0.32314814814814813 0.36302083333333335 0.3675925925925926 0.36041666666666666 0.3731481481481482 0.3578125 0.3731481481481482 0.35572916666666665 0.3675925925925926 0.3578125 0.23333333333333334 0.35520833333333335 0.22407407407407406 0.3572916666666667 0.21944444444444444 0.3619791666666667 0.21944444444444444
0 0.3572916666666667 0.6685185185185185 0.3625 0.6722222222222223 0.36302083333333335 0.6824074074074075 0.36041666666666666 0.7324074074074074 0.35572916666666665 0.7379629629629629 0.3489583333333333 0.737037037037037 0.34791666666666665 0.687962962962963 0.3453125 0.6814814814814815 0.3453125 0.674074074074074 0.3484375 0.6694444444444444 0.3567708333333333 0.6685185185185185
0 0.41822916666666665 0.4898148148148148 0.42291666666666666 0.4935185185185185 0.42291666666666666 0.5018518518518519 0.4140625 0.512962962962963 0.4083333333333333 0.525 0.40208333333333335 0.5296296296296297 0.3958333333333333 0.5194444444444445 0.3953125 0.5074074074074074 0.39895833333333336 0.5018518518518519 0.4083333333333333 0.49907407407407406 0.41770833333333335 0.4898148148148148
0 0.4265625 0.40925925925925927 0.43020833333333336 0.4148148148148148 0.43020833333333336 0.4212962962962963 0.4270833333333333 0.42685185185185187 0.4171875 0.43148148148148147 0.4088541666666667 0.44074074074074077 0.40572916666666664 0.44074074074074077 0.40208333333333335 0.43425925925925923 0.4015625 0.42407407407407405 0.4036458333333333 0.4166666666666667 0.42604166666666665 0.40925925925925927
0 0.39947916666666666 0.36944444444444446 0.4119791666666667 0.37222222222222223 0.4140625 0.37962962962962965 0.4119791666666667 0.412962962962963 0.403125 0.41574074074074074 0.4005208333333333 0.4324074074074074 0.4078125 0.44537037037037036 0.3958333333333333 0.44537037037037036 0.39947916666666666 0.37037037037037035
0 0.40208333333333335 0.36574074074074076 0.403125 0.3675925925925926 0.3984375 0.37222222222222223 0.39739583333333334 0.41203703703703703 0.396875 0.3907407407407407 0.39166666666666666 0.37222222222222223 0.3932291666666667 0.36666666666666664 0.4015625 0.36574074074074076
0 0.3921875 0.5814814814814815 0.39479166666666665 0.5861111111111111 0.3953125 0.5972222222222222 0.39427083333333335 0.6 0.39010416666666664 0.5972222222222222 0.3848958333333333 0.6101851851851852 0.3828125 0.6101851851851852 0.3802083333333333 0.6027777777777777 0.384375 0.5925925925925926 0.38385416666666666 0.5824074074074074 0.38958333333333334 0.5787037037037037 0.39166666666666666 0.5814814814814815
2 0.4588541666666667 0.5 0.4640625 0.5074074074074074 0.4661458333333333 0.5185185185185185 0.46458333333333335 0.537962962962963 0.4588541666666667 0.5481481481481482 0.45260416666666664 0.5425925925925926 0.44895833333333335 0.5277777777777778 0.4505208333333333 0.5083333333333333 0.45416666666666666 0.5009259259259259 0.4583333333333333 0.5
2 0.440625 0.6509259259259259 0.4427083333333333 0.6583333333333333 0.44114583333333335 0.6703703703703704 0.4375 0.6694444444444444 0.4354166666666667 0.662962962962963 0.43645833333333334 0.6527777777777778 0.4401041666666667 0.6509259259259259
2 0.44635416666666666 0.18703703703703703 0.4484375 0.18981481481481483 0.4473958333333333 0.20277777777777778 0.4432291666666667 0.20092592592592592 0.4432291666666667 0.19444444444444445 0.44583333333333336 0.18796296296296297
2 0.4739583333333333 0.4740740740740741 0.4765625 0.4842592592592593 0.4765625 0.4962962962962963 0.4739583333333333 0.5083333333333333 0.4708333333333333 0.5120370370370371 0.4671875 0.5111111111111111 0.4635416666666667 0.5055555555555555 0.46197916666666666 0.4861111111111111 0.4661458333333333 0.4722222222222222 0.4703125 0.4703703703703704 0.4734375 0.4740740740740741
2 0.4484375 0.6018518518518519 0.4510416666666667 0.6092592592592593 0.4510416666666667 0.6203703703703703 0.44895833333333335 0.6268518518518519 0.44583333333333336 0.6268518518518519 0.4427083333333333 0.6194444444444445 0.4427083333333333 0.6074074074074074 0.44479166666666664 0.6018518518518519 0.4479166666666667 0.6018518518518519
2 0.40208333333333335 0.32222222222222224 0.40572916666666664 0.3296296296296296 0.40729166666666666 0.3453703703703704 0.4036458333333333 0.36203703703703705 0.39947916666666666 0.3648148148148148 0.3958333333333333 0.362962962962963 0.3927083333333333 0.3425925925925926 0.3963541666666667 0.32407407407407407 0.4015625 0.32222222222222224
2 0.32447916666666665 0.6435185185185185 0.32864583333333336 0.6583333333333333 0.328125 0.6722222222222223 0.32447916666666665 0.6805555555555556 0.32083333333333336 0.6777777777777778 0.3182291666666667 0.6638888888888889 0.31875 0.6509259259259259 0.32135416666666666 0.6435185185185185 0.32395833333333335 0.6435185185185185
2 0.3958333333333333 0.6324074074074074 0.4 0.637962962962963 0.403125 0.6574074074074074 0.40208333333333335 0.6685185185185185 0.39791666666666664 0.6768518518518518 0.39166666666666666 0.6712962962962963 0.3890625 0.6574074074074074 0.38958333333333334 0.6407407407407407 0.3953125 0.6324074074074074
2 0.396875 0.24814814814814815 0.4005208333333333 0.25555555555555554 0.4010416666666667 0.2675925925925926 0.3958333333333333 0.2833333333333333 0.39010416666666664 0.27685185185185185 0.3890625 0.26481481481481484 0.3921875 0.25 0.3963541666666667 0.24814814814814815
2 0.3723958333333333 0.7657407407407407 0.36875 0.7620370370370371 0.36875 0.75 0.3734375 0.75 0.37447916666666664 0.7620370370370371 0.3729166666666667 0.7648148148148148
2 0.43125 0.5944444444444444 0.4328125 0.6055555555555555 0.43072916666666666 0.6092592592592593 0.42864583333333334 0.6074074074074074 0.4276041666666667 0.600925925925926 0.428125 0.5962962962962963 0.43072916666666666 0.5944444444444444
2 0.353125 0.4324074074074074 0.3567708333333333 0.4398148148148148 0.3578125 0.4537037037037037 0.35625 0.4666666666666667 0.35260416666666666 0.4722222222222222 0.3494791666666667 0.47129629629629627 0.3458333333333333 0.4601851851851852 0.346875 0.43796296296296294 0.35260416666666666 0.4324074074074074
2 0.3645833333333333 0.4787037037037037 0.3625 0.47685185185185186 0.3625 0.4675925925925926 0.36614583333333334 0.4675925925925926 0.3651041666666667 0.4777777777777778
2 0.346875 0.4111111111111111 0.3494791666666667 0.41574074074074074 0.3494791666666667 0.4305555555555556 0.346875 0.43425925925925923 0.34322916666666664 0.4287037037037037 0.34322916666666664 0.4166666666666667 0.3463541666666667 0.41203703703703703
2 0.45260416666666664 0.5583333333333333 0.4578125 0.5648148148148148 0.45989583333333334 0.5740740740740741 0.4588541666666667 0.5935185185185186 0.45260416666666664 0.600925925925926 0.446875 0.5962962962962963 0.44375 0.5787037037037037 0.44583333333333336 0.5648148148148148 0.45208333333333334 0.5583333333333333
2 0.3796875 0.5712962962962963 0.3807291666666667 0.5777777777777777 0.37864583333333335 0.5851851851851851 0.37604166666666666 0.5805555555555556 0.37604166666666666 0.575 0.37916666666666665 0.5712962962962963
2 0.44427083333333334 0.20185185185185187 0.44635416666666666 0.20555555555555555 0.44635416666666666 0.21851851851851853 0.4432291666666667 0.22777777777777777 0.4401041666666667 0.22777777777777777 0.43802083333333336 0.22407407407407406 0.4375 0.21296296296296297 0.43854166666666666 0.2074074074074074 0.44375 0.20185185185185187
2 0.37395833333333334 0.7037037037037037 0.3765625 0.712037037037037 0.3765625 0.7212962962962963 0.37447916666666664 0.7268518518518519 0.37135416666666665 0.725925925925926 0.3692708333333333 0.7194444444444444 0.3697916666666667 0.7064814814814815 0.3734375 0.7037037037037037
2 0.3885416666666667 0.3074074074074074 0.39479166666666665 0.3194444444444444 0.3927083333333333 0.3453703703703704 0.3890625 0.3509259259259259 0.3854166666666667 0.3509259259259259 0.38125 0.3351851851851852 0.38229166666666664 0.32037037037037036 0.3880208333333333 0.30833333333333335
2 0.3854166666666667 0.30185185185185187 0.38645833333333335 0.30925925925925923 0.3848958333333333 0.3138888888888889 0.38229166666666664 0.3138888888888889 0.38125 0.30925925925925923 0.38125 0.30462962962962964 0.3848958333333333 0.30185185185185187
2 0.390625 0.5981481481481481 0.3932291666666667 0.6055555555555555 0.3932291666666667 0.6277777777777778 0.3880208333333333 0.6361111111111111 0.38385416666666666 0.6324074074074074 0.38125 0.6231481481481481 0.3807291666666667 0.6092592592592593 0.3848958333333333 0.6111111111111112 0.39010416666666664 0.5990740740740741
2 0.41302083333333334 0.5208333333333334 0.007291666666666667 0.017592592592592594
1 0.28072916666666664 0 0.3463541666666667 0 0.34427083333333336 0.03611111111111111 0.33125 0.02962962962962963 0.32708333333333334 0.024074074074074074 0.29635416666666664 0.012962962962962963 0.28125 0.000925925925925926