0 0.41875 0.40555555555555556 0.4234375 0.41388888888888886 0.4640625 0.4212962962962963 0.4661458333333333 0.425 0.4661458333333333 0.43333333333333335 0.4635416666666667 0.4398148148148148 0.4359375 0.43425925925925923 0.421875 0.43425925925925923 0.41822916666666665 0.4388888888888889 0.4140625 0.4388888888888889 0.4114583333333333 0.4305555555555556 0.4114583333333333 0.4185185185185185 0.41354166666666664 0.4074074074074074 0.41822916666666665 0.40555555555555556
0 0.6203125 0.24814814814814815 0.6229166666666667 0.25092592592592594 0.625 0.2759259259259259 0.6265625 0.35185185185185186 0.63125 0.36574074074074076 0.6322916666666667 0.3814814814814815 0.628125 0.3925925925925926 0.6197916666666666 0.39537037037037037 0.6140625 0.39166666666666666 0.6104166666666667 0.38055555555555554 0.6104166666666667 0.3731481481481482 0.6145833333333334 0.3592592592592593 0.6114583333333333 0.25925925925925924 0.6135416666666667 0.25092592592592594 0.6197916666666666 0.24814814814814815
0 0.6192708333333333 0.11666666666666667 0.6286458333333333 0.1388888888888889 0.6270833333333333 0.15185185185185185 0.6197916666666666 0.15648148148148147 0.615625 0.15 0.6119791666666666 0.13055555555555556 0.6130208333333333 0.11944444444444445 0.61875 0.11666666666666667
0 0.5052083333333334 0.3675925925925926 0.5072916666666667 0.3712962962962963 0.5067708333333333 0.3787037037037037 0.496875 0.4 0.49114583333333334 0.4074074074074074 0.484375 0.40370370370370373 0.4828125 0.3962962962962963 0.48385416666666664 0.38981481481481484 0.5005208333333333 0.36944444444444446 0.5046875 0.3675925925925926
0 0.3770833333333333 0.12129629629629629 0.3802083333333333 0.12314814814814815 0.3828125 0.13055555555555556 0.38177083333333334 0.15092592592592594 0.37864583333333335 0.16018518518518518 0.3729166666666667 0.15648148148148147 0.3703125 0.13518518518518519 0.37135416666666665 0.125 0.3765625 0.12129629629629629
0 0.41822916666666665 0.2101851851851852 0.421875 0.21666666666666667 0.48385416666666664 0.24074074074074073 0.4864583333333333 0.24351851851851852 0.4864583333333333 0.2518518518518518 0.484375 0.2537037037037037 0.4515625 0.24074074074074073 0.4427083333333333 0.23425925925925925 0.425 0.22777777777777777 0.41354166666666664 0.22777777777777777 0.4114583333333333 0.22407407407407406 0.4119791666666667 0.21296296296296297 0.41458333333333336 0.20925925925925926 0.41770833333333335 0.2101851851851852
0 0.6265625 0.17037037037037037 0.6296875 0.17777777777777778 0.628125 0.18611111111111112 0.6072916666666667 0.20833333333333334 0.5994791666666667 0.20185185185185187 0.5979166666666667 0.1925925925925926 0.5989583333333334 0.18425925925925926 0.6046875 0.17685185185185184 0.6104166666666667 0.17777777777777778 0.6213541666666667 0.17037037037037037 0.6260416666666667 0.17037037037037037
0 0.3927083333333333 0.26296296296296295 0.013541666666666667 0.027777777777777776
0 0.571875 0.13796296296296295 0.5739583333333333 0.1388888888888889 0.5744791666666667 0.14444444444444443 0.5739583333333333 0.15185185185185185 0.5713541666666667 0.15462962962962962 0.5598958333333334 0.14722222222222223 0.5614583333333333 0.14074074074074075 0.5713541666666667 0.13796296296296295
0 0.3625 0.32037037037037036 0.3671875 0.32222222222222224 0.36875 0.32685185185185184 0.36770833333333336 0.337037037037037 0.36302083333333335 0.34074074074074073 0.353125 0.325 0.35520833333333335 0.31851851851851853 0.3619791666666667 0.32037037037037036
0 0.5328125 0.30277777777777776 0.5359375 0.30833333333333335 0.5359375 0.3148148148148148 0.5328125 0.3287037037037037 0.5265625 0.40370370370370373 0.5229166666666667 0.40925925925925927 0.51875 0.4074074074074074 0.51875 0.3861111111111111 0.5244791666666667 0.3472222222222222 0.5260416666666666 0.30925925925925923 0.528125 0.30462962962962964 0.5322916666666667 0.30277777777777776
0 0.5239583333333333 0.11574074074074074 0.5276041666666667 0.1259259259259259 0.5260416666666666 0.13703703703703704 0.515625 0.1398148148148148 0.509375 0.14537037037037037 0.5046875 0.14537037037037037 0.5026041666666666 0.14074074074074075 0.503125 0.13425925925925927 0.5161458333333333 0.12407407407407407 0.5192708333333333 0.11666666666666667 0.5234375 0.11574074074074074
0 0.41458333333333336 0.27314814814814814 0.434375 0.28888888888888886 0.44635416666666666 0.28703703703703703 0.4510416666666667 0.2935185185185185 0.453125 0.30277777777777776 0.4515625 0.31666666666666665 0.44947916666666665 0.32222222222222224 0.44427083333333334 0.32685185185185184 0.43854166666666666 0.32407407407407407 0.43072916666666666 0.3111111111111111 0.40989583333333335 0.2962962962962963 0.40572916666666664 0.2824074074074074 0.4083333333333333 0.275 0.4140625 0.27314814814814814
2 0.6130208333333333 0.2212962962962963 0.6203125 0.22592592592592592 0.6234375 0.2324074074074074 0.621875 0.2388888888888889 0.6166666666666667 0.24351851851851852 0.6020833333333333 0.2388888888888889 0.6010416666666667 0.23055555555555557 0.603125 0.225 0.6125 0.2212962962962963
2 0.39791666666666664 0.18055555555555555 0.39895833333333336 0.18703703703703703 0.3953125 0.19074074074074074 0.3890625 0.18981481481481483 0.3875 0.18425925925925926 0.39375 0.1787037037037037 0.39739583333333334 0.18055555555555555
2 0.540625 0.21203703703703702 0.5458333333333333 0.21666666666666667 0.546875 0.225 0.5390625 0.2324074074074074 0.5291666666666667 0.23055555555555557 0.5260416666666666 0.22592592592592592 0.5255208333333333 0.21944444444444444 0.5322916666666667 0.21203703703703702 0.5401041666666667 0.21203703703703702
2 0.5130208333333334 0.275 0.51875 0.28055555555555556 0.51875 0.28888888888888886 0.5145833333333333 0.29444444444444445 0.5057291666666667 0.2935185185185185 0.5010416666666667 0.28703703703703703 0.5020833333333333 0.27870370370370373 0.5125 0.275
2 0.6541666666666667 0.2777777777777778 0.659375 0.2824074074074074 0.6614583333333334 0.2898148148148148 0.659375 0.2962962962962963 0.6546875 0.29907407407407405 0.6447916666666667 0.29814814814814816 0.6375 0.2898148148148148 0.6375 0.2833333333333333 0.640625 0.27870370370370373 0.6536458333333334 0.2777777777777778
2 0.6075520833333333 0.26990740740740743 0.0078125 0.012037037037037037
2 0.425 0.3638888888888889 0.43072916666666666 0.36944444444444446 0.4328125 0.37962962962962965 0.42864583333333334 0.38796296296296295 0.421875 0.39166666666666666 0.4119791666666667 0.387037037037037 0.40989583333333335 0.3824074074074074 0.40989583333333335 0.37407407407407406 0.41458333333333336 0.36574074074074076 0.4244791666666667 0.3638888888888889
2 0.6848958333333334 0.287962962962963 0.6880208333333333 0.29259259259259257 0.6880208333333333 0.2972222222222222 0.6854166666666667 0.3 0.68125 0.29907407407407405 0.678125 0.2935185185185185 0.6791666666666667 0.28888888888888886 0.684375 0.287962962962963
2 0.43645833333333334 0.32685185185185184 0.4401041666666667 0.3314814814814815 0.4390625 0.3425925925925926 0.4296875 0.35 0.41822916666666665 0.3453703703703704 0.4161458333333333 0.3351851851851852 0.4197916666666667 0.3287037037037037 0.42604166666666665 0.325 0.4359375 0.32685185185185184
2 0.484375 0.20185185185185187 0.484375 0.2074074074074074 0.4786458333333333 0.20555555555555555 0.48072916666666665 0.20092592592592592 0.48385416666666664 0.20185185185185187
2 0.5541666666666667 0.20925925925925926 0.5552083333333333 0.21388888888888888 0.5536458333333333 0.21574074074074073 0.5484375 0.21296296296296297 0.55 0.20925925925925926 0.5536458333333333 0.20925925925925926
2 0.6114583333333333 0.24166666666666667 0.6151041666666667 0.24351851851851852 0.615625 0.24722222222222223 0.609375 0.2601851851851852 0.6 0.2574074074074074 0.5979166666666667 0.24722222222222223 0.6036458333333333 0.24074074074074073 0.6109375 0.24166666666666667
2 0.41041666666666665 0.16296296296296298 0.41302083333333334 0.16666666666666666 0.4125 0.17407407407407408 0.4041666666666667 0.17962962962962964 0.3958333333333333 0.17685185185185184 0.39375 0.17222222222222222 0.39427083333333335 0.1685185185185185 0.40208333333333335 0.16111111111111112 0.40989583333333335 0.16296296296296298
2 0.48125 0.16944444444444445 0.484375 0.17685185185185184 0.48072916666666665 0.18055555555555555 0.47552083333333334 0.17962962962962964 0.47291666666666665 0.17592592592592593 0.47604166666666664 0.16944444444444445 0.48072916666666665 0.16944444444444445
2 0.5713541666666667 0.36574074074074076 0.5776041666666667 0.37407407407407406 0.5786458333333333 0.38333333333333336 0.5708333333333333 0.3925925925925926 0.5604166666666667 0.39166666666666666 0.5526041666666667 0.3814814814814815 0.553125 0.3731481481481482 0.5572916666666666 0.36666666666666664 0.5708333333333333 0.36574074074074076
2 0.5484375 0.19166666666666668 0.5515625 0.19722222222222222 0.546875 0.20277777777777778 0.5416666666666666 0.20092592592592592 0.5401041666666667 0.19537037037037036 0.5432291666666667 0.19166666666666668 0.5479166666666667 0.19166666666666668
2 0.6442708333333333 0.22962962962962963 0.6494791666666667 0.2351851851851852 0.6494791666666667 0.24166666666666667 0.64375 0.2462962962962963 0.6354166666666666 0.24444444444444444 0.6317708333333333 0.23796296296296296 0.634375 0.23055555555555557 0.64375 0.22962962962962963
1 0.2265625 0.15231481481481482 0.03854166666666667 0.14722222222222223
1 0.9848958333333333 0.46296296296296297 0.9864583333333333 0.48055555555555557 0.9802083333333333 0.5009259259259259 0.9838541666666667 0.5166666666666667 0.9833333333333333 0.5314814814814814 0.9541666666666667 0.6268518518518519 0.95 0.6324074074074074 0.9421875 0.6324074074074074 0.928125 0.6231481481481481 0.9229166666666667 0.6101851851851852 0.9213541666666667 0.5916666666666667 0.9307291666666667 0.5564814814814815 0.9411458333333333 0.5296296296296297 0.9484375 0.4925925925925926 0.953125 0.48703703703703705 0.9609375 0.48518518518518516 0.9661458333333334 0.4703703703703704 0.9697916666666667 0.4666666666666667 0.9796875 0.46111111111111114 0.984375 0.46296296296296297
1 0.9604166666666667 0.2675925925925926 0.9697916666666667 0.275 0.9729166666666667 0.2824074074074074 0.9734375 0.2898148148148148 0.9598958333333333 0.2953703703703704 0.9572916666666667 0.3 0.9427083333333334 0.362962962962963 0.9390625 0.37407407407407406 0.9359375 0.37592592592592594 0.9260416666666667 0.36944444444444446 0.9208333333333333 0.3611111111111111 0.9208333333333333 0.34814814814814815 0.9395833333333333 0.26944444444444443 0.9453125 0.26481481481481484 0.9598958333333333 0.2675925925925926
1 0.9776041666666667 0.2935185185185185 0.9885416666666667 0.30648148148148147 0.9921875 0.3148148148148148 0.9864583333333333 0.3287037037037037 0.978125 0.36666666666666664 0.9666666666666667 0.4027777777777778 0.9609375 0.4074074074074074 0.9541666666666667 0.4074074074074074 0.9458333333333333 0.4027777777777778 0.9395833333333333 0.39351851851851855 0.9385416666666667 0.38055555555555554 0.9557291666666666 0.31574074074074077 0.9578125 0.29907407407407405 0.9625 0.2953703703703704 0.9770833333333333 0.29444444444444445
1 0.9604166666666667 0.20925925925925926 0.9671875 0.21203703703703702 0.9734375 0.22037037037037038 0.9713541666666666 0.2361111111111111 0.9661458333333334 0.24537037037037038 0.9651041666666667 0.25555555555555554 0.9604166666666667 0.2657407407407407 0.9411458333333333 0.26296296296296295 0.9494791666666667 0.21388888888888888 0.9526041666666667 0.2101851851851852 0.9598958333333333 0.20925925925925926
1 0.9182291666666667 0.4046296296296296 0.921875 0.4111111111111111 0.9213541666666667 0.44907407407407407 0.9265625 0.4638888888888889 0.928125 0.48333333333333334 0.9145833333333333 0.5416666666666666 0.9046875 0.55 0.89375 0.549074074074074 0.8786458333333333 0.5388888888888889 0.8697916666666666 0.524074074074074 0.86875 0.5138888888888888 0.875 0.4888888888888889 0.8760416666666667 0.47685185185185186 0.8822916666666667 0.45555555555555555 0.8869791666666667 0.44907407407407407 0.9015625 0.44074074074074077 0.9125 0.4203703703703704 0.9145833333333333 0.4074074074074074 0.9177083333333333 0.4046296296296296
1 0.18958333333333333 0.08981481481481482 0.1921875 0.09351851851851851 0.19427083333333334 0.1037037037037037 0.20052083333333334 0.11018518518518519 0.203125 0.11666666666666667 0.20677083333333332 0.1398148148148148 0.20885416666666667 0.17314814814814813 0.21770833333333334 0.2222222222222222 0.21666666666666667 0.225 0.20052083333333334 0.22777777777777777 0.1921875 0.22777777777777777 0.19114583333333332 0.225 0.18697916666666667 0.18796296296296297 0.175 0.12222222222222222 0.17916666666666667 0.10925925925925926 0.178125 0.09444444444444444 0.18177083333333333 0.08981481481481482 0.1890625 0.08981481481481482
1 0.9875 0.23796296296296296 0.9927083333333333 0.24351851851851852 0.9932291666666667 0.26851851851851855 0.984375 0.28888888888888886 0.9807291666666667 0.29074074074074074 0.9739583333333334 0.287962962962963 0.9723958333333333 0.2796296296296296 0.965625 0.26851851851851855 0.965625 0.2611111111111111 0.9734375 0.24074074074074073 0.9802083333333333 0.2361111111111111 0.9869791666666666 0.23796296296296296
1 0.8958333333333334 0.36574074074074076 0.8984375 0.3685185185185185 0.8953125 0.38055555555555554 0.8807291666666667 0.3851851851851852 0.8791666666666667 0.3925925925925926 0.8755208333333333 0.3962962962962963 0.8828125 0.40370370370370373 0.8776041666666666 0.4425925925925926 0.878125 0.4638888888888889 0.8723958333333334 0.48055555555555557 0.8635416666666667 0.49722222222222223 0.8541666666666666 0.5027777777777778 0.840625 0.5009259259259259 0.8307291666666666 0.4888888888888889 0.8286458333333333 0.4722222222222222 0.8302083333333333 0.44814814814814813 0.8390625 0.425 0.8494791666666667 0.4148148148148148 0.8557291666666667 0.4009259259259259 0.8609375 0.3972222222222222 0.8651041666666667 0.362962962962963 0.8953125 0.36574074074074076