0 0.5385416666666667 0.2851851851851852 0.5515625 0.2935185185185185 0.5520833333333334 0.30092592592592593 0.5494791666666666 0.3111111111111111 0.5447916666666667 0.3101851851851852 0.5359375 0.29259259259259257 0.5354166666666667 0.28703703703703703 0.5380208333333333 0.2851851851851852
0 0.5208333333333334 0.6083333333333333 0.5260416666666666 0.6148148148148148 0.5270833333333333 0.6203703703703703 0.521875 0.6305555555555555 0.5171875 0.6537037037037037 0.49947916666666664 0.7712962962962963 0.4953125 0.775 0.4921875 0.774074074074074 0.4921875 0.7675925925925926 0.5161458333333333 0.6296296296296297 0.5161458333333333 0.6129629629629629 0.5203125 0.6083333333333333
0 0.565625 0.6259259259259259 0.565625 0.5935185185185186 0.5692708333333333 0.5981481481481481 0.5739583333333333 0.6185185185185185 0.571875 0.6259259259259259 0.5661458333333333 0.6259259259259259
0 0.5541666666666667 0.3101851851851852 0.5583333333333333 0.31203703703703706 0.5598958333333334 0.3194444444444444 0.5515625 0.3398148148148148 0.5479166666666667 0.3398148148148148 0.546875 0.3351851851851852 0.5510416666666667 0.31203703703703706 0.5536458333333333 0.3101851851851852
0 0.4947916666666667 0.5555555555555556 0.5057291666666667 0.587037037037037 0.5057291666666667 0.5972222222222222 0.5036458333333333 0.6018518518518519 0.4979166666666667 0.6 0.48125 0.575925925925926 0.48072916666666665 0.5675925925925925 0.484375 0.5574074074074075 0.4890625 0.5527777777777778 0.4942708333333333 0.5555555555555556
0 0.6401041666666667 0.39444444444444443 0.64375 0.4027777777777778 0.64375 0.4101851851851852 0.6369791666666667 0.41944444444444445 0.6177083333333333 0.4083333333333333 0.6161458333333333 0.39814814814814814 0.61875 0.39351851851851855 0.6359375 0.39166666666666666 0.6395833333333333 0.39444444444444443
0 0.44479166666666664 0.19074074074074074 0.4484375 0.19722222222222222 0.503125 0.37037037037037035 0.509375 0.387037037037037 0.5177083333333333 0.3972222222222222 0.51875 0.40370370370370373 0.5151041666666667 0.41574074074074074 0.5052083333333334 0.42407407407407405 0.5 0.4222222222222222 0.4984375 0.4148148148148148 0.5005208333333333 0.4101851851851852 0.5005208333333333 0.4027777777777778 0.49375 0.3861111111111111 0.475 0.3212962962962963 0.4666666666666667 0.30092592592592593 0.4484375 0.23981481481481481 0.43385416666666665 0.20185185185185187 0.43645833333333334 0.19537037037037036 0.44427083333333334 0.19074074074074074
0 0.5661458333333333 0.225 0.5697916666666667 0.22407407407407406 0.5723958333333333 0.23055555555555557 0.5859375 0.3388888888888889 0.5911458333333334 0.3592592592592593 0.5895833333333333 0.3675925925925926 0.5854166666666667 0.37037037037037035 0.5822916666666667 0.3675925925925926 0.5807291666666666 0.3425925925925926 0.5661458333333333 0.22592592592592592
0 0.5703125 0.7444444444444445 0.5744791666666667 0.75 0.5713541666666667 0.8231481481481482 0.5744791666666667 0.8296296296296296 0.5755208333333334 0.8379629629629629 0.571875 0.8435185185185186 0.559375 0.8416666666666667 0.5526041666666667 0.8361111111111111 0.5541666666666667 0.825 0.5583333333333333 0.8194444444444444 0.559375 0.8138888888888889 0.5630208333333333 0.7490740740740741 0.5666666666666667 0.7435185185185185 0.5697916666666667 0.7444444444444445
0 0.6265625 0.5962962962962963 0.6291666666666667 0.5990740740740741 0.6265625 0.6129629629629629 0.6265625 0.6453703703703704 0.625 0.6555555555555556 0.6223958333333334 0.6574074074074074 0.6166666666666667 0.6564814814814814 0.6151041666666667 0.6518518518518519 0.6145833333333334 0.5990740740740741 0.6177083333333333 0.5953703703703703 0.6260416666666667 0.5962962962962963
0 0.5927083333333333 0.6305555555555555 0.6067708333333334 0.6333333333333333 0.6083333333333333 0.6425925925925926 0.60625 0.65 0.590625 0.649074074074074 0.5786458333333333 0.6444444444444445 0.5770833333333333 0.6407407407407407 0.578125 0.6324074074074074 0.5921875 0.6305555555555555
0 0.6052083333333333 0.8217592592592593 0.021875 0.01574074074074074
0 0.565625 0.3962962962962963 0.56875 0.4027777777777778 0.5682291666666667 0.4101851851851852 0.5614583333333333 0.4324074074074074 0.5557291666666667 0.43796296296296294 0.5510416666666667 0.4361111111111111 0.5484375 0.43148148148148147 0.5473958333333333 0.41759259259259257 0.5520833333333334 0.40925925925925927 0.5651041666666666 0.3962962962962963
2 0.5200520833333333 0.47314814814814815 0.016145833333333335 0.046296296296296294
2 0.5234375 0.6606481481481481 0.015625 0.04722222222222222
2 0.5877604166666667 0.6842592592592592 0.009895833333333333 0.03333333333333333
2 0.58125 0.5888888888888889 0.5833333333333334 0.5944444444444444 0.5828125 0.6 0.5786458333333333 0.6 0.5786458333333333 0.5916666666666667 0.5807291666666666 0.5898148148148148
2 0.6078125 0.4787037037037037 0.6098958333333333 0.49166666666666664 0.6088541666666667 0.4981481481481482 0.6067708333333334 0.5 0.603125 0.49537037037037035 0.603125 0.4842592592592593 0.6072916666666667 0.4787037037037037
2 0.6083333333333333 0.2833333333333333 0.6109375 0.2833333333333333 0.6119791666666666 0.28703703703703703 0.6119791666666666 0.29259259259259257 0.609375 0.29444444444444445 0.6078125 0.29259259259259257 0.6083333333333333 0.28425925925925927
2 0.5520833333333334 0.7685185185185185 0.5546875 0.7731481481481481 0.5557291666666667 0.7898148148148149 0.5526041666666667 0.8055555555555556 0.5489583333333333 0.8101851851851852 0.5432291666666667 0.8046296296296296 0.5427083333333333 0.7861111111111111 0.5453125 0.7722222222222223 0.5484375 0.7675925925925926 0.5515625 0.7685185185185185
2 0.6046875 0.41203703703703703 0.6078125 0.41944444444444445 0.6067708333333334 0.43148148148148147 0.6026041666666667 0.4324074074074074 0.6010416666666667 0.42685185185185187 0.6015625 0.41574074074074074 0.6041666666666666 0.412962962962963
2 0.55625 0.4398148148148148 0.5588541666666667 0.44814814814814813 0.559375 0.4666666666666667 0.5578125 0.475 0.5526041666666667 0.48055555555555557 0.55 0.47962962962962963 0.546875 0.4703703703703704 0.5458333333333333 0.45555555555555555 0.55 0.4388888888888889 0.5557291666666667 0.4398148148148148
2 0.5479166666666667 0.3574074074074074 0.5520833333333334 0.3611111111111111 0.5552083333333333 0.3731481481481482 0.5536458333333333 0.3990740740740741 0.5520833333333334 0.40185185185185185 0.5453125 0.39814814814814814 0.5416666666666666 0.387037037037037 0.5421875 0.36666666666666664 0.5442708333333334 0.36018518518518516 0.5473958333333333 0.35833333333333334
2 0.5630208333333333 0.3638888888888889 0.5645833333333333 0.37037037037037035 0.5630208333333333 0.37777777777777777 0.559375 0.37407407407407406 0.5598958333333334 0.36574074074074076 0.5625 0.3638888888888889
2 0.5520833333333334 0.5324074074074074 0.5489583333333333 0.5277777777777778 0.55 0.5166666666666667 0.5536458333333333 0.5148148148148148 0.5552083333333333 0.5194444444444445 0.5552083333333333 0.5277777777777778 0.5526041666666667 0.5314814814814814
2 0.6375 0.4740740740740741 0.6401041666666667 0.49074074074074076 0.6385416666666667 0.5 0.6359375 0.5027777777777778 0.6317708333333333 0.4962962962962963 0.63125 0.4842592592592593 0.6333333333333333 0.4759259259259259 0.6369791666666667 0.4740740740740741
2 0.5479166666666667 0.549074074074074 0.5505208333333333 0.5518518518518518 0.553125 0.5638888888888889 0.553125 0.5768518518518518 0.5479166666666667 0.5916666666666667 0.5432291666666667 0.5907407407407408 0.5395833333333333 0.5777777777777777 0.540625 0.5592592592592592 0.5427083333333333 0.5518518518518518 0.5473958333333333 0.549074074074074
2 0.5770833333333333 0.5055555555555555 0.5791666666666667 0.5203703703703704 0.5755208333333334 0.5287037037037037 0.571875 0.5222222222222223 0.571875 0.5111111111111111 0.5739583333333333 0.5055555555555555 0.5765625 0.5055555555555555
2 0.5552083333333333 0.6138888888888889 0.5567708333333333 0.6296296296296297 0.5526041666666667 0.637962962962963 0.55 0.6361111111111111 0.5484375 0.6259259259259259 0.55 0.6166666666666667 0.5546875 0.6138888888888889
2 0.5994791666666667 0.5481481481481482 0.603125 0.5564814814814815 0.6036458333333333 0.5694444444444444 0.6015625 0.5787037037037037 0.5984375 0.5814814814814815 0.5932291666666667 0.5777777777777777 0.5916666666666667 0.562037037037037 0.59375 0.5518518518518518 0.5989583333333334 0.5481481481481482
2 0.5125 0.3074074074074074 0.5166666666666667 0.3138888888888889 0.5192708333333333 0.32685185185185184 0.51875 0.34444444444444444 0.5135416666666667 0.3537037037037037 0.5104166666666666 0.3537037037037037 0.5067708333333333 0.34814814814814815 0.5036458333333333 0.3333333333333333 0.5052083333333334 0.31296296296296294 0.5083333333333333 0.3074074074074074 0.5119791666666667 0.3074074074074074
1 0.68125 0 0.6807291666666667 0.014814814814814815 0.6734375 0.020370370370370372 0.6677083333333333 0.03518518518518519 0.6302083333333334 0.046296296296296294 0.6151041666666667 0.053703703703703705 0.6078125 0.05277777777777778 0.60625 0.025925925925925925 0.60625 0.013888888888888888 0.6078125 0.010185185185185186 0.634375 0 0.6807291666666667 0
1 0.6682291666666667 0.04259259259259259 0.6848958333333334 0.04537037037037037 0.6869791666666667 0.05925925925925926 0.684375 0.06759259259259259 0.6765625 0.07037037037037037 0.6567708333333333 0.08611111111111111 0.6244791666666667 0.09722222222222222 0.6088541666666667 0.10833333333333334 0.6067708333333334 0.08333333333333333 0.6067708333333334 0.06296296296296296 0.6088541666666667 0.05740740740740741 0.6442708333333333 0.044444444444444446 0.6677083333333333 0.04259259259259259