0 0.6713541666666667 0.2351851851851852 0.6786458333333333 0.24166666666666667 0.6828125 0.25833333333333336 0.6817708333333333 0.2675925925925926 0.6776041666666667 0.26851851851851855 0.6651041666666667 0.25462962962962965 0.6640625 0.24351851851851852 0.6671875 0.23703703703703705 0.6708333333333333 0.2361111111111111
0 0.7026041666666667 0.2851851851851852 0.7036458333333333 0.29259259259259257 0.7005208333333334 0.29814814814814816 0.6994791666666667 0.32314814814814813 0.6973958333333333 0.3314814814814815 0.690625 0.3296296296296296 0.6921875 0.29814814814814816 0.6895833333333333 0.29259259259259257 0.6895833333333333 0.28703703703703703 0.69375 0.28425925925925927 0.7020833333333333 0.2851851851851852
0 0.5635416666666667 0.05925925925925926 0.5666666666666667 0.06851851851851852 0.5661458333333333 0.08333333333333333 0.6203125 0.2212962962962963 0.6223958333333334 0.23425925925925925 0.6182291666666667 0.24444444444444444 0.6140625 0.24444444444444444 0.6067708333333334 0.23425925925925925 0.5588541666666667 0.10648148148148148 0.54375 0.08888888888888889 0.5432291666666667 0.07592592592592592 0.5479166666666667 0.06388888888888888 0.5552083333333333 0.05740740740740741 0.5630208333333333 0.05925925925925926
0 0.6677083333333333 0.36666666666666664 0.6708333333333333 0.3712962962962963 0.6692708333333334 0.3925925925925926 0.671875 0.41944444444444445 0.6713541666666667 0.42777777777777776 0.66875 0.4305555555555556 0.6609375 0.4287037037037037 0.6578125 0.39444444444444443 0.6541666666666667 0.37962962962962965 0.6557291666666667 0.37037037037037035 0.6604166666666667 0.36666666666666664 0.6671875 0.36666666666666664
0 0.6895833333333333 0.6203703703703703 0.6895833333333333 0.6342592592592593 0.6875 0.6416666666666667 0.68125 0.6398148148148148 0.6796875 0.6314814814814815 0.6833333333333333 0.6212962962962963 0.6890625 0.6203703703703703
0 0.5145833333333333 0.8287037037037037 0.5109375 0.825925925925926 0.5083333333333333 0.8185185185185185 0.5083333333333333 0.8083333333333333 0.5114583333333333 0.8027777777777778 0.5244791666666667 0.7972222222222223 0.5661458333333333 0.7555555555555555 0.5713541666666667 0.7546296296296297 0.5729166666666666 0.7620370370370371 0.571875 0.7657407407407407 0.5223958333333333 0.8157407407407408 0.5177083333333333 0.8268518518518518 0.5151041666666667 0.8277777777777777
0 0.690625 0.4583333333333333 0.6921875 0.4638888888888889 0.6911458333333333 0.5185185185185185 0.6947916666666667 0.5231481481481481 0.6963541666666667 0.5305555555555556 0.6927083333333334 0.5453703703703704 0.6770833333333334 0.5398148148148149 0.6744791666666666 0.5342592592592592 0.675 0.5259259259259259 0.6796875 0.5166666666666667 0.68125 0.4648148148148148 0.6833333333333333 0.4601851851851852 0.6901041666666666 0.4583333333333333
0 0.6067708333333334 0.35833333333333334 0.609375 0.3731481481481482 0.6098958333333333 0.42777777777777776 0.6135416666666667 0.43333333333333335 0.6125 0.44074074074074077 0.6083333333333333 0.44166666666666665 0.5984375 0.44166666666666665 0.5953125 0.43703703703703706 0.5994791666666667 0.42314814814814816 0.5984375 0.36018518518518516 0.6010416666666667 0.3574074074074074 0.60625 0.35833333333333334
0 0.5859375 0.3574074074074074 0.5927083333333333 0.3638888888888889 0.5953125 0.37222222222222223 0.5953125 0.38055555555555554 0.5859375 0.39537037037037037 0.571875 0.42685185185185187 0.5671875 0.42592592592592593 0.5635416666666667 0.4212962962962963 0.5630208333333333 0.40925925925925927 0.5765625 0.36666666666666664 0.5817708333333333 0.35833333333333334 0.5854166666666667 0.3574074074074074
0 0.6958333333333333 0.36944444444444446 0.6979166666666666 0.3731481481481482 0.6963541666666667 0.3972222222222222 0.6994791666666667 0.475 0.6994791666666667 0.4962962962962963 0.6973958333333333 0.4981481481481482 0.6927083333333334 0.49537037037037035 0.690625 0.3851851851851852 0.6880208333333333 0.37407407407407406 0.690625 0.36944444444444446 0.6953125 0.36944444444444446
0 0.6052083333333333 0.26666666666666666 0.6072916666666667 0.26944444444444443 0.609375 0.2861111111111111 0.6125 0.2916666666666667 0.6114583333333333 0.2972222222222222 0.6072916666666667 0.3 0.6036458333333333 0.3 0.6020833333333333 0.2953703703703704 0.6010416666666667 0.2740740740740741 0.6015625 0.26851851851851855 0.6046875 0.26666666666666666
0 0.6661458333333333 0.5703703703703704 0.6703125 0.5722222222222222 0.671875 0.5768518518518518 0.66875 0.5842592592592593 0.6661458333333333 0.6175925925925926 0.6635416666666667 0.6203703703703703 0.6604166666666667 0.6166666666666667 0.659375 0.6074074074074074 0.6614583333333334 0.5740740740740741 0.6630208333333333 0.5703703703703704 0.665625 0.5703703703703704
0 0.696875 0.5203703703703704 0.7005208333333334 0.5259259259259259 0.6984375 0.5333333333333333 0.6947916666666667 0.5305555555555556 0.6927083333333334 0.5222222222222223 0.6963541666666667 0.5203703703703704
2 0.6421875 0.3814814814814815 0.6421875 0.39351851851851855 0.6395833333333333 0.39166666666666666 0.6395833333333333 0.3824074074074074 0.6416666666666667 0.3814814814814815
2 0.6208333333333333 0.31666666666666665 0.625 0.32592592592592595 0.625 0.33425925925925926 0.6223958333333334 0.3398148148148148 0.6182291666666667 0.33611111111111114 0.6171875 0.3277777777777778 0.6182291666666667 0.3175925925925926 0.6203125 0.31666666666666665
2 0.6260416666666667 0.4638888888888889 0.6296875 0.4722222222222222 0.6307291666666667 0.487962962962963 0.628125 0.5018518518518519 0.625 0.5046296296296297 0.6203125 0.5046296296296297 0.61875 0.5009259259259259 0.6177083333333333 0.47685185185185186 0.6203125 0.46574074074074073 0.6255208333333333 0.4638888888888889
2 0.6458333333333334 0.5092592592592593 0.65 0.5138888888888888 0.6515625 0.5212962962962963 0.65 0.537962962962963 0.6473958333333333 0.5416666666666666 0.6427083333333333 0.5351851851851852 0.6421875 0.5175925925925926 0.6453125 0.5101851851851852
2 0.6182291666666667 0.5009259259259259 0.6203125 0.5009259259259259 0.6213541666666667 0.5055555555555555 0.6203125 0.5138888888888888 0.61875 0.512962962962963 0.6182291666666667 0.5018518518518519
2 0.58828125 0.5555555555555556 0.015104166666666667 0.044444444444444446
2 0.5739583333333333 0.625 0.578125 0.6314814814814815 0.5791666666666667 0.65 0.5765625 0.662962962962963 0.5729166666666666 0.6694444444444444 0.5666666666666667 0.6648148148148149 0.5645833333333333 0.6435185185185185 0.5671875 0.6287037037037037 0.5734375 0.625
2 0.6614583333333334 0.6925925925925925 0.665625 0.6972222222222222 0.6671875 0.7055555555555556 0.6651041666666667 0.7231481481481481 0.6604166666666667 0.7277777777777777 0.65625 0.7194444444444444 0.65625 0.7027777777777777 0.6578125 0.6962962962962963 0.6609375 0.6935185185185185
2 0.6010416666666667 0.6666666666666666 0.6046875 0.6694444444444444 0.6072916666666667 0.6777777777777778 0.6072916666666667 0.6925925925925925 0.6046875 0.7055555555555556 0.6015625 0.7101851851851851 0.596875 0.7092592592592593 0.5932291666666667 0.6962962962962963 0.5947916666666667 0.675 0.6005208333333333 0.6675925925925926
2 0.5885416666666666 0.6787037037037037 0.5901041666666667 0.6888888888888889 0.5875 0.6962962962962963 0.5833333333333334 0.6935185185185185 0.5828125 0.687037037037037 0.5848958333333333 0.6787037037037037 0.5880208333333333 0.6787037037037037
2 0.6614583333333334 0.6231481481481481 0.6645833333333333 0.6314814814814815 0.6651041666666667 0.6462962962962963 0.6635416666666667 0.6564814814814814 0.6598958333333333 0.6611111111111111 0.6557291666666667 0.6555555555555556 0.6546875 0.6361111111111111 0.6557291666666667 0.6287037037037037 0.6609375 0.6231481481481481
2 0.6119791666666666 0.6759259259259259 0.6177083333333333 0.675 0.621875 0.687037037037037 0.6203125 0.7074074074074074 0.6166666666666667 0.7157407407407408 0.6125 0.7157407407407408 0.6083333333333333 0.7037037037037037 0.6088541666666667 0.687037037037037 0.6119791666666666 0.6768518518518518
2 0.675 0.3194444444444444 0.6776041666666667 0.32314814814814813 0.6796875 0.3333333333333333 0.6791666666666667 0.3490740740740741 0.675 0.3574074074074074 0.6713541666666667 0.35185185185185186 0.6692708333333334 0.34074074074074073 0.6703125 0.32407407407407407 0.6744791666666666 0.3194444444444444
2 0.55390625 0.5018518518518519 0.013020833333333334 0.037037037037037035
2 0.5989583333333334 0.5472222222222223 0.6015625 0.5509259259259259 0.6020833333333333 0.5583333333333333 0.6010416666666667 0.5638888888888889 0.5984375 0.5657407407407408 0.5958333333333333 0.5638888888888889 0.5958333333333333 0.5509259259259259 0.5984375 0.5472222222222223
2 0.5260416666666666 0.562962962962963 0.5291666666666667 0.5694444444444444 0.5291666666666667 0.5777777777777777 0.5265625 0.5833333333333334 0.5229166666666667 0.5824074074074074 0.5208333333333334 0.5777777777777777 0.5213541666666667 0.5666666666666667 0.5255208333333333 0.562962962962963
2 0.6786458333333333 0.36944444444444446 0.6817708333333333 0.375 0.68125 0.38796296296296295 0.6791666666666667 0.3907407407407407 0.6760416666666667 0.3851851851851852 0.6755208333333333 0.375 0.678125 0.37037037037037035
2 0.6427083333333333 0.29814814814814816 0.6447916666666667 0.3037037037037037 0.6447916666666667 0.3138888888888889 0.6427083333333333 0.3194444444444444 0.6390625 0.3175925925925926 0.6375 0.3074074074074074 0.6385416666666667 0.29907407407407405 0.6421875 0.29814814814814816
1 0.69140625 1.0384259259259259 0.07864583333333333 0.07685185185185185
1 0.6557291666666667 0.9537037037037037 0.665625 0.9537037037037037 0.6979166666666666 0.9703703703703703 0.7078125 0.9722222222222222 0.7234375 0.9907407407407407 0.7317708333333334 0.9916666666666667 0.7359375 0.9972222222222222 0.659375 0.9990740740740741 0.6546875 0.9916666666666667 0.6557291666666667 0.9546296296296296