0 0.5708333333333333 0.7333333333333333 0.5859375 0.7435185185185185 0.5864583333333333 0.7555555555555555 0.5822916666666667 0.7620370370370371 0.578125 0.7620370370370371 0.5614583333333333 0.7435185185185185 0.5619791666666667 0.7314814814814815 0.5703125 0.7333333333333333
0 0.6197916666666666 0.49722222222222223 0.6223958333333334 0.5046296296296297 0.6223958333333334 0.5120370370370371 0.6104166666666667 0.5518518518518518 0.6125 0.5638888888888889 0.6114583333333333 0.5694444444444444 0.6046875 0.5796296296296296 0.59375 0.575 0.5890625 0.5638888888888889 0.5890625 0.5564814814814815 0.5953125 0.5453703703703704 0.596875 0.5361111111111111 0.6046875 0.5222222222222223 0.609375 0.5027777777777778 0.6140625 0.4962962962962963 0.6192708333333333 0.49722222222222223
0 0.6598958333333333 0.287962962962963 0.6645833333333333 0.29259259259259257 0.6645833333333333 0.3 0.6598958333333333 0.3111111111111111 0.6463541666666667 0.41203703703703703 0.6427083333333333 0.4203703703703704 0.6380208333333334 0.41944444444444445 0.6380208333333334 0.4111111111111111 0.6510416666666666 0.32685185185185184 0.653125 0.2935185185185185 0.659375 0.287962962962963
0 0.5299479166666666 0.32037037037037036 0.0390625 0.07037037037037037
0 0.615625 0.44537037037037036 0.6177083333333333 0.4546296296296296 0.6135416666666667 0.46296296296296297 0.6026041666666667 0.45925925925925926 0.6015625 0.44722222222222224 0.6104166666666667 0.44351851851851853 0.6151041666666667 0.44537037037037036
0 0.7052083333333333 0.39537037037037037 0.7067708333333333 0.3972222222222222 0.7067708333333333 0.4046296296296296 0.7020833333333333 0.41388888888888886 0.7026041666666667 0.5907407407407408 0.6984375 0.5944444444444444 0.690625 0.5907407407407408 0.6885416666666667 0.5018518518518519 0.690625 0.4287037037037037 0.6864583333333333 0.4009259259259259 0.6875 0.3972222222222222 0.6916666666666667 0.39537037037037037 0.7046875 0.39537037037037037
0 0.6432291666666666 0.21944444444444444 0.6453125 0.225 0.6427083333333333 0.23333333333333334 0.6447916666666667 0.35833333333333334 0.6447916666666667 0.3675925925925926 0.6427083333333333 0.3731481481481482 0.6380208333333334 0.37037037037037035 0.6369791666666667 0.36018518518518516 0.6348958333333333 0.32314814814814813 0.6354166666666666 0.25277777777777777 0.6328125 0.22592592592592592 0.6359375 0.22037037037037038 0.6427083333333333 0.21944444444444444
0 0.6484375 0.6685185185185185 0.6552083333333333 0.674074074074074 0.6552083333333333 0.6814814814814815 0.6526041666666667 0.687962962962963 0.6520833333333333 0.7333333333333333 0.6505208333333333 0.7379629629629629 0.6421875 0.737037037037037 0.6401041666666667 0.7324074074074074 0.6375 0.6824074074074075 0.6390625 0.6703703703703704 0.6479166666666667 0.6685185185185185
0 0.5833333333333334 0.4898148148148148 0.5921875 0.49907407407407406 0.6015625 0.5018518518518519 0.6052083333333333 0.5074074074074074 0.6046875 0.5194444444444445 0.5989583333333334 0.5296296296296297 0.5921875 0.525 0.5864583333333333 0.512962962962963 0.5776041666666667 0.5018518518518519 0.5776041666666667 0.4935185185185185 0.5828125 0.4898148148148148
0 0.575 0.40925925925925927 0.5963541666666666 0.41574074074074074 0.5989583333333334 0.42407407407407405 0.5989583333333334 0.43148148148148147 0.5947916666666667 0.44074074074074077 0.5890625 0.4398148148148148 0.5833333333333334 0.43148148148148147 0.5734375 0.42685185185185187 0.5703125 0.4212962962962963 0.5703125 0.4148148148148148 0.5744791666666667 0.40925925925925927
0 0.6010416666666667 0.36944444444444446 0.6046875 0.44537037037037036 0.6005208333333333 0.4462962962962963 0.5927083333333333 0.44537037037037036 0.6 0.4324074074074074 0.5973958333333333 0.41574074074074074 0.5885416666666666 0.412962962962963 0.5864583333333333 0.38333333333333336 0.5885416666666666 0.37222222222222223 0.6005208333333333 0.36944444444444446
0 0.6026041666666667 0.36574074074074076 0.6072916666666667 0.36666666666666664 0.6088541666666667 0.37222222222222223 0.6036458333333333 0.3907407407407407 0.603125 0.41203703703703703 0.6020833333333333 0.37222222222222223 0.5973958333333333 0.3675925925925926 0.6020833333333333 0.36574074074074076
0 0.6130208333333333 0.5796296296296296 0.6166666666666667 0.5824074074074074 0.6161458333333333 0.5925925925925926 0.6203125 0.6018518518518519 0.6177083333333333 0.6101851851851852 0.6140625 0.6083333333333333 0.6104166666666667 0.5972222222222222 0.6067708333333334 0.6 0.6052083333333333 0.5972222222222222 0.6067708333333334 0.5824074074074074 0.6125 0.5796296296296296
2 0.5453125 0.5 0.55 0.5083333333333333 0.5515625 0.5277777777777778 0.5479166666666667 0.5425925925925926 0.5421875 0.5481481481481482 0.5359375 0.537962962962963 0.534375 0.5185185185185185 0.5364583333333334 0.5074074074074074 0.5395833333333333 0.5018518518518519 0.5447916666666667 0.5
2 0.5598958333333334 0.6509259259259259 0.5630208333333333 0.6509259259259259 0.5651041666666666 0.6564814814814814 0.5635416666666667 0.6685185185185185 0.559375 0.6703703703703704 0.5578125 0.6583333333333333 0.5598958333333334 0.6518518518518519
2 0.5541666666666667 0.18703703703703703 0.55625 0.18981481481481483 0.5572916666666666 0.20092592592592592 0.5536458333333333 0.2037037037037037 0.5520833333333334 0.2 0.5520833333333334 0.18981481481481483 0.5536458333333333 0.18796296296296297
2 0.534375 0.4722222222222222 0.5380208333333333 0.4824074074074074 0.5385416666666667 0.49537037037037035 0.5369791666666667 0.5055555555555555 0.53125 0.5120370370370371 0.528125 0.5111111111111111 0.525 0.5027777777777778 0.5239583333333333 0.4842592592592593 0.5286458333333334 0.47129629629629627 0.5338541666666666 0.4722222222222222
2 0.5557291666666667 0.6018518518518519 0.5578125 0.6074074074074074 0.5578125 0.6194444444444445 0.5546875 0.6268518518518519 0.5505208333333333 0.625 0.5494791666666666 0.6092592592592593 0.5520833333333334 0.6018518518518519 0.5552083333333333 0.6018518518518519
2 0.6026041666666667 0.32222222222222224 0.6057291666666667 0.3277777777777778 0.6078125 0.3435185185185185 0.6052083333333333 0.3611111111111111 0.6020833333333333 0.3648148148148148 0.596875 0.36203703703703705 0.5932291666666667 0.3453703703703704 0.5963541666666666 0.325 0.6020833333333333 0.32222222222222224
2 0.675 0.6444444444444445 0.6791666666666667 0.6435185185185185 0.6822916666666666 0.6564814814814814 0.6807291666666667 0.675 0.6770833333333334 0.6805555555555556 0.675 0.6796296296296296 0.671875 0.6685185185185185 0.6723958333333333 0.6537037037037037 0.675 0.6453703703703704
2 0.6057291666666667 0.6324074074074074 0.6109375 0.6407407407407407 0.6114583333333333 0.6574074074074074 0.6088541666666667 0.6712962962962963 0.6046875 0.6768518518518518 0.6005208333333333 0.675 0.5973958333333333 0.6574074074074074 0.6005208333333333 0.637962962962963 0.6052083333333333 0.6324074074074074
2 0.6083333333333333 0.25 0.6114583333333333 0.27037037037037037 0.6067708333333334 0.2833333333333333 0.6036458333333333 0.2824074074074074 0.6010416666666667 0.2759259259259259 0.5994791666666667 0.2611111111111111 0.6026041666666667 0.2490740740740741 0.6052083333333333 0.24722222222222223 0.6078125 0.25
2 0.628125 0.7657407407407407 0.6260416666666667 0.7620370370370371 0.6270833333333333 0.75 0.6307291666666667 0.7481481481481481 0.6322916666666667 0.7527777777777778 0.6317708333333333 0.7620370370370371 0.6286458333333333 0.7648148148148148
2 0.5713541666666667 0.5944444444444444 0.5729166666666666 0.600925925925926 0.571875 0.6074074074074074 0.5697916666666667 0.6092592592592593 0.5677083333333334 0.6055555555555555 0.5677083333333334 0.5972222222222222 0.5708333333333333 0.5944444444444444
2 0.6494791666666667 0.4324074074074074 0.6536458333333334 0.43796296296296294 0.6546875 0.44537037037037036 0.6536458333333334 0.4666666666666667 0.6494791666666667 0.4722222222222222 0.6447916666666667 0.4685185185185185 0.6427083333333333 0.4537037037037037 0.6442708333333333 0.43796296296296294 0.6489583333333333 0.4324074074074074
2 0.6348958333333333 0.4777777777777778 0.6354166666666666 0.46574074074074073 0.6385416666666667 0.46944444444444444 0.6380208333333334 0.47685185185185186 0.6354166666666666 0.4777777777777778
2 0.6536458333333334 0.4111111111111111 0.6572916666666667 0.4166666666666667 0.65625 0.43148148148148147 0.6536458333333334 0.43425925925925923 0.6510416666666666 0.4305555555555556 0.6505208333333333 0.4203703703703704 0.653125 0.41203703703703703
2 0.55 0.5583333333333333 0.5546875 0.5648148148148148 0.5567708333333333 0.575925925925926 0.5557291666666667 0.5888888888888889 0.55 0.600925925925926 0.5442708333333334 0.5981481481481481 0.540625 0.5888888888888889 0.540625 0.5740740740740741 0.5427083333333333 0.5648148148148148 0.5494791666666666 0.5583333333333333
2 0.6229166666666667 0.5712962962962963 0.6244791666666667 0.5805555555555556 0.6223958333333334 0.5851851851851851 0.6203125 0.5833333333333334 0.6197916666666666 0.5777777777777777 0.6203125 0.5722222222222222 0.6223958333333334 0.5712962962962963
2 0.5583333333333333 0.20185185185185187 0.5630208333333333 0.21296296296296297 0.5625 0.22407407407407406 0.5604166666666667 0.22777777777777777 0.5572916666666666 0.22777777777777777 0.5541666666666667 0.21851851851851853 0.5541666666666667 0.20555555555555555 0.5578125 0.20185185185185187
2 0.6286458333333333 0.7037037037037037 0.6307291666666667 0.7064814814814815 0.63125 0.7194444444444444 0.628125 0.7268518518518519 0.625 0.725925925925926 0.6239583333333333 0.7212962962962963 0.625 0.7064814814814815 0.628125 0.7037037037037037
2 0.6119791666666666 0.3074074074074074 0.6171875 0.31666666666666665 0.6192708333333333 0.32592592592592595 0.6166666666666667 0.34814814814814815 0.6114583333333333 0.3509259259259259 0.6072916666666667 0.3425925925925926 0.6057291666666667 0.3194444444444444 0.6114583333333333 0.30833333333333335
2 0.6151041666666667 0.30185185185185187 0.6192708333333333 0.30462962962962964 0.61875 0.31296296296296294 0.615625 0.3138888888888889 0.6140625 0.30925925925925923 0.6151041666666667 0.30277777777777776
2 0.6098958333333333 0.5981481481481481 0.615625 0.6111111111111112 0.6197916666666666 0.6092592592592593 0.6192708333333333 0.6231481481481481 0.6166666666666667 0.6324074074074074 0.6119791666666666 0.6361111111111111 0.6072916666666667 0.6277777777777778 0.6072916666666667 0.6055555555555555 0.609375 0.5990740740740741
2 0.5838541666666667 0.512962962962963 0.5854166666666667 0.5120370370370371 0.590625 0.5222222222222223 0.5875 0.5287037037037037 0.5848958333333333 0.5268518518518519 0.5838541666666667 0.5138888888888888
1 0.6541666666666667 0 0.7197916666666667 0 0.7041666666666667 0.012962962962962963 0.6734375 0.024074074074074074 0.6583333333333333 0.03611111111111111 0.65625 0.03611111111111111 0.6552083333333333 0.032407407407407406 0.6541666666666667 0.000925925925925926