0 0.38333333333333336 0.6092592592592593 0.3848958333333333 0.6194444444444445 0.3828125 0.6240740740740741 0.3692708333333333 0.6203703703703703 0.3692708333333333 0.6148148148148148 0.3828125 0.6092592592592593
0 0.3421875 0.5425925925925926 0.34479166666666666 0.5398148148148149 0.3458333333333333 0.5444444444444444 0.34739583333333335 0.6092592592592593 0.3494791666666667 0.6314814814814815 0.3484375 0.6388888888888888 0.34270833333333334 0.6388888888888888 0.3411458333333333 0.6333333333333333 0.3421875 0.6 0.34010416666666665 0.5527777777777778 0.3421875 0.5435185185185185
0 0.34322916666666664 0.7777777777777778 0.34322916666666664 0.787962962962963 0.3333333333333333 0.7870370370370371 0.33541666666666664 0.7425925925925926 0.3416666666666667 0.7435185185185185 0.3411458333333333 0.775 0.34270833333333334 0.7777777777777778
0 0.4088541666666667 0.6240740740740741 0.45 0.7324074074074074 0.4588541666666667 0.75 0.4713541666666667 0.7657407407407407 0.46979166666666666 0.7796296296296297 0.46458333333333335 0.787962962962963 0.4583333333333333 0.7925925925925926 0.45364583333333336 0.7916666666666666 0.45 0.7870370370370371 0.4473958333333333 0.7620370370370371 0.403125 0.6435185185185185 0.4015625 0.6277777777777778 0.4036458333333333 0.6240740740740741 0.4083333333333333 0.6240740740740741
0 0.41302083333333334 0.3425925925925926 0.4166666666666667 0.34814814814814815 0.4203125 0.40370370370370373 0.41875 0.4111111111111111 0.41458333333333336 0.412962962962963 0.40625 0.4111111111111111 0.40260416666666665 0.40555555555555556 0.40260416666666665 0.3990740740740741 0.40520833333333334 0.3925925925925926 0.40520833333333334 0.34814814814814815 0.40677083333333336 0.3435185185185185 0.4125 0.3425925925925926
0 0.4635416666666667 0.4064814814814815 0.4666666666666667 0.4083333333333333 0.46875 0.4148148148148148 0.4671875 0.4861111111111111 0.471875 0.49907407407407406 0.471875 0.5055555555555555 0.46875 0.5101851851851852 0.4546875 0.5092592592592593 0.44895833333333335 0.5046296296296297 0.44895833333333335 0.4962962962962963 0.45364583333333336 0.4888888888888889 0.4546875 0.47962962962962963 0.4557291666666667 0.41203703703703703 0.4578125 0.4074074074074074 0.4630208333333333 0.4064814814814815
0 0.3802083333333333 0.4981481481481482 0.38697916666666665 0.5046296296296297 0.3875 0.512962962962963 0.3828125 0.5546296296296296 0.3776041666666667 0.562962962962963 0.3723958333333333 0.562037037037037 0.3703125 0.5583333333333333 0.3729166666666667 0.5166666666666667 0.3703125 0.5055555555555555 0.3734375 0.4981481481481482 0.3796875 0.4981481481481482
0 0.365625 0.49722222222222223 0.36875 0.5037037037037037 0.36822916666666666 0.5092592592592593 0.3567708333333333 0.5194444444444445 0.34427083333333336 0.5398148148148149 0.3390625 0.5527777777777778 0.33125 0.562962962962963 0.32760416666666664 0.5592592592592592 0.32864583333333336 0.5527777777777778 0.3546875 0.5120370370370371 0.36041666666666666 0.4981481481481482 0.3651041666666667 0.49722222222222223
0 0.4453125 0.33611111111111114 0.44635416666666666 0.3435185185185185 0.4427083333333333 0.36203703703703705 0.4401041666666667 0.4111111111111111 0.43645833333333334 0.4166666666666667 0.43125 0.4148148148148148 0.43020833333333336 0.4101851851851852 0.43385416666666665 0.35833333333333334 0.43385416666666665 0.3472222222222222 0.43125 0.33611111111111114 0.4322916666666667 0.3333333333333333 0.44479166666666664 0.33611111111111114
2 0.4046875 0.19166666666666668 0.4083333333333333 0.19444444444444445 0.4078125 0.20277777777777778 0.4046875 0.20462962962962963 0.4046875 0.1925925925925926
2 0.36171875 0.412962962962963 0.0109375 0.037037037037037035
2 0.3880208333333333 0.5268518518518519 0.39166666666666666 0.5314814814814814 0.3927083333333333 0.537962962962963 0.3921875 0.5546296296296296 0.3890625 0.562037037037037 0.3854166666666667 0.5601851851851852 0.38333333333333336 0.5537037037037037 0.3848958333333333 0.5314814814814814 0.3875 0.5268518518518519
2 0.5046875 0.3675925925925926 0.5072916666666667 0.3731481481481482 0.5072916666666667 0.38425925925925924 0.503125 0.39444444444444443 0.49895833333333334 0.3907407407407407 0.4973958333333333 0.3787037037037037 0.5005208333333333 0.3685185185185185 0.5041666666666667 0.3675925925925926
2 0.4359375 0.8638888888888889 0.4395833333333333 0.8685185185185185 0.4421875 0.8842592592592593 0.44114583333333335 0.8981481481481481 0.43645833333333334 0.9037037037037037 0.4317708333333333 0.899074074074074 0.42864583333333334 0.8805555555555555 0.43020833333333336 0.8675925925925926 0.4354166666666667 0.8638888888888889
2 0.4317708333333333 0.8 0.4359375 0.8083333333333333 0.4375 0.8222222222222222 0.43645833333333334 0.8379629629629629 0.434375 0.8425925925925926 0.4265625 0.8342592592592593 0.4244791666666667 0.8222222222222222 0.4265625 0.8009259259259259 0.43125 0.8
2 0.43020833333333336 0.22314814814814815 0.43333333333333335 0.22685185185185186 0.4359375 0.2361111111111111 0.4359375 0.25092592592592594 0.43333333333333335 0.2611111111111111 0.43020833333333336 0.2657407407407407 0.4265625 0.26481481481481484 0.42291666666666666 0.2490740740740741 0.4239583333333333 0.23425925925925925 0.4265625 0.22592592592592592 0.4296875 0.22407407407407406
2 0.5348958333333333 0.6722222222222223 0.5385416666666667 0.6703703703703704 0.5359375 0.6574074074074074 0.5333333333333333 0.6666666666666666 0.534375 0.6722222222222223
2 0.36223958333333334 0.6064814814814815 0.008854166666666666 0.02962962962962963
2 0.56875 0.9685185185185186 0.5739583333333333 0.9842592592592593 0.571875 0.9990740740740741 0.5651041666666666 0.9981481481481481 0.5619791666666667 0.9861111111111112 0.5630208333333333 0.9694444444444444 0.5682291666666667 0.9685185185185186
2 0.3385416666666667 0.23055555555555557 0.34010416666666665 0.2324074074074074 0.34010416666666665 0.24351851851851852 0.33645833333333336 0.24351851851851852 0.3359375 0.2361111111111111 0.3380208333333333 0.23148148148148148
2 0.5177083333333333 0.1111111111111111 0.521875 0.12129629629629629 0.521875 0.13796296296296295 0.5192708333333333 0.15185185185185185 0.5135416666666667 0.16203703703703703 0.5067708333333333 0.15648148148148147 0.5046875 0.13703703703703704 0.5104166666666666 0.11481481481481481 0.5171875 0.1111111111111111
2 0.5046875 0.48518518518518516 0.5067708333333333 0.4925925925925926 0.5067708333333333 0.5027777777777778 0.5026041666666666 0.5111111111111111 0.49947916666666664 0.5101851851851852 0.4973958333333333 0.5055555555555555 0.496875 0.4935185185185185 0.49947916666666664 0.4861111111111111 0.5041666666666667 0.48518518518518516
2 0.5291666666666667 0.525 0.534375 0.5296296296296297 0.5375 0.5472222222222223 0.5359375 0.5675925925925925 0.5302083333333333 0.575 0.5270833333333333 0.575 0.5229166666666667 0.5694444444444444 0.51875 0.5472222222222223 0.521875 0.5305555555555556 0.5244791666666667 0.5259259259259259 0.5286458333333334 0.525
2 0.3640625 0.34814814814814815 0.36770833333333336 0.35555555555555557 0.3671875 0.37222222222222223 0.3640625 0.3787037037037037 0.3619791666666667 0.3787037037037037 0.359375 0.37037037037037035 0.359375 0.35555555555555557 0.36354166666666665 0.34814814814814815
1 0.3533854166666667 1.035648148148148 0.07760416666666667 0.075
1 0.3885416666666667 0.9518518518518518 0.39010416666666664 0.9916666666666667 0.38645833333333335 0.9972222222222222 0.3807291666666667 0.9990740740740741 0.309375 0.9990740740740741 0.309375 0.9944444444444445 0.31302083333333336 0.9888888888888889 0.32083333333333336 0.9879629629629629 0.3380208333333333 0.9694444444444444 0.3880208333333333 0.9518518518518518