0 0.5302083333333333 0.3574074074074074 0.5328125 0.3685185185185185 0.5291666666666667 0.375 0.5166666666666667 0.36574074074074076 0.515625 0.36018518518518516 0.5203125 0.35648148148148145 0.5296875 0.3574074074074074
0 0.7838541666666666 0.47314814814814815 0.7875 0.4787037037037037 0.7895833333333333 0.487962962962963 0.7895833333333333 0.49722222222222223 0.7875 0.5027777777777778 0.7776041666666667 0.5055555555555555 0.7536458333333333 0.5305555555555556 0.7359375 0.5509259259259259 0.73125 0.5611111111111111 0.6880208333333333 0.6101851851851852 0.6822916666666666 0.6092592592592593 0.6786458333333333 0.6018518518518519 0.678125 0.5953703703703703 0.6822916666666666 0.5851851851851851 0.7661458333333333 0.4925925925925926 0.771875 0.48333333333333334 0.7744791666666667 0.4722222222222222 0.7833333333333333 0.47314814814814815
0 0.6302083333333334 0.24166666666666667 0.6854166666666667 0.2537037037037037 0.6869791666666667 0.2564814814814815 0.6854166666666667 0.26666666666666666 0.6166666666666667 0.24814814814814815 0.6151041666666667 0.24351851851851852 0.6171875 0.24074074074074073 0.6296875 0.24166666666666667
0 0.4328125 0.24444444444444444 0.4359375 0.25092592592592594 0.4348958333333333 0.262037037037037 0.41041666666666665 0.2759259259259259 0.40625 0.275 0.403125 0.26851851851851855 0.40208333333333335 0.25833333333333336 0.4041666666666667 0.25 0.4322916666666667 0.24444444444444444
0 0.5880208333333333 0.5037037037037037 0.5953125 0.5194444444444445 0.5942708333333333 0.5287037037037037 0.5895833333333333 0.5333333333333333 0.584375 0.5296296296296297 0.5807291666666666 0.5083333333333333 0.58125 0.5046296296296297 0.5875 0.5037037037037037
0 0.4015625 0.30925925925925923 0.4041666666666667 0.32037037037037036 0.403125 0.32407407407407407 0.3848958333333333 0.33240740740740743 0.33489583333333334 0.3675925925925926 0.33125 0.362962962962963 0.3328125 0.35555555555555557 0.39166666666666666 0.3175925925925926 0.396875 0.30833333333333335 0.4010416666666667 0.30925925925925923
0 0.3984375 0.4444444444444444 0.4036458333333333 0.44907407407407407 0.4046875 0.46111111111111114 0.3984375 0.47962962962962963 0.39739583333333334 0.49074074074074076 0.39114583333333336 0.5027777777777778 0.3875 0.5046296296296297 0.37864583333333335 0.49907407407407406 0.37552083333333336 0.4842592592592593 0.3927083333333333 0.44907407407407407 0.39791666666666664 0.4444444444444444
0 0.7140625 0.3925925925925926 0.7171875 0.3972222222222222 0.71875 0.4064814814814815 0.7182291666666667 0.4166666666666667 0.7151041666666667 0.4212962962962963 0.7083333333333334 0.41759259259259257 0.6859375 0.4203703703703704 0.6833333333333333 0.4148148148148148 0.6854166666666667 0.4046296296296296 0.7067708333333333 0.4 0.7098958333333333 0.39351851851851855 0.7135416666666666 0.3925925925925926
0 0.4171875 0.34444444444444444 0.4197916666666667 0.3592592592592593 0.41458333333333336 0.38981481481481484 0.409375 0.40555555555555556 0.4041666666666667 0.40185185185185185 0.4083333333333333 0.3472222222222222 0.41041666666666665 0.3435185185185185 0.4166666666666667 0.34444444444444444
0 0.45625 0.2518518518518518 0.47708333333333336 0.2574074074074074 0.48072916666666665 0.2638888888888889 0.47760416666666666 0.2675925925925926 0.4625 0.2657407407407407 0.45625 0.26944444444444443 0.45625 0.25277777777777777
0 0.5791666666666667 0.44074074074074077 0.5838541666666667 0.4527777777777778 0.5833333333333334 0.4638888888888889 0.5578125 0.47962962962962963 0.5520833333333334 0.47685185185185186 0.5510416666666667 0.4666666666666667 0.5598958333333334 0.45555555555555555 0.5682291666666667 0.45 0.5708333333333333 0.4398148148148148 0.5786458333333333 0.44074074074074077
0 0.4895833333333333 0.24166666666666667 0.5234375 0.2490740740740741 0.5255208333333333 0.25092592592592594 0.5260416666666666 0.2611111111111111 0.5223958333333333 0.2675925925925926 0.4947916666666667 0.26296296296296295 0.4817708333333333 0.26481481481481484 0.4796875 0.262037037037037 0.48125 0.24074074074074073 0.48385416666666664 0.2361111111111111 0.4875 0.2361111111111111 0.4890625 0.24166666666666667
0 0.5979166666666667 0.5222222222222223 0.6130208333333333 0.5222222222222223 0.6177083333333333 0.5268518518518519 0.6171875 0.5324074074074074 0.6020833333333333 0.5407407407407407 0.5979166666666667 0.5324074074074074 0.5979166666666667 0.5231481481481481
2 0.6838541666666667 0.2833333333333333 0.6869791666666667 0.28703703703703703 0.6875 0.2953703703703704 0.6807291666666667 0.30092592592592593 0.6692708333333334 0.2972222222222222 0.6666666666666666 0.2898148148148148 0.6708333333333333 0.2824074074074074 0.6833333333333333 0.2833333333333333
2 0.5380208333333333 0.4601851851851852 0.5416666666666666 0.46296296296296297 0.540625 0.46944444444444444 0.534375 0.4666666666666667 0.534375 0.46296296296296297 0.5375 0.4601851851851852
2 0.5682291666666667 0.4027777777777778 0.571875 0.4064814814814815 0.5682291666666667 0.4148148148148148 0.5645833333333333 0.41388888888888886 0.5619791666666667 0.40925925925925927 0.5625 0.4046296296296296 0.5677083333333334 0.4027777777777778
2 0.5953125 0.3416666666666667 0.5994791666666667 0.3351851851851852 0.6057291666666667 0.33611111111111114 0.6078125 0.34074074074074073 0.6057291666666667 0.34814814814814815 0.5994791666666667 0.34814814814814815 0.5958333333333333 0.3425925925925926
2 0.5380208333333333 0.43796296296296294 0.5411458333333333 0.4425925925925926 0.5416666666666666 0.45 0.534375 0.4583333333333333 0.5244791666666667 0.45555555555555555 0.5208333333333334 0.44537037037037036 0.5270833333333333 0.4361111111111111 0.5375 0.43796296296296294
2 0.6640625 0.4962962962962963 0.6682291666666667 0.49907407407407406 0.6739583333333333 0.5092592592592593 0.6734375 0.5194444444444445 0.6677083333333333 0.525 0.6541666666666667 0.5231481481481481 0.6463541666666667 0.5111111111111111 0.6473958333333333 0.5037037037037037 0.6520833333333333 0.49722222222222223 0.6635416666666667 0.4962962962962963
2 0.45729166666666665 0.4675925925925926 0.45989583333333334 0.4703703703703704 0.46041666666666664 0.4777777777777778 0.45625 0.48333333333333334 0.44895833333333335 0.4824074074074074 0.44583333333333336 0.4740740740740741 0.44895833333333335 0.4685185185185185 0.45677083333333335 0.4675925925925926
2 0.5057291666666667 0.3675925925925926 0.5072916666666667 0.36944444444444446 0.5057291666666667 0.37592592592592594 0.5 0.3731481481481482 0.5015625 0.3675925925925926 0.5052083333333334 0.3675925925925926
2 0.446875 0.38333333333333336 0.45208333333333334 0.3888888888888889 0.453125 0.39814814814814814 0.45 0.4046296296296296 0.44583333333333336 0.4074074074074074 0.4354166666666667 0.4046296296296296 0.4328125 0.39351851851851855 0.43854166666666666 0.38425925925925924 0.44635416666666666 0.38333333333333336
2 0.44973958333333336 0.4305555555555556 0.0140625 0.014814814814814815
2 0.5192708333333333 0.4027777777777778 0.525 0.4083333333333333 0.5244791666666667 0.4148148148148148 0.5192708333333333 0.4185185185185185 0.5140625 0.4166666666666667 0.5114583333333333 0.41203703703703703 0.5135416666666667 0.4046296296296296 0.51875 0.4027777777777778
2 0.5880208333333333 0.4046296296296296 0.5921875 0.4074074074074074 0.5953125 0.4148148148148148 0.5947916666666667 0.4222222222222222 0.5880208333333333 0.42777777777777776 0.5770833333333333 0.42592592592592593 0.5703125 0.4148148148148148 0.5713541666666667 0.4074074074074074 0.5875 0.4046296296296296
2 0.5739583333333333 0.4305555555555556 0.58125 0.43796296296296294 0.5828125 0.44537037037037036 0.5807291666666666 0.44722222222222224 0.5765625 0.44074074074074077 0.5708333333333333 0.43796296296296294 0.5661458333333333 0.4425925925925926 0.56875 0.44907407407407407 0.5645833333333333 0.4527777777777778 0.5588541666666667 0.44907407407407407 0.5578125 0.44351851851851853 0.559375 0.4361111111111111 0.5661458333333333 0.42962962962962964 0.5734375 0.4305555555555556
2 0.49166666666666664 0.3175925925925926 0.496875 0.32037037037037036 0.49895833333333334 0.32685185185185184 0.49375 0.33425925925925926 0.484375 0.3333333333333333 0.48125 0.3287037037037037 0.48125 0.32407407407407407 0.48385416666666664 0.3194444444444444 0.49114583333333334 0.3175925925925926
2 0.5880208333333333 0.4759259259259259 0.5932291666666667 0.48148148148148145 0.5963541666666666 0.49444444444444446 0.5911458333333334 0.5027777777777778 0.58125 0.5046296296296297 0.5708333333333333 0.49722222222222223 0.56875 0.49074074074074076 0.5692708333333333 0.4842592592592593 0.5776041666666667 0.4759259259259259 0.5875 0.4759259259259259
2 0.5604166666666667 0.28055555555555556 0.5671875 0.2824074074074074 0.5713541666666667 0.28888888888888886 0.5708333333333333 0.2935185185185185 0.5640625 0.29907407407407405 0.5572916666666666 0.29907407407407405 0.5505208333333333 0.29074074074074074 0.5505208333333333 0.2861111111111111 0.553125 0.2824074074074074 0.5598958333333334 0.28055555555555556
2 0.425 0.5666666666666667 0.4317708333333333 0.5648148148148148 0.43333333333333335 0.5675925925925925 0.4328125 0.5740740740740741 0.43020833333333336 0.5768518518518518 0.425 0.575925925925926 0.425 0.5675925925925925
2 0.6359375 0.4212962962962963 0.6421875 0.4305555555555556 0.6416666666666667 0.4388888888888889 0.6364583333333333 0.4444444444444444 0.6265625 0.4444444444444444 0.6197916666666666 0.4398148148148148 0.6171875 0.43425925925925923 0.6182291666666667 0.425 0.6223958333333334 0.4203703703703704 0.6354166666666666 0.4212962962962963
1 0.23229166666666667 0.1935185185185185 0.23854166666666668 0.20092592592592592 0.24010416666666667 0.20833333333333334 0.246875 0.287962962962963 0.24791666666666667 0.30648148148148147 0.24166666666666667 0.3101851851851852 0.225 0.3101851851851852 0.22395833333333334 0.3074074074074074 0.22239583333333332 0.2833333333333333 0.21197916666666666 0.2101851851851852 0.2125 0.20277777777777778 0.215625 0.19537037037037036 0.21458333333333332 0.18518518518518517 0.2171875 0.1787037037037037 0.22708333333333333 0.1787037037037037 0.23177083333333334 0.1935185185185185
1 0.8625 0.6027777777777777 0.8557291666666667 0.587037037037037 0.8557291666666667 0.5648148148148148 0.859375 0.5453703703703704 0.8645833333333334 0.5324074074074074 0.8765625 0.5212962962962963 0.878125 0.5416666666666666 0.8671875 0.5944444444444444 0.8630208333333333 0.6018518518518519
1 0.8770833333333333 0.5481481481481482 0.8796875 0.5537037037037037 0.8848958333333333 0.6416666666666667 0.8885416666666667 0.6666666666666666 0.8869791666666667 0.6703703703703704 0.8609375 0.6472222222222223 0.85625 0.6370370370370371 0.8583333333333333 0.6212962962962963 0.8697916666666666 0.5814814814814815 0.8734375 0.5537037037037037 0.8765625 0.5481481481481482
1 0.25364583333333335 0.1685185185185185 0.25677083333333334 0.1712962962962963 0.2578125 0.18425925925925926 0.265625 0.2111111111111111 0.2703125 0.24351851851851852 0.27291666666666664 0.28055555555555556 0.2760416666666667 0.2898148148148148 0.27447916666666666 0.3 0.2760416666666667 0.30648148148148147 0.25885416666666666 0.3101851851851852 0.25104166666666666 0.30648148148148147 0.2453125 0.26666666666666666 0.24166666666666667 0.22037037037037038 0.24427083333333333 0.18888888888888888 0.24375 0.17407407407407408 0.24739583333333334 0.1685185185185185 0.253125 0.1685185185185185