0 0.615625 0.36574074074074076 0.6411458333333333 0.3675925925925926 0.64375 0.3685185185185185 0.6447916666666667 0.375 0.6427083333333333 0.3787037037037037 0.6223958333333334 0.37962962962962965 0.6109375 0.38425925925925924 0.6072916666666667 0.37962962962962965 0.6072916666666667 0.37037037037037035 0.6104166666666667 0.36574074074074076 0.6151041666666667 0.36574074074074076
0 0.5651041666666666 0.4305555555555556 0.5697916666666667 0.43796296296296294 0.5692708333333333 0.45 0.5619791666666667 0.44907407407407407 0.5583333333333333 0.44351851851851853 0.5583333333333333 0.43425925925925923 0.5609375 0.4305555555555556 0.5645833333333333 0.4305555555555556
0 0.5510416666666667 0.18703703703703703 0.5557291666666667 0.1935185185185185 0.5536458333333333 0.20925925925925926 0.5567708333333333 0.24074074074074073 0.5536458333333333 0.24722222222222223 0.5484375 0.24444444444444444 0.5447916666666667 0.21388888888888888 0.5390625 0.20092592592592592 0.5401041666666667 0.19166666666666668 0.5505208333333333 0.18703703703703703
0 0.5666666666666667 0.6287037037037037 0.5796875 0.6685185185185185 0.5859375 0.6787037037037037 0.5859375 0.6842592592592592 0.5828125 0.6916666666666667 0.5760416666666667 0.6953703703703704 0.5713541666666667 0.6888888888888889 0.5697916666666667 0.674074074074074 0.5604166666666667 0.6407407407407407 0.5604166666666667 0.6333333333333333 0.5661458333333333 0.6287037037037037
0 0.5395833333333333 0.5879629629629629 0.546875 0.5925925925925926 0.5510416666666667 0.6027777777777777 0.5447916666666667 0.612037037037037 0.5380208333333333 0.6472222222222223 0.5317708333333333 0.6472222222222223 0.5296875 0.637962962962963 0.5354166666666667 0.6092592592592593 0.5348958333333333 0.5916666666666667 0.5390625 0.5888888888888889
0 0.5046875 0.5472222222222223 0.5109375 0.5518518518518518 0.5109375 0.5592592592592592 0.5072916666666667 0.5712962962962963 0.5046875 0.575925925925926 0.5005208333333333 0.575925925925926 0.49635416666666665 0.5694444444444444 0.496875 0.5611111111111111 0.5041666666666667 0.5481481481481482
0 0.6286458333333333 0.5194444444444445 0.6302083333333334 0.5574074074074075 0.6286458333333333 0.562037037037037 0.6197916666666666 0.5592592592592592 0.6234375 0.5222222222222223 0.625 0.5185185185185185 0.628125 0.5194444444444445
0 0.5036458333333333 0.5990740740740741 0.5067708333333333 0.6129629629629629 0.5067708333333333 0.6231481481481481 0.5052083333333334 0.625 0.5015625 0.6231481481481481 0.49270833333333336 0.6092592592592593 0.4953125 0.5962962962962963 0.5 0.5953703703703703 0.503125 0.5990740740740741
0 0.5286458333333334 0.7 0.5338541666666666 0.7037037037037037 0.5348958333333333 0.7148148148148148 0.525 0.75 0.5255208333333333 0.7638888888888888 0.5203125 0.7731481481481481 0.5140625 0.7731481481481481 0.5098958333333333 0.7694444444444445 0.50625 0.762962962962963 0.5052083333333334 0.7537037037037037 0.515625 0.7277777777777777 0.5213541666666667 0.7074074074074074 0.525 0.700925925925926 0.528125 0.7
0 0.5192708333333333 0.39166666666666666 0.5302083333333333 0.3277777777777778 0.5411458333333333 0.27870370370370373 0.5421875 0.262037037037037 0.54375 0.2574074074074074 0.5494791666666666 0.2574074074074074 0.5520833333333334 0.262037037037037 0.5520833333333334 0.26944444444444443 0.5458333333333333 0.2861111111111111 0.528125 0.3861111111111111 0.5239583333333333 0.3962962962962963 0.5197916666666667 0.3925925925925926
0 0.5979166666666667 0.6574074074074074 0.6010416666666667 0.6592592592592592 0.6026041666666667 0.6648148148148149 0.6041666666666666 0.7296296296296296 0.6088541666666667 0.7388888888888889 0.6083333333333333 0.7444444444444445 0.6046875 0.7481481481481481 0.590625 0.7481481481481481 0.5880208333333333 0.7425925925925926 0.5911458333333334 0.7212962962962963 0.5911458333333334 0.662962962962963 0.5932291666666667 0.6583333333333333 0.5973958333333333 0.6574074074074074
0 0.5192708333333333 0.25833333333333336 0.5260416666666666 0.262037037037037 0.5302083333333333 0.26851851851851855 0.5322916666666667 0.2759259259259259 0.5317708333333333 0.2861111111111111 0.5260416666666666 0.2898148148148148 0.5177083333333333 0.30462962962962964 0.46041666666666664 0.42962962962962964 0.453125 0.43703703703703706 0.45 0.43703703703703706 0.44635416666666666 0.42962962962962964 0.44583333333333336 0.4212962962962963 0.4479166666666667 0.41203703703703703 0.5015625 0.30833333333333335 0.5119791666666667 0.2824074074074074 0.5151041666666667 0.26296296296296295 0.51875 0.25833333333333336
0 0.5817708333333333 0.45555555555555555 0.5942708333333333 0.46111111111111114 0.5984375 0.4675925925925926 0.5973958333333333 0.48148148148148145 0.5921875 0.4888888888888889 0.5890625 0.4888888888888889 0.5692708333333333 0.46944444444444444 0.56875 0.4583333333333333 0.5713541666666667 0.4537037037037037 0.58125 0.45555555555555555
2 0.5182291666666666 0.4064814814814815 0.5197916666666667 0.4111111111111111 0.5182291666666666 0.4203703703703704 0.5151041666666667 0.41759259259259257 0.5151041666666667 0.40925925925925927 0.5177083333333333 0.4064814814814815
2 0.49947916666666664 0.5018518518518519 0.5046875 0.5101851851851852 0.5067708333333333 0.5305555555555556 0.5026041666666666 0.5462962962962963 0.496875 0.5509259259259259 0.490625 0.5370370370370371 0.4895833333333333 0.5212962962962963 0.49270833333333336 0.5074074074074074 0.4953125 0.5027777777777778 0.49895833333333334 0.5018518518518519
2 0.5609375 0.2833333333333333 0.5630208333333333 0.28888888888888886 0.5609375 0.3055555555555556 0.55625 0.30185185185185187 0.5546875 0.2935185185185185 0.5557291666666667 0.2833333333333333 0.5604166666666667 0.2833333333333333
2 0.496875 0.1287037037037037 0.503125 0.13518518518518519 0.5067708333333333 0.15185185185185185 0.5057291666666667 0.16944444444444445 0.5010416666666667 0.17777777777777778 0.49635416666666665 0.17592592592592593 0.49375 0.17037037037037037 0.490625 0.1537037037037037 0.49166666666666664 0.13518518518518519 0.49635416666666665 0.1287037037037037
2 0.46927083333333336 0.05277777777777778 0.47604166666666664 0.062037037037037036 0.4796875 0.07685185185185185 0.4791666666666667 0.09537037037037037 0.4739583333333333 0.10555555555555556 0.46770833333333334 0.10277777777777777 0.46197916666666666 0.08055555555555556 0.4630208333333333 0.06018518518518518 0.46510416666666665 0.05462962962962963 0.46875 0.05277777777777778
2 0.55 0.4546296296296296 0.55 0.4666666666666667 0.5479166666666667 0.4666666666666667 0.5463541666666667 0.46111111111111114 0.546875 0.4564814814814815 0.5494791666666666 0.4546296296296296
2 0.5630208333333333 0.287962962962963 0.5671875 0.28888888888888886 0.56875 0.29444444444444445 0.56875 0.30462962962962964 0.5671875 0.30925925925925923 0.5651041666666666 0.30925925925925923 0.5619791666666667 0.30092592592592593 0.5630208333333333 0.28888888888888886
2 0.46458333333333335 0.6944444444444444 0.465625 0.7046296296296296 0.4635416666666667 0.7092592592592593 0.45989583333333334 0.7074074074074074 0.459375 0.6990740740740741 0.4609375 0.6944444444444444 0.4640625 0.6944444444444444
2 0.5151041666666667 0.08796296296296297 0.5203125 0.09537037037037037 0.5234375 0.11203703703703703 0.5223958333333333 0.12777777777777777 0.5182291666666666 0.1361111111111111 0.515625 0.1361111111111111 0.5119791666666667 0.13055555555555556 0.5083333333333333 0.11481481481481481 0.5098958333333333 0.09166666666666666 0.5145833333333333 0.08796296296296297
2 0.5286458333333334 0.4287037037037037 0.5322916666666667 0.43333333333333335 0.534375 0.44907407407407407 0.5322916666666667 0.46111111111111114 0.528125 0.46574074074074073 0.5234375 0.4601851851851852 0.5213541666666667 0.44907407407407407 0.5239583333333333 0.4305555555555556 0.528125 0.4287037037037037
2 0.5942708333333333 0.4962962962962963 0.596875 0.5018518518518519 0.5973958333333333 0.5175925925925926 0.5963541666666666 0.524074074074074 0.5932291666666667 0.5287037037037037 0.5895833333333333 0.5231481481481481 0.5885416666666666 0.5055555555555555 0.5901041666666667 0.4981481481481482 0.59375 0.4962962962962963
2 0.5885416666666666 0.5259259259259259 0.5921875 0.5314814814814814 0.5932291666666667 0.537962962962963 0.5927083333333333 0.5527777777777778 0.5885416666666666 0.5601851851851852 0.584375 0.5592592592592592 0.58125 0.5472222222222223 0.5833333333333334 0.5305555555555556 0.5880208333333333 0.5259259259259259
2 0.5515625 0.31666666666666665 0.5552083333333333 0.32407407407407407 0.5541666666666667 0.33240740740740743 0.5515625 0.33425925925925926 0.5489583333333333 0.33055555555555555 0.5489583333333333 0.32037037037037036 0.5510416666666667 0.3175925925925926
2 0.6151041666666667 0.39490740740740743 0.010416666666666666 0.030555555555555555
2 0.5604166666666667 0.4009259259259259 0.5625 0.4046296296296296 0.5630208333333333 0.41388888888888886 0.559375 0.42407407407407405 0.5567708333333333 0.4212962962962963 0.5552083333333333 0.4101851851851852 0.55625 0.4027777777777778 0.5598958333333334 0.4009259259259259
2 0.5885416666666666 0.30833333333333335 0.5916666666666667 0.31574074074074077 0.590625 0.3277777777777778 0.5885416666666666 0.3296296296296296 0.584375 0.3212962962962963 0.5848958333333333 0.3111111111111111 0.5880208333333333 0.30833333333333335
2 0.5838541666666667 0.24166666666666667 0.5869791666666667 0.262037037037037 0.5854166666666667 0.275 0.5822916666666667 0.2796296296296296 0.5791666666666667 0.2777777777777778 0.5755208333333334 0.26944444444444443 0.575 0.25277777777777777 0.5770833333333333 0.24166666666666667 0.5833333333333334 0.24166666666666667
2 0.6151041666666667 0.275 0.6182291666666667 0.28055555555555556 0.6197916666666666 0.29259259259259257 0.61875 0.3055555555555556 0.615625 0.3111111111111111 0.6119791666666666 0.30925925925925923 0.6088541666666667 0.3 0.609375 0.28055555555555556 0.6114583333333333 0.275 0.6145833333333334 0.275
1 0.6140625 0.9472222222222222 0.6651041666666667 0.9638888888888889 0.6697916666666667 0.9694444444444444 0.6734375 0.9805555555555555 0.6796875 0.9851851851851852 0.6802083333333333 0.9990740740740741 0.6322916666666667 0.9990740740740741 0.6072916666666667 0.9898148148148148 0.6052083333333333 0.9851851851851852 0.60625 0.9490740740740741 0.6083333333333333 0.9462962962962963 0.6135416666666667 0.9472222222222222
1 0.6083333333333333 0.8925925925925926 0.6098958333333333 0.8953703703703704 0.6177083333333333 0.8962962962962963 0.6229166666666667 0.9018518518518519 0.6536458333333334 0.912962962962963 0.6765625 0.9305555555555556 0.6822916666666666 0.9314814814814815 0.6854166666666667 0.937037037037037 0.684375 0.9537037037037037 0.6536458333333334 0.9574074074074074 0.6375 0.9546296296296296 0.6072916666666667 0.9425925925925925 0.6057291666666667 0.9259259259259259 0.6078125 0.8935185185185185