0 0.39010416666666664 0.4083333333333333 0.39375 0.41203703703703703 0.3932291666666667 0.4203703703703704 0.38177083333333334 0.43703703703703706 0.3796875 0.4361111111111111 0.37916666666666665 0.43148148148148147 0.38333333333333336 0.4166666666666667 0.38333333333333336 0.40925925925925927 0.38958333333333334 0.4083333333333333
0 0.5723958333333333 0.45925925925925926 0.5864583333333333 0.46944444444444444 0.6526041666666667 0.5009259259259259 0.6541666666666667 0.5037037037037037 0.6541666666666667 0.5138888888888888 0.6119791666666666 0.49444444444444446 0.5729166666666666 0.47129629629629627 0.5635416666666667 0.47129629629629627 0.5609375 0.46296296296296297 0.5645833333333333 0.4537037037037037 0.5692708333333333 0.4527777777777778 0.571875 0.45925925925925926
0 0.5622395833333333 0.3773148148148148 0.019270833333333334 0.017592592592592594
0 0.39947916666666666 0.39444444444444443 0.409375 0.4064814814814815 0.40989583333333335 0.4148148148148148 0.4078125 0.4166666666666667 0.3932291666666667 0.4074074074074074 0.39427083333333335 0.3962962962962963 0.3958333333333333 0.39351851851851855 0.39895833333333336 0.39444444444444443
0 0.5557291666666667 0.49074074074074076 0.5572916666666666 0.4935185185185185 0.55625 0.5037037037037037 0.5473958333333333 0.525 0.5411458333333333 0.5342592592592592 0.5364583333333334 0.5333333333333333 0.5322916666666667 0.5277777777777778 0.5296875 0.512962962962963 0.5338541666666666 0.5046296296296297 0.5421875 0.49907407407407406 0.5489583333333333 0.4898148148148148 0.5552083333333333 0.49074074074074076
0 0.44947916666666665 0.24444444444444444 0.45364583333333336 0.2518518518518518 0.4546875 0.262037037037037 0.44947916666666665 0.28703703703703703 0.44635416666666666 0.2935185185185185 0.4427083333333333 0.2935185185185185 0.4401041666666667 0.28888888888888886 0.4390625 0.25833333333333336 0.4432291666666667 0.2462962962962963 0.44895833333333335 0.24444444444444444
0 0.44583333333333336 0.4666666666666667 0.45260416666666664 0.47314814814814815 0.45625 0.48333333333333334 0.45625 0.5 0.45208333333333334 0.5027777777777778 0.44947916666666665 0.49907407407407406 0.4453125 0.49907407407407406 0.4359375 0.5111111111111111 0.39947916666666666 0.5444444444444444 0.3880208333333333 0.5592592592592592 0.3536458333333333 0.5916666666666667 0.33229166666666665 0.6175925925925926 0.328125 0.6111111111111112 0.3265625 0.5962962962962963 0.4270833333333333 0.49444444444444446 0.43645833333333334 0.48333333333333334 0.44114583333333335 0.46944444444444444 0.4453125 0.4675925925925926
0 0.4244791666666667 0.3388888888888889 0.4270833333333333 0.34814814814814815 0.42552083333333335 0.3537037037037037 0.4114583333333333 0.35648148148148145 0.35052083333333334 0.3824074074074074 0.34479166666666666 0.38055555555555554 0.34479166666666666 0.37592592592592594 0.3484375 0.3712962962962963 0.409375 0.3472222222222222 0.42083333333333334 0.33796296296296297 0.4239583333333333 0.3388888888888889
0 0.6901041666666666 0.36574074074074076 0.6927083333333334 0.36944444444444446 0.6932291666666667 0.3787037037037037 0.6921875 0.39444444444444443 0.6890625 0.4064814814814815 0.6828125 0.40370370370370373 0.6796875 0.3962962962962963 0.6765625 0.39444444444444443 0.6401041666666667 0.38796296296296295 0.6369791666666667 0.3787037037037037 0.640625 0.3675925925925926 0.6817708333333333 0.3731481481481482 0.6895833333333333 0.36574074074074076
0 0.5588541666666667 0.27037037037037037 0.5635416666666667 0.275 0.5854166666666667 0.2759259259259259 0.5885416666666666 0.2824074074074074 0.5880208333333333 0.29259259259259257 0.5854166666666667 0.2953703703703704 0.5630208333333333 0.2962962962962963 0.5557291666666667 0.2962962962962963 0.5536458333333333 0.29074074074074074 0.5546875 0.2722222222222222 0.5583333333333333 0.27037037037037037
0 0.5822916666666667 0.30833333333333335 0.584375 0.3111111111111111 0.5838541666666667 0.3388888888888889 0.58125 0.36018518518518516 0.5791666666666667 0.362962962962963 0.5744791666666667 0.3611111111111111 0.5734375 0.35555555555555557 0.5739583333333333 0.32407407407407407 0.575 0.3101851851851852 0.5776041666666667 0.3074074074074074 0.5817708333333333 0.30833333333333335
0 0.6833333333333333 0.29444444444444445 0.6848958333333334 0.3 0.684375 0.32222222222222224 0.6833333333333333 0.3287037037037037 0.6802083333333333 0.3314814814814815 0.6765625 0.3277777777777778 0.6765625 0.29907407407407405 0.678125 0.29444444444444445 0.6828125 0.29444444444444445
0 0.4505208333333333 0.37962962962962965 0.46197916666666666 0.3907407407407407 0.46458333333333335 0.3972222222222222 0.4640625 0.40925925925925927 0.45625 0.4166666666666667 0.4505208333333333 0.4111111111111111 0.44166666666666665 0.3851851851851852 0.4453125 0.37777777777777777 0.45 0.37962962962962965
2 0.49114583333333334 0.45185185185185184 0.49583333333333335 0.45740740740740743 0.4973958333333333 0.4666666666666667 0.49375 0.4740740740740741 0.4875 0.4777777777777778 0.48125 0.4777777777777778 0.475 0.47314814814814815 0.47239583333333335 0.4685185185185185 0.471875 0.462037037037037 0.4744791666666667 0.45555555555555555 0.48020833333333335 0.45092592592592595 0.490625 0.45185185185185184
2 0.5916666666666667 0.4444444444444444 0.5994791666666667 0.44907407407407407 0.603125 0.45555555555555555 0.6020833333333333 0.4666666666666667 0.5973958333333333 0.47129629629629627 0.5890625 0.4703703703703704 0.5770833333333333 0.46111111111111114 0.5776041666666667 0.4537037037037037 0.5807291666666666 0.44814814814814813 0.5911458333333334 0.4444444444444444
2 0.6104166666666667 0.33796296296296297 0.6125 0.34629629629629627 0.6078125 0.35185185185185186 0.5984375 0.35185185185185186 0.5947916666666667 0.3472222222222222 0.5942708333333333 0.34074074074074073 0.5994791666666667 0.3351851851851852 0.6098958333333333 0.33796296296296297
2 0.55 0.35555555555555557 0.553125 0.35185185185185186 0.55625 0.3527777777777778 0.55625 0.36018518518518516 0.5515625 0.36018518518518516 0.5505208333333333 0.35648148148148145
2 0.49895833333333334 0.30648148148148147 0.5 0.3111111111111111 0.4973958333333333 0.31666666666666665 0.49114583333333334 0.31666666666666665 0.48854166666666665 0.3138888888888889 0.48802083333333335 0.30833333333333335 0.49166666666666664 0.30462962962962964 0.4984375 0.30648148148148147
2 0.38333333333333336 0.30092592592592593 0.38333333333333336 0.30833333333333335 0.378125 0.3074074074074074 0.378125 0.30277777777777776 0.3828125 0.30092592592592593
2 0.6630208333333333 0.4009259259259259 0.6739583333333333 0.4101851851851852 0.6734375 0.4203703703703704 0.66875 0.42407407407407405 0.6578125 0.42314814814814816 0.6505208333333333 0.41388888888888886 0.6505208333333333 0.40925925925925927 0.6536458333333334 0.4027777777777778 0.6625 0.4009259259259259
2 0.4588541666666667 0.30833333333333335 0.4625 0.31296296296296294 0.46197916666666666 0.3175925925925926 0.4588541666666667 0.32037037037037036 0.45260416666666664 0.3194444444444444 0.4505208333333333 0.3138888888888889 0.453125 0.30925925925925923 0.4583333333333333 0.30833333333333335
2 0.47708333333333336 0.39351851851851855 0.4859375 0.3972222222222222 0.48854166666666665 0.4027777777777778 0.48854166666666665 0.4111111111111111 0.478125 0.4185185185185185 0.4671875 0.41388888888888886 0.46510416666666665 0.40925925925925927 0.4661458333333333 0.4 0.4708333333333333 0.39537037037037037 0.4765625 0.39444444444444443
2 0.43697916666666664 0.40185185185185185 0.4432291666666667 0.4046296296296296 0.44427083333333334 0.41203703703703703 0.44166666666666665 0.4212962962962963 0.43333333333333335 0.42685185185185187 0.425 0.425 0.42135416666666664 0.4212962962962963 0.4197916666666667 0.4148148148148148 0.42083333333333334 0.40925925925925927 0.425 0.40370370370370373 0.43645833333333334 0.40185185185185185
2 0.4276041666666667 0.3902777777777778 0.008333333333333333 0.010185185185185186
2 0.5166666666666667 0.4027777777777778 0.5182291666666666 0.4074074074074074 0.515625 0.412962962962963 0.509375 0.4111111111111111 0.5083333333333333 0.4046296296296296 0.5109375 0.40185185185185185 0.5161458333333333 0.4027777777777778
2 0.4979166666666667 0.2518518518518518 0.5015625 0.25833333333333336 0.49895833333333334 0.26481481481481484 0.4953125 0.26666666666666666 0.4890625 0.2657407407407407 0.48489583333333336 0.2574074074074074 0.4890625 0.2518518518518518 0.4973958333333333 0.2518518518518518
2 0.5432291666666667 0.40555555555555556 0.5515625 0.4148148148148148 0.5510416666666667 0.42314814814814816 0.54375 0.42962962962962964 0.5348958333333333 0.4287037037037037 0.5276041666666667 0.4203703703703704 0.5291666666666667 0.4101851851851852 0.5359375 0.40555555555555556 0.5427083333333333 0.40555555555555556
2 0.5135416666666667 0.36018518518518516 0.5161458333333333 0.36574074074074076 0.5125 0.37222222222222223 0.5046875 0.3712962962962963 0.503125 0.362962962962963 0.5078125 0.3592592592592593 0.5130208333333334 0.36018518518518516
2 0.5755208333333334 0.4009259259259259 0.5776041666666667 0.4064814814814815 0.5765625 0.4111111111111111 0.5713541666666667 0.41388888888888886 0.565625 0.4111111111111111 0.5635416666666667 0.40370370370370373 0.5671875 0.3990740740740741 0.575 0.4009259259259259
2 0.5411458333333333 0.31666666666666665 0.5447916666666667 0.32037037037037036 0.5458333333333333 0.3287037037037037 0.54375 0.33425925925925926 0.5395833333333333 0.337037037037037 0.5291666666666667 0.3333333333333333 0.5270833333333333 0.32314814814814813 0.5317708333333333 0.31666666666666665 0.540625 0.31666666666666665
2 0.40989583333333335 0.46574074074074073 0.4166666666666667 0.4722222222222222 0.41770833333333335 0.48148148148148145 0.41458333333333336 0.487962962962963 0.40625 0.4935185185185185 0.39479166666666665 0.49074074074074076 0.39166666666666666 0.48518518518518516 0.39166666666666666 0.4777777777777778 0.3984375 0.4675925925925926 0.409375 0.46574074074074073
1 0.8557291666666667 0.6333333333333333 0.8697916666666666 0.5851851851851851 0.875 0.5472222222222223 0.8838541666666667 0.5407407407407407 0.8854166666666666 0.6268518518518519 0.8890625 0.6509259259259259 0.8895833333333333 0.6675925925925926 0.8838541666666667 0.6675925925925926 0.8677083333333333 0.6537037037037037 0.859375 0.6435185185185185 0.85625 0.6342592592592593
1 0.8833333333333333 0.5083333333333333 0.8838541666666667 0.537962962962963 0.8744791666666667 0.549074074074074 0.865625 0.5981481481481481 0.8625 0.600925925925926 0.8567708333333334 0.5916666666666667 0.8557291666666667 0.562037037037037 0.8572916666666667 0.5537037037037037 0.8677083333333333 0.5259259259259259 0.8755208333333333 0.5203703703703704 0.8828125 0.5092592592592593
1 0.22708333333333333 0.1787037037037037 0.23020833333333332 0.19166666666666668 0.23854166666666668 0.20185185185185187 0.24479166666666666 0.26851851851851855 0.24895833333333334 0.2953703703703704 0.2484375 0.30833333333333335 0.23333333333333334 0.3111111111111111 0.2265625 0.3111111111111111 0.22447916666666667 0.30833333333333335 0.21197916666666666 0.21296296296296297 0.2125 0.20277777777777778 0.215625 0.1962962962962963 0.21458333333333332 0.1814814814814815 0.22083333333333333 0.17685185185185184 0.2265625 0.1787037037037037
1 0.25416666666666665 0.1685185185185185 0.25677083333333334 0.17222222222222222 0.25833333333333336 0.18611111111111112 0.2671875 0.2212962962962963 0.2734375 0.27870370370370373 0.2796875 0.30648148148148147 0.265625 0.3101851851851852 0.25416666666666665 0.3101851851851852 0.25104166666666666 0.30648148148148147 0.24947916666666667 0.2861111111111111 0.24583333333333332 0.26851851851851855 0.24270833333333333 0.225 0.24375 0.17314814814814813 0.246875 0.1685185185185185 0.25364583333333335 0.1685185185185185