0 0.32395833333333335 0.7333333333333333 0.33229166666666665 0.7407407407407407 0.3359375 0.7490740740740741 0.33489583333333334 0.7592592592592593 0.32864583333333336 0.7648148148148148 0.32135416666666666 0.7583333333333333 0.3171875 0.7416666666666667 0.31875 0.7314814814814815 0.3234375 0.7333333333333333
0 0.309375 0.7046296296296296 0.309375 0.7148148148148148 0.29635416666666664 0.7138888888888889 0.29635416666666664 0.7074074074074074 0.2994791666666667 0.7018518518518518 0.30052083333333335 0.6768518518518518 0.3026041666666667 0.6685185185185185 0.309375 0.6703703703703704 0.3078125 0.6953703703703704 0.30885416666666665 0.7046296296296296
0 0.3859375 0.7555555555555555 0.3932291666666667 0.7657407407407407 0.4046875 0.7935185185185185 0.425 0.8537037037037037 0.44114583333333335 0.8935185185185185 0.45625 0.9111111111111111 0.45729166666666665 0.9175925925925926 0.4557291666666667 0.9287037037037037 0.45 0.9388888888888889 0.44479166666666664 0.9425925925925925 0.4375 0.9416666666666667 0.434375 0.937037037037037 0.43385416666666665 0.9166666666666666 0.3796875 0.7787037037037037 0.3776041666666667 0.7712962962962963 0.378125 0.762962962962963 0.3807291666666667 0.7564814814814815 0.3854166666666667 0.7555555555555555
0 0.3380208333333333 0.5703703703703704 0.340625 0.5787037037037037 0.34270833333333334 0.6092592592592593 0.3458333333333333 0.6203703703703703 0.3453125 0.6277777777777778 0.33958333333333335 0.6333333333333333 0.33229166666666665 0.6333333333333333 0.32916666666666666 0.6287037037037037 0.3307291666666667 0.6074074074074074 0.32864583333333336 0.5722222222222222 0.33125 0.5694444444444444 0.3375 0.5703703703703704
0 0.31666666666666665 0.35833333333333334 0.31927083333333334 0.3611111111111111 0.3203125 0.3685185185185185 0.31927083333333334 0.37407407407407406 0.3140625 0.38055555555555554 0.3104166666666667 0.37962962962962965 0.3104166666666667 0.36574074074074076 0.3125 0.35833333333333334 0.31614583333333335 0.35833333333333334
0 0.48541666666666666 0.1712962962962963 0.4890625 0.17407407407407408 0.49166666666666664 0.1814814814814815 0.49166666666666664 0.19166666666666668 0.48854166666666665 0.19722222222222222 0.47552083333333334 0.20277777777777778 0.43385416666666665 0.24444444444444444 0.42864583333333334 0.24537037037037038 0.4270833333333333 0.23796296296296296 0.428125 0.23425925925925925 0.47760416666666666 0.18425925925925926 0.4822916666666667 0.17314814814814813 0.48489583333333336 0.17222222222222222
0 0.31614583333333335 0.45740740740740743 0.3229166666666667 0.4601851851851852 0.3255208333333333 0.4685185185185185 0.325 0.4740740740740741 0.3203125 0.48333333333333334 0.31875 0.5351851851851852 0.31666666666666665 0.5398148148148149 0.3125 0.5416666666666666 0.309375 0.5416666666666666 0.3078125 0.5361111111111111 0.30885416666666665 0.48148148148148145 0.30520833333333336 0.47685185185185186 0.30364583333333334 0.46574074074074073 0.3072916666666667 0.4546296296296296 0.315625 0.45740740740740743
0 0.4036458333333333 0.5592592592592592 0.4046875 0.5666666666666667 0.4005208333333333 0.5768518518518518 0.4015625 0.6398148148148148 0.39895833333333336 0.6425925925925926 0.39427083333333335 0.6425925925925926 0.39166666666666666 0.637962962962963 0.390625 0.5796296296296296 0.38645833333333335 0.562037037037037 0.39166666666666666 0.5583333333333333 0.403125 0.5592592592592592
0 0.4265625 0.5740740740740741 0.43385416666666665 0.575 0.43645833333333334 0.5787037037037037 0.4375 0.587037037037037 0.4234375 0.6333333333333333 0.41822916666666665 0.6416666666666667 0.4140625 0.6425925925925926 0.40729166666666666 0.6361111111111111 0.4046875 0.6277777777777778 0.40520833333333334 0.6175925925925926 0.4140625 0.6046296296296296 0.4265625 0.575
0 0.30572916666666666 0.5018518518518519 0.3072916666666667 0.5046296296296297 0.309375 0.6148148148148148 0.31197916666666664 0.6259259259259259 0.309375 0.6305555555555555 0.30416666666666664 0.6305555555555555 0.3020833333333333 0.6268518518518519 0.30364583333333334 0.6027777777777777 0.30052083333333335 0.5037037037037037 0.30520833333333336 0.5018518518518519
0 0.39739583333333334 0.700925925925926 0.39895833333333336 0.725925925925926 0.396875 0.7333333333333333 0.3927083333333333 0.7305555555555555 0.390625 0.7138888888888889 0.3875 0.7083333333333334 0.390625 0.700925925925926 0.396875 0.700925925925926
0 0.3385416666666667 0.3814814814814815 0.340625 0.3925925925925926 0.3385416666666667 0.42592592592592593 0.33697916666666666 0.42962962962962964 0.3296875 0.42777777777777776 0.328125 0.42314814814814816 0.33125 0.41574074074074074 0.3338541666666667 0.3824074074074074 0.33645833333333336 0.37962962962962965 0.3380208333333333 0.3814814814814815
0 0.30364583333333334 0.4666666666666667 0.3072916666666667 0.4777777777777778 0.30625 0.47962962962962963 0.3 0.47685185185185186 0.3 0.4703703703703704 0.303125 0.4666666666666667
2 0.35885416666666664 0.612037037037037 0.004166666666666667 0.012962962962962963
2 0.3796875 0.6601851851851852 0.3828125 0.6722222222222223 0.38177083333333334 0.6824074074074075 0.3802083333333333 0.6833333333333333 0.3776041666666667 0.6824074074074075 0.375 0.674074074074074 0.37552083333333336 0.662962962962963 0.37916666666666665 0.6601851851851852
2 0.37604166666666666 0.5157407407407407 0.013541666666666667 0.04259259259259259
2 0.35260416666666666 0.4583333333333333 0.3567708333333333 0.46296296296296297 0.3578125 0.4685185185185185 0.35625 0.4888888888888889 0.35208333333333336 0.4898148148148148 0.3484375 0.4787037037037037 0.3489583333333333 0.4666666666666667 0.35208333333333336 0.45925925925925926
2 0.3796875 0.4861111111111111 0.38229166666666664 0.4898148148148148 0.38229166666666664 0.49722222222222223 0.3796875 0.49907407407407406 0.3796875 0.48703703703703705
2 0.4140625 0.425 0.41822916666666665 0.43425925925925923 0.41875 0.44722222222222224 0.4166666666666667 0.4601851851851852 0.4119791666666667 0.4666666666666667 0.40625 0.46111111111111114 0.4041666666666667 0.4425925925925926 0.40729166666666666 0.42777777777777776 0.40989583333333335 0.42314814814814816 0.41354166666666664 0.425
2 0.43072916666666666 0.3314814814814815 0.434375 0.3388888888888889 0.4354166666666667 0.35648148148148145 0.43385416666666665 0.3685185185185185 0.42916666666666664 0.375 0.4244791666666667 0.37407407407407406 0.42239583333333336 0.37037037037037035 0.42083333333333334 0.35 0.4244791666666667 0.33425925925925926 0.4270833333333333 0.33055555555555555 0.43020833333333336 0.3314814814814815
2 0.33958333333333335 0.2722222222222222 0.34375 0.28055555555555556 0.34427083333333336 0.2935185185185185 0.3421875 0.3037037037037037 0.3385416666666667 0.3074074074074074 0.3338541666666667 0.30092592592592593 0.3328125 0.2861111111111111 0.33489583333333334 0.27685185185185185 0.3390625 0.2722222222222222
2 0.4015625 0.2898148148148148 0.40572916666666664 0.2962962962962963 0.40677083333333336 0.31574074074074077 0.40520833333333334 0.325 0.39895833333333336 0.3333333333333333 0.3932291666666667 0.325 0.3927083333333333 0.3074074074074074 0.3953125 0.29444444444444445 0.4010416666666667 0.2898148148148148
2 0.41458333333333336 0.3037037037037037 0.4166666666666667 0.30648148148148147 0.4171875 0.31296296296296294 0.4166666666666667 0.31851851851851853 0.4140625 0.32222222222222224 0.4109375 0.32037037037037036 0.40989583333333335 0.3138888888888889 0.4109375 0.3055555555555556 0.4140625 0.3037037037037037
2 0.34036458333333336 0.3574074074074074 0.0109375 0.03888888888888889
2 0.3875 0.28425925925925927 0.39114583333333336 0.29259259259259257 0.39166666666666666 0.30833333333333335 0.39010416666666664 0.3194444444444444 0.3854166666666667 0.32592592592592595 0.3796875 0.3212962962962963 0.378125 0.30185185185185187 0.38125 0.287962962962963 0.38333333333333336 0.28425925925925927 0.38697916666666665 0.28425925925925927
2 0.325 0.6425925925925926 0.32864583333333336 0.6481481481481481 0.3307291666666667 0.6592592592592592 0.32916666666666666 0.6777777777777778 0.32395833333333335 0.6796296296296296 0.3203125 0.6666666666666666 0.32083333333333336 0.6509259259259259 0.32447916666666665 0.6435185185185185
2 0.446875 0.48055555555555557 0.4505208333333333 0.48518518518518516 0.45208333333333334 0.49537037037037035 0.4510416666666667 0.5111111111111111 0.4484375 0.5166666666666667 0.4432291666666667 0.5157407407407407 0.4395833333333333 0.5064814814814815 0.4401041666666667 0.4888888888888889 0.4421875 0.4824074074074074 0.44635416666666666 0.48055555555555557
2 0.39895833333333336 0.4361111111111111 0.4041666666666667 0.4361111111111111 0.403125 0.4527777777777778 0.3984375 0.44907407407407407 0.39895833333333336 0.43703703703703706
2 0.47708333333333336 0.41759259259259257 0.4791666666666667 0.4222222222222222 0.4791666666666667 0.43148148148148147 0.47604166666666664 0.43703703703703706 0.4713541666666667 0.43333333333333335 0.4708333333333333 0.4222222222222222 0.4734375 0.4166666666666667 0.4765625 0.41759259259259257
2 0.32083333333333336 0.6092592592592593 0.32395833333333335 0.6148148148148148 0.32395833333333335 0.6277777777777778 0.32135416666666666 0.6305555555555555 0.31875 0.6277777777777778 0.3182291666666667 0.6138888888888889 0.3203125 0.6101851851851852
2 0.359375 0.6805555555555556 0.3625 0.6925925925925925 0.35989583333333336 0.7027777777777777 0.3572916666666667 0.7018518518518518 0.35520833333333335 0.6962962962962963 0.35572916666666665 0.6833333333333333 0.35885416666666664 0.6805555555555556
1 0.30859375 -0.038425925925925926 0.07864583333333333 0.07685185185185185
1 0.2635416666666667 0 0.33958333333333335 0 0.34375 0.003703703703703704 0.3453125 0.008333333333333333 0.34479166666666666 0.04351851851851852 0.34010416666666665 0.04814814814814815 0.3020833333333333 0.02962962962962963 0.2921875 0.027777777777777776 0.2755208333333333 0.008333333333333333 0.26666666666666666 0.007407407407407408 0.2640625 0.000925925925925926