0 0.4395833333333333 0.34629629629629627 0.446875 0.35648148148148145 0.4609375 0.36574074074074076 0.46041666666666664 0.3768518518518518 0.45677083333333335 0.37962962962962965 0.434375 0.3685185185185185 0.43385416666666665 0.35648148148148145 0.4390625 0.34629629629629627
0 0.5270833333333333 0.3907407407407407 0.534375 0.39444444444444443 0.5380208333333333 0.40370370370370373 0.5369791666666667 0.40925925925925927 0.53125 0.412962962962963 0.528125 0.41203703703703703 0.5255208333333333 0.4046296296296296 0.5244791666666667 0.39351851851851855 0.5265625 0.3907407407407407
0 0.3932291666666667 0.37407407407407406 0.396875 0.37962962962962965 0.39166666666666666 0.3888888888888889 0.3796875 0.3861111111111111 0.3770833333333333 0.38333333333333336 0.3770833333333333 0.37962962962962965 0.3796875 0.37592592592592594 0.3927083333333333 0.37407407407407406
0 0.5494791666666666 0.5722222222222222 0.6166666666666667 0.6351851851851852 0.6286458333333333 0.6388888888888888 0.6302083333333334 0.6444444444444445 0.6296875 0.6537037037037037 0.6265625 0.6620370370370371 0.6229166666666667 0.6648148148148149 0.6114583333333333 0.6453703703703704 0.5458333333333333 0.5861111111111111 0.5427083333333333 0.5805555555555556 0.5421875 0.5740740740740741 0.5453125 0.5703703703703704 0.5489583333333333 0.5722222222222222
0 0.378125 0.3990740740740741 0.4239583333333333 0.4203703703703704 0.43802083333333336 0.4212962962962963 0.4401041666666667 0.425 0.4401041666666667 0.43333333333333335 0.4390625 0.4388888888888889 0.4359375 0.44166666666666665 0.4265625 0.4324074074074074 0.3703125 0.4083333333333333 0.36822916666666666 0.4046296296296296 0.3692708333333333 0.39814814814814814 0.3776041666666667 0.3990740740740741
0 0.46458333333333335 0.4064814814814815 0.5333333333333333 0.48148148148148145 0.5473958333333333 0.48703703703703705 0.5510416666666667 0.49444444444444446 0.5515625 0.5074074074074074 0.5453125 0.5222222222222223 0.5411458333333333 0.525 0.5348958333333333 0.5222222222222223 0.5239583333333333 0.49537037037037035 0.46145833333333336 0.4287037037037037 0.4583333333333333 0.42314814814814816 0.45625 0.4111111111111111 0.4588541666666667 0.40555555555555556 0.4640625 0.4064814814814815
0 0.4083333333333333 0.5925925925925926 0.4666666666666667 0.6351851851851852 0.4828125 0.6425925925925926 0.48385416666666664 0.649074074074074 0.4817708333333333 0.6601851851851852 0.47708333333333336 0.6685185185185185 0.4744791666666667 0.6685185185185185 0.471875 0.6592592592592592 0.4640625 0.6481481481481481 0.396875 0.600925925925926 0.3953125 0.5916666666666667 0.39739583333333334 0.5879629629629629 0.4078125 0.5925925925925926
0 0.46822916666666664 0.3074074074074074 0.4734375 0.31574074074074077 0.4739583333333333 0.325 0.471875 0.3314814814814815 0.4510416666666667 0.35185185185185186 0.4453125 0.34814814814814815 0.4453125 0.3351851851851852 0.4578125 0.3194444444444444 0.46197916666666666 0.30833333333333335 0.46770833333333334 0.3074074074074074
0 0.3802083333333333 0.42962962962962964 0.384375 0.4351851851851852 0.38385416666666666 0.43796296296296294 0.3765625 0.44722222222222224 0.36614583333333334 0.44537037037037036 0.3645833333333333 0.4388888888888889 0.37604166666666666 0.42962962962962964 0.3796875 0.42962962962962964
2 0.3984375 0.37592592592592594 0.4046875 0.3787037037037037 0.40677083333333336 0.3861111111111111 0.4041666666666667 0.39166666666666666 0.39739583333333334 0.39537037037037037 0.38697916666666665 0.39351851851851855 0.384375 0.3888888888888889 0.3921875 0.3861111111111111 0.39375 0.3768518518518518 0.39791666666666664 0.37592592592592594
2 0.6109375 0.44537037037037036 0.6135416666666667 0.45 0.6098958333333333 0.4564814814814815 0.60625 0.45555555555555555 0.6036458333333333 0.44907407407407407 0.60625 0.4444444444444444 0.6104166666666667 0.44537037037037036
2 0.5260416666666666 0.42314814814814816 0.5302083333333333 0.425 0.53125 0.4305555555555556 0.5260416666666666 0.43425925925925923 0.5234375 0.4324074074074074 0.5223958333333333 0.42685185185185187 0.5255208333333333 0.42407407407407405
2 0.6125 0.4583333333333333 0.615625 0.4601851851851852 0.6161458333333333 0.4648148148148148 0.6114583333333333 0.4666666666666667 0.6088541666666667 0.46296296296296297 0.6119791666666666 0.45925925925925926
2 0.584375 0.36203703703703705 0.5875 0.37037037037037035 0.58125 0.37777777777777777 0.5713541666666667 0.3768518518518518 0.5671875 0.37222222222222223 0.5666666666666667 0.3648148148148148 0.5723958333333333 0.3592592592592593 0.5838541666666667 0.36203703703703705
2 0.5505208333333333 0.45925925925925926 0.5567708333333333 0.46296296296296297 0.5588541666666667 0.4685185185185185 0.5572916666666666 0.4759259259259259 0.5510416666666667 0.47962962962962963 0.5432291666666667 0.4777777777777778 0.5390625 0.4703703703703704 0.5411458333333333 0.462037037037037 0.55 0.45925925925925926
2 0.3333333333333333 0.49722222222222223 0.3375 0.5046296296296297 0.33645833333333336 0.5111111111111111 0.33177083333333335 0.5185185185185185 0.3234375 0.5222222222222223 0.31354166666666666 0.5185185185185185 0.31197916666666664 0.5148148148148148 0.3125 0.5055555555555555 0.3203125 0.4962962962962963 0.3328125 0.49722222222222223
2 0.40572916666666664 0.5666666666666667 0.4109375 0.575 0.4083333333333333 0.5814814814814815 0.4041666666666667 0.5842592592592593 0.39791666666666664 0.5814814814814815 0.3963541666666667 0.5731481481481482 0.39947916666666666 0.5666666666666667 0.40520833333333334 0.5666666666666667
2 0.6057291666666667 0.512962962962963 0.6083333333333333 0.5157407407407407 0.6088541666666667 0.5231481481481481 0.603125 0.5287037037037037 0.5973958333333333 0.5268518518518519 0.5947916666666667 0.5222222222222223 0.5947916666666667 0.5166666666666667 0.5979166666666667 0.5120370370370371 0.6052083333333333 0.512962962962963
2 0.5354166666666667 0.39351851851851855 0.546875 0.39166666666666666 0.5536458333333333 0.3990740740740741 0.5520833333333334 0.4083333333333333 0.5421875 0.41203703703703703 0.5364583333333334 0.4074074074074074 0.534375 0.3990740740740741 0.5354166666666667 0.39444444444444443
2 0.6020833333333333 0.4648148148148148 0.6067708333333334 0.4638888888888889 0.6109375 0.4675925925925926 0.609375 0.4740740740740741 0.6041666666666666 0.475 0.6010416666666667 0.46944444444444444 0.6020833333333333 0.46574074074074073
2 0.5947916666666667 0.5 0.5958333333333333 0.5055555555555555 0.5921875 0.5111111111111111 0.5875 0.5092592592592593 0.5859375 0.5009259259259259 0.5885416666666666 0.4981481481481482 0.5942708333333333 0.5
2 0.45729166666666665 0.44166666666666665 0.4588541666666667 0.44814814814814813 0.45625 0.45 0.45208333333333334 0.44907407407407407 0.4515625 0.44537037037037036 0.453125 0.44166666666666665 0.45677083333333335 0.44166666666666665
2 0.42291666666666666 0.46296296296296297 0.43020833333333336 0.4666666666666667 0.4328125 0.47685185185185186 0.428125 0.4842592592592593 0.4192708333333333 0.487962962962963 0.4109375 0.4842592592592593 0.4088541666666667 0.48055555555555557 0.4088541666666667 0.4722222222222222 0.41458333333333336 0.4638888888888889 0.42239583333333336 0.46296296296296297
2 0.3223958333333333 0.5935185185185186 0.3229166666666667 0.6 0.32083333333333336 0.6027777777777777 0.315625 0.6027777777777777 0.3140625 0.5972222222222222 0.31666666666666665 0.5925925925925926 0.321875 0.5935185185185186
2 0.5760416666666667 0.5138888888888888 0.5770833333333333 0.5185185185185185 0.5744791666666667 0.5222222222222223 0.5708333333333333 0.5222222222222223 0.5692708333333333 0.5148148148148148 0.5755208333333334 0.5138888888888888
2 0.446875 0.49074074074074076 0.453125 0.4935185185185185 0.4546875 0.4981481481481482 0.45260416666666664 0.5046296296296297 0.44635416666666666 0.5074074074074074 0.440625 0.5027777777777778 0.44114583333333335 0.49537037037037035 0.44635416666666666 0.49074074074074076
2 0.4375 0.5046296296296297 0.44166666666666665 0.5092592592592593 0.4421875 0.5185185185185185 0.4354166666666667 0.5268518518518519 0.43020833333333336 0.5287037037037037 0.42239583333333336 0.5277777777777778 0.41822916666666665 0.524074074074074 0.41770833333333335 0.5120370370370371 0.42552083333333335 0.5027777777777778 0.43697916666666664 0.5046296296296297
2 0.5205729166666667 0.5768518518518518 0.008854166666666666 0.011111111111111112
2 0.5151041666666667 0.375 0.51875 0.37777777777777777 0.5208333333333334 0.38425925925925924 0.51875 0.38981481481481484 0.5135416666666667 0.39444444444444443 0.5010416666666667 0.3907407407407407 0.49947916666666664 0.3814814814814815 0.5046875 0.375 0.5145833333333333 0.375
2 0.3927083333333333 0.43333333333333335 0.39895833333333336 0.4388888888888889 0.39947916666666666 0.4462962962962963 0.39739583333333334 0.45092592592592595 0.390625 0.45555555555555555 0.38125 0.4546296296296296 0.3770833333333333 0.4462962962962963 0.384375 0.43333333333333335 0.3921875 0.43333333333333335
1 0 0.47685185185185186 0.005208333333333333 0.48333333333333334 0.011979166666666667 0.5212962962962963 0.024479166666666666 0.5666666666666667 0.021875 0.5777777777777777 0.009895833333333333 0.5898148148148148 0.0036458333333333334 0.5898148148148148 0.0020833333333333333 0.5814814814814815 0 0.5805555555555556 0 0.4777777777777778
1 0.07916666666666666 0.6222222222222222 0.08385416666666666 0.6287037037037037 0.0765625 0.6398148148148148 0.08125 0.6564814814814814 0.09583333333333334 0.6537037037037037 0.10208333333333333 0.6574074074074074 0.10625 0.6657407407407407 0.1140625 0.7101851851851851 0.12291666666666666 0.7324074074074074 0.12708333333333333 0.7527777777777778 0.12291666666666666 0.7620370370370371 0.109375 0.7787037037037037 0.078125 0.8009259259259259 0.07083333333333333 0.799074074074074 0.0640625 0.7851851851851852 0.058854166666666666 0.7490740740740741 0.05260416666666667 0.7268518518518519 0.04583333333333333 0.7129629629629629 0.04479166666666667 0.6990740740740741 0.059895833333333336 0.6722222222222223 0.05625 0.6546296296296297 0.059375 0.6407407407407407 0.07083333333333333 0.6259259259259259 0.07864583333333333 0.6222222222222222
1 0.029166666666666667 0.6287037037037037 0.03229166666666667 0.6324074074074074 0.034375 0.6444444444444445 0.04635416666666667 0.6648148148148149 0.05625 0.674074074074074 0.0453125 0.6953703703703704 0.04375 0.7074074074074074 0.05677083333333333 0.7444444444444445 0.0609375 0.7675925925925926 0.0609375 0.7796296296296297 0.052083333333333336 0.7842592592592592 0.0421875 0.7842592592592592 0.033854166666666664 0.7796296296296297 0.029166666666666667 0.7685185185185185 0.01875 0.7277777777777777 0.0171875 0.7027777777777777 0.01875 0.6925925925925925 0.024479166666666666 0.6777777777777778 0.024479166666666666 0.6361111111111111 0.028645833333333332 0.6296296296296297
1 0.7703125 0.23796296296296296 0.7755208333333333 0.24351851851851852 0.775 0.25555555555555554 0.7786458333333334 0.2638888888888889 0.7786458333333334 0.27037037037037037 0.7666666666666667 0.36666666666666664 0.7635416666666667 0.3712962962962963 0.74375 0.36944444444444446 0.74375 0.34814814814814815 0.7505208333333333 0.2675925925925926 0.7598958333333333 0.25092592592592594 0.7625 0.23981481481481481 0.7697916666666667 0.23796296296296296
1 0.7416666666666667 0.23055555555555557 0.7453125 0.2351851851851852 0.74375 0.25925925925925924 0.7479166666666667 0.28425925925925927 0.7427083333333333 0.35 0.7401041666666667 0.36944444444444446 0.7375 0.3712962962962963 0.7130208333333333 0.36944444444444446 0.7145833333333333 0.3472222222222222 0.7192708333333333 0.32592592592592595 0.7213541666666666 0.2851851851851852 0.7239583333333334 0.26944444444444443 0.7307291666666667 0.25092592592592594 0.7322916666666667 0.23333333333333334 0.734375 0.23055555555555557 0.7411458333333333 0.23055555555555557
1 0.07916666666666666 0.5805555555555556 0.08489583333333334 0.5833333333333334 0.09114583333333333 0.6101851851851852 0.09739583333333333 0.6148148148148148 0.10416666666666667 0.6287037037037037 0.11354166666666667 0.6361111111111111 0.12447916666666667 0.6601851851851852 0.1265625 0.6712962962962963 0.1265625 0.6935185185185185 0.12447916666666667 0.7046296296296296 0.1203125 0.712037037037037 0.11458333333333333 0.7037037037037037 0.10416666666666667 0.6583333333333333 0.09635416666666667 0.6509259259259259 0.08020833333333334 0.6537037037037037 0.07760416666666667 0.637962962962963 0.08385416666666666 0.6333333333333333 0.08541666666666667 0.625 0.0828125 0.6203703703703703 0.07239583333333334 0.6157407407407407 0.06145833333333333 0.5972222222222222 0.051041666666666666 0.5962962962962963 0.049479166666666664 0.5851851851851851 0.07864583333333333 0.5805555555555556