0 0.6328125 0.2462962962962963 0.6494791666666667 0.25462962962962965 0.6489583333333333 0.2675925925925926 0.6442708333333333 0.2740740740740741 0.6229166666666667 0.25462962962962965 0.6223958333333334 0.25092592592592594 0.6255208333333333 0.24537037037037038 0.6322916666666667 0.2462962962962963
0 0.590625 0.362962962962963 0.59375 0.36666666666666664 0.5947916666666667 0.37407407407407406 0.5854166666666667 0.39351851851851855 0.58125 0.39351851851851855 0.5807291666666666 0.3851851851851852 0.5848958333333333 0.36666666666666664 0.5901041666666667 0.362962962962963
0 0.56875 0.2574074074074074 0.5713541666666667 0.25833333333333336 0.5734375 0.26481481481481484 0.5708333333333333 0.27870370370370373 0.5296875 0.3527777777777778 0.5229166666666667 0.3685185185185185 0.5223958333333333 0.37962962962962965 0.5192708333333333 0.38425925925925924 0.5125 0.387037037037037 0.5083333333333333 0.387037037037037 0.5046875 0.3824074074074074 0.5015625 0.3731481481481482 0.5015625 0.362962962962963 0.5072916666666667 0.35185185185185186 0.5161458333333333 0.3453703703703704 0.5604166666666667 0.26481481481481484 0.5682291666666667 0.2574074074074074
0 0.41354166666666664 0.1527777777777778 0.415625 0.15648148148148147 0.41822916666666665 0.175 0.39947916666666666 0.21481481481481482 0.39479166666666665 0.21296296296296297 0.3921875 0.20277777777777778 0.4005208333333333 0.17685185185185184 0.4010416666666667 0.1648148148148148 0.4041666666666667 0.1537037037037037 0.40729166666666666 0.15092592592592594 0.41302083333333334 0.1527777777777778
0 0.33541666666666664 0.37407407407407406 0.3385416666666667 0.3824074074074074 0.3625 0.38333333333333336 0.3645833333333333 0.3861111111111111 0.3645833333333333 0.39814814814814814 0.3625 0.4009259259259259 0.34427083333333336 0.3990740740740741 0.33489583333333334 0.4064814814814815 0.3307291666666667 0.4064814814814815 0.32864583333333336 0.3990740740740741 0.3296875 0.37592592592592594 0.33489583333333334 0.37407407407407406
0 0.35 0.16666666666666666 0.359375 0.17407407407407408 0.3671875 0.175 0.3703125 0.18055555555555555 0.37135416666666665 0.1925925925925926 0.36614583333333334 0.2037037037037037 0.3609375 0.20277777777777778 0.34479166666666666 0.18611111111111112 0.3416666666666667 0.17777777777777778 0.3416666666666667 0.1712962962962963 0.34479166666666666 0.16666666666666666 0.3494791666666667 0.16666666666666666
0 0.5203125 0.3851851851851852 0.5286458333333334 0.3907407407407407 0.5296875 0.39814814814814814 0.5151041666666667 0.4 0.5109375 0.3972222222222222 0.5104166666666666 0.387037037037037 0.5197916666666667 0.3851851851851852
0 0.390625 0.18796296296296297 0.3927083333333333 0.19537037037037036 0.390625 0.20277777777777778 0.37604166666666666 0.2 0.3770833333333333 0.19537037037037036 0.39010416666666664 0.18796296296296297
0 0.446875 0.14814814814814814 0.44895833333333335 0.15462962962962962 0.44895833333333335 0.17314814814814813 0.44635416666666666 0.17685185185185184 0.41822916666666665 0.175 0.41510416666666666 0.1574074074074074 0.4390625 0.15555555555555556 0.44375 0.14814814814814814 0.44635416666666666 0.14814814814814814
0 0.4786458333333333 0.29074074074074074 0.4796875 0.29814814814814816 0.47708333333333336 0.3111111111111111 0.4609375 0.36574074074074076 0.4609375 0.38055555555555554 0.45677083333333335 0.3861111111111111 0.4505208333333333 0.38333333333333336 0.44947916666666665 0.37037037037037035 0.45729166666666665 0.3527777777777778 0.47239583333333335 0.2953703703703704 0.475 0.29074074074074074 0.478125 0.29074074074074074
0 0.328125 0.2953703703703704 0.33489583333333334 0.30462962962962964 0.33229166666666665 0.3398148148148148 0.32916666666666666 0.34444444444444444 0.32395833333333335 0.3435185185185185 0.321875 0.32037037037037036 0.31875 0.3111111111111111 0.32083333333333336 0.29907407407407405 0.32760416666666664 0.2953703703703704
0 0.5723958333333333 0.2 0.5765625 0.20555555555555555 0.5776041666666667 0.2175925925925926 0.5552083333333333 0.25462962962962965 0.5526041666666667 0.2537037037037037 0.5505208333333333 0.24814814814814815 0.5526041666666667 0.23796296296296296 0.5640625 0.21388888888888888 0.5671875 0.20277777777777778 0.571875 0.2
0 0.5901041666666667 0.20277777777777778 0.5932291666666667 0.20555555555555555 0.6104166666666667 0.2064814814814815 0.6625 0.2037037037037037 0.6645833333333333 0.20462962962962963 0.6651041666666667 0.2101851851851852 0.6630208333333333 0.21481481481481482 0.6572916666666667 0.21666666666666667 0.6015625 0.21574074074074073 0.5890625 0.22037037037037038 0.5859375 0.21574074074074073 0.5859375 0.20555555555555555 0.5895833333333333 0.20277777777777778
2 0.6046875 0.21666666666666667 0.6260416666666667 0.21666666666666667 0.6234375 0.22407407407407406 0.6192708333333333 0.22685185185185186 0.6083333333333333 0.225 0.6046875 0.2175925925925926
2 0.5307291666666667 0.14351851851851852 0.5354166666666667 0.14629629629629629 0.5375 0.1537037037037037 0.5296875 0.16018518518518518 0.5223958333333333 0.15925925925925927 0.5182291666666666 0.1537037037037037 0.5182291666666666 0.15 0.5234375 0.14444444444444443 0.5302083333333333 0.14351851851851852
2 0.5942708333333333 0.3101851851851852 0.6020833333333333 0.32037037037037036 0.6015625 0.3277777777777778 0.5963541666666666 0.33425925925925926 0.584375 0.33240740740740743 0.578125 0.32222222222222224 0.58125 0.31203703703703706 0.59375 0.3101851851851852
2 0.4510416666666667 0.21481481481481482 0.45260416666666664 0.22037037037037038 0.4505208333333333 0.2222222222222222 0.44583333333333336 0.22037037037037038 0.446875 0.21574074074074073 0.4505208333333333 0.21481481481481482
2 0.5661458333333333 0.17777777777777778 0.5708333333333333 0.17592592592592593 0.5744791666666667 0.1814814814814815 0.5734375 0.18518518518518517 0.5682291666666667 0.18611111111111112 0.5661458333333333 0.18425925925925926 0.5661458333333333 0.1787037037037037
2 0.39427083333333335 0.26851851851851855 0.39895833333333336 0.275 0.39479166666666665 0.2824074074074074 0.3885416666666667 0.2824074074074074 0.3854166666666667 0.27870370370370373 0.3859375 0.2722222222222222 0.39375 0.26851851851851855
2 0.47708333333333336 0.1638888888888889 0.4817708333333333 0.16944444444444445 0.4822916666666667 0.175 0.47604166666666664 0.1814814814814815 0.46458333333333335 0.17962962962962964 0.4625 0.1712962962962963 0.46770833333333334 0.1648148148148148 0.4765625 0.1638888888888889
2 0.5307291666666667 0.12962962962962962 0.5364583333333334 0.1287037037037037 0.5380208333333333 0.13333333333333333 0.5328125 0.13703703703703704 0.5302083333333333 0.13333333333333333 0.5307291666666667 0.13055555555555556
2 0.5338541666666666 0.21203703703703702 0.5354166666666667 0.21944444444444444 0.5328125 0.2222222222222222 0.5291666666666667 0.2222222222222222 0.5265625 0.21666666666666667 0.528125 0.21296296296296297 0.5333333333333333 0.21203703703703702
2 0.45 0.225 0.4546875 0.23055555555555557 0.4546875 0.23703703703703705 0.4473958333333333 0.24537037037037038 0.4354166666666667 0.24351851851851852 0.4328125 0.23981481481481481 0.4322916666666667 0.23425925925925925 0.43854166666666666 0.22592592592592592 0.44947916666666665 0.225
2 0.39427083333333335 0.3351851851851852 0.39739583333333334 0.3388888888888889 0.3984375 0.35 0.390625 0.36018518518518516 0.3770833333333333 0.35833333333333334 0.3729166666666667 0.35185185185185186 0.3729166666666667 0.3453703703703704 0.3765625 0.33796296296296297 0.38125 0.3351851851851852 0.39375 0.3351851851851852
2 0.5125 0.15462962962962962 0.5145833333333333 0.16111111111111112 0.5088541666666667 0.1675925925925926 0.5 0.1648148148148148 0.49895833333333334 0.1574074074074074 0.5036458333333333 0.1537037037037037 0.5119791666666667 0.15462962962962962
2 0.4192708333333333 0.23055555555555557 0.42083333333333334 0.2388888888888889 0.41822916666666665 0.24259259259259258 0.4119791666666667 0.24259259259259258 0.4088541666666667 0.2361111111111111 0.4119791666666667 0.23055555555555557 0.41875 0.23055555555555557
2 0.5364583333333334 0.24444444444444444 0.5395833333333333 0.2462962962962963 0.5421875 0.25462962962962965 0.5380208333333333 0.262037037037037 0.5286458333333334 0.2611111111111111 0.5239583333333333 0.25462962962962965 0.525 0.24814814814814815 0.528125 0.24444444444444444 0.5359375 0.24444444444444444
2 0.453125 0.22685185185185186 0.46041666666666664 0.225 0.45989583333333334 0.23148148148148148 0.4557291666666667 0.2324074074074074 0.45364583333333336 0.22777777777777777
2 0.5166666666666667 0.17314814814814813 0.5197916666666667 0.1814814814814815 0.5130208333333334 0.18888888888888888 0.5020833333333333 0.18518518518518517 0.5005208333333333 0.17685185185185184 0.5067708333333333 0.17037037037037037 0.5161458333333333 0.17314814814814813
2 0.6338541666666667 0.31203703703703706 0.6416666666666667 0.31574074074074077 0.6453125 0.325 0.6447916666666667 0.33055555555555555 0.6385416666666667 0.337037037037037 0.6307291666666667 0.33611111111111114 0.6229166666666667 0.32592592592592595 0.625 0.31666666666666665 0.6333333333333333 0.31203703703703706
2 0.4354166666666667 0.275 0.4390625 0.2759259259259259 0.4395833333333333 0.2824074074074074 0.4328125 0.2824074074074074 0.4328125 0.2777777777777778 0.4348958333333333 0.2759259259259259
2 0.41354166666666664 0.3527777777777778 0.415625 0.35833333333333334 0.41458333333333336 0.3638888888888889 0.4083333333333333 0.3685185185185185 0.40260416666666665 0.36574074074074076 0.40260416666666665 0.35648148148148145 0.40677083333333336 0.35185185185185186 0.41302083333333334 0.3527777777777778
1 0.9869791666666666 0.23796296296296296 0.9927083333333333 0.24444444444444444 0.9921875 0.262037037037037 0.99375 0.26851851851851855 0.984375 0.29074074074074074 0.9744791666666667 0.2898148148148148 0.971875 0.27870370370370373 0.9651041666666667 0.26851851851851855 0.9651041666666667 0.262037037037037 0.9755208333333333 0.2388888888888889 0.9864583333333333 0.23796296296296296
1 0.190625 0.09074074074074075 0.19427083333333334 0.1037037037037037 0.19947916666666668 0.10925925925925926 0.20364583333333333 0.11944444444444445 0.20677083333333332 0.1361111111111111 0.20885416666666667 0.1712962962962963 0.2171875 0.22314814814814815 0.20260416666666667 0.22777777777777777 0.1921875 0.22777777777777777 0.19114583333333332 0.225 0.1890625 0.20277777777777778 0.175 0.12314814814814815 0.17916666666666667 0.10925925925925926 0.178125 0.09351851851851851 0.18541666666666667 0.08888888888888889 0.19010416666666666 0.09074074074074075
1 0.9604166666666667 0.2675925925925926 0.9692708333333333 0.275 0.9723958333333333 0.2814814814814815 0.9729166666666667 0.2898148148148148 0.9692708333333333 0.2935185185185185 0.9604166666666667 0.29444444444444445 0.9572916666666667 0.29907407407407405 0.9463541666666667 0.35 0.9395833333333333 0.3731481481481482 0.9359375 0.3768518518518518 0.925 0.3675925925925926 0.9203125 0.3592592592592593 0.925 0.33055555555555555 0.9354166666666667 0.2935185185185185 0.9390625 0.27037037037037037 0.9453125 0.26481481481481484 0.9598958333333333 0.2675925925925926
1 0.9197916666666667 0.4064814814814815 0.921875 0.4111111111111111 0.9213541666666667 0.45 0.9270833333333334 0.4666666666666667 0.9276041666666667 0.48518518518518516 0.9151041666666667 0.5398148148148149 0.9109375 0.5462962962962963 0.9036458333333334 0.55 0.890625 0.5481481481481482 0.8796875 0.5398148148148149 0.8697916666666666 0.524074074074074 0.86875 0.5101851851851852 0.8817708333333333 0.4564814814814815 0.8864583333333333 0.44907407407407407 0.9015625 0.44074074074074077 0.9125 0.4203703703703704 0.9151041666666667 0.4074074074074074 0.9192708333333334 0.4064814814814815
1 0.9671875 0.21203703703703702 0.9729166666666667 0.21851851851851853 0.9734375 0.22685185185185186 0.9609375 0.2657407407407407 0.9416666666666667 0.26481481481481484 0.9416666666666667 0.2601851851851852 0.9489583333333333 0.21481481481481482 0.9552083333333333 0.20925925925925926 0.9666666666666667 0.21203703703703702
1 0.9713541666666666 0.29444444444444445 0.9776041666666667 0.2953703703703704 0.9838541666666667 0.30185185185185187 0.990625 0.3111111111111111 0.9911458333333333 0.3175925925925926 0.9734375 0.3814814814814815 0.96875 0.38981481481481484 0.9666666666666667 0.4027777777777778 0.9635416666666666 0.4074074074074074 0.9526041666666667 0.4074074074074074 0.9427083333333334 0.4009259259259259 0.9385416666666667 0.39351851851851855 0.9385416666666667 0.37777777777777777 0.9552083333333333 0.3148148148148148 0.9567708333333333 0.30092592592592593 0.9609375 0.2953703703703704 0.9708333333333333 0.29444444444444445
1 0.98125 0.4601851851851852 0.9848958333333333 0.462037037037037 0.9859375 0.46574074074074073 0.9848958333333333 0.48518518518518516 0.9802083333333333 0.5 0.9833333333333333 0.5120370370370371 0.9666666666666667 0.5351851851851852 0.9578125 0.5537037037037037 0.9567708333333333 0.5611111111111111 0.959375 0.5638888888888889 0.9677083333333333 0.5583333333333333 0.9734375 0.5611111111111111 0.9697916666666667 0.5777777777777777 0.953125 0.6287037037037037 0.9479166666666666 0.6333333333333333 0.9359375 0.6296296296296297 0.9255208333333333 0.6194444444444445 0.9223958333333333 0.6083333333333333 0.9213541666666667 0.5907407407407408 0.9307291666666667 0.5564814814814815 0.9416666666666667 0.5287037037037037 0.9473958333333333 0.49444444444444446 0.953125 0.48703703703703705 0.9598958333333333 0.48703703703703705 0.9666666666666667 0.4703703703703704 0.9807291666666667 0.4601851851851852
1 0.21875 0.07962962962962963 0.22239583333333332 0.08611111111111111 0.22447916666666667 0.10462962962962963 0.23385416666666667 0.12962962962962962 0.24427083333333333 0.21666666666666667 0.24270833333333333 0.22314814814814815 0.234375 0.225 0.221875 0.225 0.21927083333333333 0.2222222222222222 0.215625 0.20833333333333334 0.209375 0.16296296296296298 0.2078125 0.12777777777777777 0.209375 0.09907407407407408 0.20729166666666668 0.08796296296296297 0.21041666666666667 0.08055555555555556 0.21822916666666667 0.07962962962962963
1 0.9875 0.29444444444444445 0.9994791666666667 0.30092592592592593 0.9994791666666667 0.3277777777777778 0.9973958333333334 0.3296296296296296 0.98125 0.38333333333333336 0.9770833333333333 0.38796296296296295 0.9729166666666667 0.38796296296296295 0.9723958333333333 0.38333333333333336 0.990625 0.31851851851851853 0.990625 0.31296296296296294 0.9880208333333333 0.3074074074074074 0.975 0.2962962962962963 0.9802083333333333 0.29259259259259257 0.9869791666666666 0.29444444444444445
1 0.8692708333333333 0.3611111111111111 0.8963541666666667 0.3648148148148148 0.8984375 0.3768518518518518 0.8875 0.3787037037037037 0.8776041666666666 0.38796296296296295 0.8822916666666667 0.4027777777777778 0.88125 0.4212962962962963 0.8770833333333333 0.44074074074074077 0.878125 0.46296296296296297 0.8729166666666667 0.47962962962962963 0.8625 0.49907407407407406 0.8479166666666667 0.5018518518518519 0.8348958333333333 0.49537037037037035 0.8302083333333333 0.48703703703703705 0.8286458333333333 0.4740740740740741 0.8302083333333333 0.44814814814814813 0.8348958333333333 0.4324074074074074 0.8411458333333334 0.4212962962962963 0.8479166666666667 0.4166666666666667 0.8546875 0.40185185185185185 0.8614583333333333 0.3962962962962963 0.8635416666666667 0.38333333333333336 0.8625 0.37037037037037035 0.86875 0.3611111111111111