0 0.640625 0.23703703703703705 0.6515625 0.25092592592592594 0.6515625 0.25462962962962965 0.6489583333333333 0.2574074074074074 0.6359375 0.25 0.6369791666666667 0.24074074074074073 0.6401041666666667 0.23703703703703705
0 0.4421875 0.20277777777777778 0.4546875 0.20462962962962963 0.453125 0.21388888888888888 0.4427083333333333 0.2175925925925926 0.44114583333333335 0.2111111111111111 0.4421875 0.2037037037037037
0 0.6046875 0.2574074074074074 0.6078125 0.2740740740740741 0.6067708333333334 0.2824074074074074 0.6026041666666667 0.2851851851851852 0.5734375 0.2833333333333333 0.5713541666666667 0.28055555555555556 0.5708333333333333 0.26944444444444443 0.5729166666666666 0.26481481481481484 0.5979166666666667 0.2638888888888889 0.6005208333333333 0.25833333333333336 0.6041666666666666 0.2574074074074074
0 0.49375 0.18333333333333332 0.4947916666666667 0.19537037037037036 0.4869791666666667 0.19722222222222222 0.4817708333333333 0.19537037037037036 0.48072916666666665 0.18888888888888888 0.49322916666666666 0.18333333333333332
0 0.6380208333333334 0.2722222222222222 0.6510416666666666 0.35 0.6484375 0.35555555555555557 0.6427083333333333 0.3527777777777778 0.6380208333333334 0.3111111111111111 0.634375 0.29259259259259257 0.6307291666666667 0.2851851851851852 0.63125 0.27314814814814814 0.6375 0.2722222222222222
0 0.6328125 0.2574074074074074 0.6354166666666666 0.2712962962962963 0.63125 0.275 0.6296875 0.2851851851851852 0.628125 0.2777777777777778 0.6072916666666667 0.28425925925925927 0.6067708333333334 0.27314814814814814 0.6088541666666667 0.26851851851851855 0.625 0.2657407407407407 0.6276041666666666 0.25833333333333336 0.6322916666666667 0.2574074074074074
0 0.7067708333333333 0.2657407407407407 0.7119791666666667 0.26666666666666666 0.7125 0.2851851851851852 0.7067708333333333 0.2851851851851852 0.70625 0.2824074074074074 0.6411458333333333 0.28425925925925927 0.6401041666666667 0.2796296296296296 0.6401041666666667 0.2759259259259259 0.6427083333333333 0.2740740740740741 0.70625 0.2722222222222222 0.7067708333333333 0.26666666666666666
0 0.7385416666666667 0.2638888888888889 0.7395833333333334 0.2796296296296296 0.7380208333333333 0.2861111111111111 0.7338541666666667 0.2851851851851852 0.7333333333333333 0.2824074074074074 0.7135416666666666 0.2833333333333333 0.7130208333333333 0.2777777777777778 0.7130208333333333 0.26944444444444443 0.7322916666666667 0.27037037037037037 0.7328125 0.26481481481481484 0.7380208333333333 0.2638888888888889
0 0.5661458333333333 0.2574074074074074 0.5692708333333333 0.25833333333333336 0.5692708333333333 0.28425925925925927 0.5666666666666667 0.2851851851851852 0.5645833333333333 0.2851851851851852 0.5630208333333333 0.27870370370370373 0.553125 0.2814814814814815 0.5302083333333333 0.27870370370370373 0.5302083333333333 0.26666666666666666 0.5604166666666667 0.2638888888888889 0.5635416666666667 0.26296296296296295 0.565625 0.25833333333333336
0 0.521875 0.24722222222222223 0.5291666666666667 0.2462962962962963 0.528125 0.2824074074074074 0.521875 0.2814814814814815 0.5203125 0.275 0.4817708333333333 0.275 0.4828125 0.25833333333333336 0.5197916666666667 0.25555555555555554 0.521875 0.24814814814814815
0 0.47552083333333334 0.24814814814814815 0.48125 0.24814814814814815 0.48125 0.2796296296296296 0.4484375 0.275 0.446875 0.2712962962962963 0.4479166666666667 0.2564814814814815 0.471875 0.25462962962962965 0.475 0.2537037037037037 0.47552083333333334 0.2490740740740741
0 0.4197916666666667 0.2574074074074074 0.4401041666666667 0.2564814814814815 0.4421875 0.2490740740740741 0.446875 0.2490740740740741 0.446875 0.2759259259259259 0.4427083333333333 0.2759259259259259 0.44166666666666665 0.2712962962962963 0.42083333333333334 0.27314814814814814 0.4197916666666667 0.25833333333333336
2 0.7223958333333333 0.21481481481481482 0.728125 0.2222222222222222 0.728125 0.22685185185185186 0.7244791666666667 0.23055555555555557 0.7130208333333333 0.22870370370370371 0.7083333333333334 0.2222222222222222 0.709375 0.21666666666666667 0.7135416666666666 0.21388888888888888 0.721875 0.21481481481481482
2 0.653125 0.21388888888888888 0.6552083333333333 0.21944444444444444 0.6526041666666667 0.22314814814814815 0.6447916666666667 0.21944444444444444 0.6447916666666667 0.21574074074074073 0.6473958333333333 0.21296296296296297 0.6526041666666667 0.21388888888888888
2 0.6828125 0.45185185185185184 0.6921875 0.45555555555555555 0.696875 0.462037037037037 0.6979166666666666 0.47314814814814815 0.6932291666666667 0.48055555555555557 0.6828125 0.48055555555555557 0.671875 0.46944444444444444 0.6713541666666667 0.46111111111111114 0.6734375 0.4564814814814815 0.6822916666666666 0.45185185185185184
2 0.4822916666666667 0.3175925925925926 0.48333333333333334 0.3212962962962963 0.48125 0.32407407407407407 0.47708333333333336 0.32314814814814813 0.4765625 0.31851851851851853 0.4817708333333333 0.3175925925925926
2 0.4192708333333333 0.30277777777777776 0.4244791666666667 0.3055555555555556 0.4276041666666667 0.3138888888888889 0.42552083333333335 0.3194444444444444 0.4192708333333333 0.32407407407407407 0.41041666666666665 0.32314814814814813 0.4046875 0.31574074074074077 0.4046875 0.3101851851851852 0.40729166666666666 0.30648148148148147 0.41875 0.30277777777777776
2 0.50625 0.38796296296296295 0.5119791666666667 0.39351851851851855 0.5119791666666667 0.40185185185185185 0.5057291666666667 0.4083333333333333 0.496875 0.4074074074074074 0.49166666666666664 0.3972222222222222 0.49583333333333335 0.3888888888888889 0.5057291666666667 0.38796296296296295
2 0.5895833333333333 0.2462962962962963 0.5916666666666667 0.2518518518518518 0.5885416666666666 0.25555555555555554 0.5822916666666667 0.25092592592592594 0.5848958333333333 0.24537037037037038 0.5890625 0.2462962962962963
2 0.5494791666666666 0.225 0.5510416666666667 0.23055555555555557 0.5479166666666667 0.23425925925925925 0.5416666666666666 0.23333333333333334 0.5401041666666667 0.22685185185185186 0.5453125 0.22314814814814815 0.5489583333333333 0.225
2 0.7494791666666667 0.3675925925925926 0.7567708333333333 0.3731481481481482 0.759375 0.37962962962962965 0.759375 0.387037037037037 0.7546875 0.39166666666666666 0.7442708333333333 0.3907407407407407 0.7375 0.3861111111111111 0.734375 0.37962962962962965 0.7375 0.36944444444444446 0.7489583333333333 0.3675925925925926
2 0.540625 0.4537037037037037 0.5442708333333334 0.4583333333333333 0.5416666666666666 0.46296296296296297 0.5364583333333334 0.4601851851851852 0.5364583333333334 0.45555555555555555 0.5401041666666667 0.4537037037037037
2 0.6015625 0.41388888888888886 0.6057291666666667 0.41944444444444445 0.6057291666666667 0.42314814814814816 0.603125 0.42592592592592593 0.5979166666666667 0.425 0.5953125 0.4212962962962963 0.596875 0.4148148148148148 0.6010416666666667 0.41388888888888886
2 0.5036458333333333 0.23055555555555557 0.5026041666666666 0.23796296296296296 0.4973958333333333 0.23796296296296296 0.49583333333333335 0.23333333333333334 0.4979166666666667 0.22962962962962963 0.503125 0.23055555555555557
2 0.5473958333333333 0.2833333333333333 0.553125 0.2824074074074074 0.5541666666666667 0.2851851851851852 0.5536458333333333 0.287962962962963 0.55 0.28888888888888886 0.5473958333333333 0.28425925925925927
2 0.653125 0.3861111111111111 0.6567708333333333 0.3925925925925926 0.6541666666666667 0.3990740740740741 0.6453125 0.3972222222222222 0.6427083333333333 0.39166666666666666 0.6463541666666667 0.3851851851851852 0.6526041666666667 0.3861111111111111
2 0.5921875 0.29814814814814816 0.5932291666666667 0.3037037037037037 0.5916666666666667 0.3055555555555556 0.5869791666666667 0.30277777777777776 0.5880208333333333 0.29814814814814816 0.5916666666666667 0.29814814814814816
2 0.534375 0.32037037037037036 0.5411458333333333 0.32407407407407407 0.54375 0.3296296296296296 0.5432291666666667 0.33611111111111114 0.5369791666666667 0.3416666666666667 0.5255208333333333 0.3388888888888889 0.521875 0.33240740740740743 0.5234375 0.32407407407407407 0.5338541666666666 0.32037037037037036
2 0.54375 0.41944444444444445 0.5473958333333333 0.42777777777777776 0.5442708333333334 0.43333333333333335 0.5364583333333334 0.4324074074074074 0.5333333333333333 0.425 0.5364583333333334 0.41944444444444445 0.5432291666666667 0.41944444444444445
2 0.5932291666666667 0.20092592592592592 0.5953125 0.20833333333333334 0.5927083333333333 0.21296296296296297 0.58125 0.21203703703703702 0.5765625 0.2064814814814815 0.5776041666666667 0.20092592592592592 0.5822916666666667 0.19814814814814816 0.5927083333333333 0.20092592592592592
2 0.440625 0.36944444444444446 0.44375 0.3768518518518518 0.4390625 0.3814814814814815 0.4348958333333333 0.37962962962962965 0.43385416666666665 0.375 0.4359375 0.37037037037037035 0.4401041666666667 0.36944444444444446
2 0.453125 0.3138888888888889 0.45989583333333334 0.31851851851851853 0.46145833333333336 0.32314814814814813 0.459375 0.33055555555555555 0.45364583333333336 0.3351851851851852 0.4453125 0.33425925925925926 0.4390625 0.32685185185185184 0.4395833333333333 0.3212962962962963 0.4421875 0.3175925925925926 0.45260416666666664 0.3138888888888889
2 0.6791666666666667 0.2898148148148148 0.6838541666666667 0.2953703703703704 0.6833333333333333 0.30277777777777776 0.6796875 0.3055555555555556 0.6703125 0.3037037037037037 0.6661458333333333 0.2962962962962963 0.6666666666666666 0.29259259259259257 0.6713541666666667 0.28888888888888886 0.6786458333333333 0.2898148148148148
1 0.9458333333333333 0.4935185185185185 0.9609375 0.5120370370370371 0.9614583333333333 0.5194444444444445 0.9572916666666667 0.537962962962963 0.9645833333333333 0.5462962962962963 0.9708333333333333 0.5638888888888889 0.9692708333333333 0.5740740740740741 0.9578125 0.6055555555555555 0.9494791666666667 0.65 0.9463541666666667 0.6555555555555556 0.9390625 0.6592592592592592 0.9177083333333333 0.6472222222222223 0.903125 0.6333333333333333 0.89375 0.6203703703703703 0.8932291666666666 0.6111111111111112 0.90625 0.5712962962962963 0.9140625 0.5305555555555556 0.9208333333333333 0.5231481481481481 0.9375 0.5231481481481481 0.9432291666666667 0.5083333333333333 0.9416666666666667 0.49537037037037035 0.9453125 0.4935185185185185
1 0.9885416666666667 0.49907407407407406 0.9921875 0.5074074074074074 0.9916666666666667 0.5462962962962963 0.996875 0.5666666666666667 0.996875 0.5861111111111111 0.9833333333333333 0.6361111111111111 0.9802083333333333 0.6425925925925926 0.9744791666666667 0.6462962962962963 0.959375 0.6453703703703704 0.9536458333333333 0.6407407407407407 0.9588541666666667 0.6055555555555555 0.9713541666666666 0.5685185185185185 0.9692708333333333 0.5546296296296296 0.9625 0.5388888888888889 0.9708333333333333 0.5324074074074074 0.9822916666666667 0.5138888888888888 0.984375 0.5018518518518519 0.9880208333333333 0.49907407407407406
1 0.2864583333333333 0.13518518518518519 0.2890625 0.14629629629629629 0.29375 0.1527777777777778 0.29739583333333336 0.1648148148148148 0.29791666666666666 0.19166666666666668 0.30572916666666666 0.25462962962962965 0.30572916666666666 0.262037037037037 0.30364583333333334 0.2638888888888889 0.2859375 0.2638888888888889 0.2828125 0.26296296296296295 0.28125 0.2574074074074074 0.2713541666666667 0.16018518518518518 0.275 0.15185185185185185 0.27447916666666666 0.1398148148148148 0.2760416666666667 0.13518518518518519 0.2859375 0.13518518518518519
1 0.9442708333333333 0.45185185185185184 0.9625 0.4601851851851852 0.9635416666666666 0.46574074074074073 0.9572916666666667 0.4703703703703704 0.9604166666666667 0.48055555555555557 0.9526041666666667 0.49074074074074076 0.9421875 0.4925925925925926 0.9395833333333333 0.49722222222222223 0.9421875 0.5083333333333333 0.9375 0.5203703703703704 0.925 0.5203703703703704 0.9166666666666666 0.524074074074074 0.9130208333333333 0.5305555555555556 0.9083333333333333 0.5592592592592592 0.9010416666666666 0.5814814814814815 0.8973958333333333 0.5814814814814815 0.8958333333333334 0.5777777777777777 0.89375 0.5601851851851852 0.8947916666666667 0.5398148148148149 0.8973958333333333 0.5287037037037037 0.9057291666666667 0.5111111111111111 0.9161458333333333 0.5037037037037037 0.9234375 0.4888888888888889 0.9291666666666667 0.48333333333333334 0.93125 0.4703703703703704 0.9307291666666667 0.4564814814814815 0.9385416666666667 0.45092592592592595 0.94375 0.45185185185185184
1 0.3125 0.12777777777777777 0.315625 0.13333333333333333 0.31614583333333335 0.14537037037037037 0.32395833333333335 0.1787037037037037 0.32708333333333334 0.23425925925925925 0.33125 0.2601851851851852 0.328125 0.2638888888888889 0.30885416666666665 0.262037037037037 0.3026041666666667 0.22592592592592592 0.3 0.1935185185185185 0.30052083333333335 0.16944444444444445 0.303125 0.15092592592592594 0.3020833333333333 0.13148148148148148 0.30416666666666664 0.12777777777777777 0.31197916666666664 0.12777777777777777