0 0.371875 0.41944444444444445 0.371875 0.43425925925925923 0.3614583333333333 0.4361111111111111 0.35885416666666664 0.42962962962962964 0.35989583333333336 0.42407407407407405 0.37135416666666665 0.4203703703703704
0 0.3411458333333333 0.412962962962963 0.3421875 0.4185185185185185 0.334375 0.44814814814814813 0.32916666666666666 0.4462962962962963 0.32760416666666664 0.44166666666666665 0.33645833333333336 0.4148148148148148 0.340625 0.412962962962963
0 0.346875 0.5657407407407408 0.34739583333333335 0.5722222222222222 0.3411458333333333 0.5833333333333334 0.33697916666666666 0.5787037037037037 0.3380208333333333 0.5703703703703704 0.3463541666666667 0.5657407407407408
0 0.45677083333333335 0.5092592592592593 0.45989583333333334 0.5166666666666667 0.459375 0.524074074074074 0.4505208333333333 0.5398148148148149 0.4239583333333333 0.6157407407407407 0.4203125 0.6138888888888889 0.42135416666666664 0.6018518518518519 0.4395833333333333 0.55 0.44947916666666665 0.5120370370370371 0.45625 0.5092592592592593
0 0.4171875 0.21203703703703702 0.421875 0.22037037037037038 0.42239583333333336 0.23055555555555557 0.4203125 0.2388888888888889 0.4317708333333333 0.28703703703703703 0.43020833333333336 0.2972222222222222 0.42604166666666665 0.30092592592592593 0.4203125 0.29444444444444445 0.40989583333333335 0.24722222222222223 0.40208333333333335 0.2324074074074074 0.4015625 0.22592592592592592 0.40572916666666664 0.21574074074074073 0.4166666666666667 0.21203703703703702
0 0.35 0.6328703703703704 0.010416666666666666 0.019444444444444445
0 0.4276041666666667 0.46296296296296297 0.44166666666666665 0.4787037037037037 0.4432291666666667 0.48333333333333334 0.4421875 0.4962962962962963 0.43645833333333334 0.5027777777777778 0.4322916666666667 0.5018518518518519 0.42864583333333334 0.4962962962962963 0.42291666666666666 0.4759259259259259 0.42291666666666666 0.46574074074074073 0.4270833333333333 0.46296296296296297
0 0.39947916666666666 0.6712962962962963 0.44166666666666665 0.6935185185185185 0.44947916666666665 0.6944444444444444 0.4583333333333333 0.6907407407407408 0.4625 0.6944444444444444 0.46510416666666665 0.700925925925926 0.46510416666666665 0.7138888888888889 0.46145833333333336 0.725925925925926 0.45625 0.7296296296296296 0.4473958333333333 0.7240740740740741 0.44166666666666665 0.7138888888888889 0.4375 0.7111111111111111 0.3932291666666667 0.6898148148148148 0.39114583333333336 0.6842592592592592 0.39114583333333336 0.674074074074074 0.39895833333333336 0.6712962962962963
0 0.45416666666666666 0.32314814814814813 0.4578125 0.32592592592592595 0.4578125 0.33240740740740743 0.45364583333333336 0.35555555555555557 0.4421875 0.47962962962962963 0.43697916666666664 0.4759259259259259 0.43645833333333334 0.4685185185185185 0.44895833333333335 0.3425925925925926 0.4473958333333333 0.325 0.45364583333333336 0.32314814814814813
0 0.375 0.3175925925925926 0.378125 0.32222222222222224 0.3807291666666667 0.3453703703703704 0.3854166666666667 0.3638888888888889 0.384375 0.37222222222222223 0.3796875 0.3768518518518518 0.375 0.3768518518518518 0.3692708333333333 0.3685185185185185 0.3697916666666667 0.35 0.36770833333333336 0.32314814814814813 0.36875 0.31851851851851853 0.37447916666666664 0.3175925925925926
0 0.33645833333333336 0.31851851851851853 0.3416666666666667 0.31851851851851853 0.34270833333333334 0.3277777777777778 0.33541666666666664 0.3527777777777778 0.3333333333333333 0.36944444444444446 0.3265625 0.3712962962962963 0.3229166666666667 0.362962962962963 0.33645833333333336 0.3194444444444444
0 0.3302083333333333 0.5370370370370371 0.325 0.549074074074074 0.3338541666666667 0.5814814814814815 0.3380208333333333 0.5842592592592593 0.3385416666666667 0.5898148148148148 0.3296875 0.5953703703703703 0.3234375 0.5592592592592592 0.31927083333333334 0.5527777777777778 0.321875 0.5444444444444444 0.3296875 0.537962962962963
0 0.33697916666666666 0.5398148148148149 0.3390625 0.5416666666666666 0.3380208333333333 0.5527777777777778 0.340625 0.5694444444444444 0.3375 0.575 0.3385416666666667 0.5851851851851851 0.3338541666666667 0.5814814814814815 0.3296875 0.5564814814814815 0.32708333333333334 0.5555555555555556 0.3260416666666667 0.5509259259259259 0.3296875 0.5416666666666666 0.33645833333333336 0.5398148148148149
2 0.39739583333333334 0.46574074074074073 0.4 0.4740740740740741 0.4005208333333333 0.4861111111111111 0.39895833333333336 0.5009259259259259 0.3958333333333333 0.5055555555555555 0.3927083333333333 0.5055555555555555 0.39010416666666664 0.4981481481481482 0.3890625 0.4787037037037037 0.3927083333333333 0.4666666666666667 0.396875 0.46574074074074073
2 0.334375 0.6703703703703704 0.33697916666666666 0.6712962962962963 0.33697916666666666 0.6787037037037037 0.33489583333333334 0.6805555555555556 0.334375 0.6712962962962963
2 0.35885416666666664 0.5962962962962963 0.3609375 0.6027777777777777 0.3614583333333333 0.6166666666666667 0.359375 0.6277777777777778 0.3567708333333333 0.6305555555555555 0.3536458333333333 0.6259259259259259 0.35260416666666666 0.6092592592592593 0.3541666666666667 0.5990740740740741 0.35833333333333334 0.5962962962962963
2 0.3932291666666667 0.5120370370370371 0.39739583333333334 0.524074074074074 0.39739583333333334 0.5351851851851852 0.3958333333333333 0.5435185185185185 0.39166666666666666 0.5481481481481482 0.3880208333333333 0.5435185185185185 0.3859375 0.5287037037037037 0.3880208333333333 0.5138888888888888 0.3927083333333333 0.5120370370370371
2 0.41354166666666664 0.3314814814814815 0.415625 0.34444444444444444 0.4114583333333333 0.3527777777777778 0.4088541666666667 0.35 0.4078125 0.3425925925925926 0.4088541666666667 0.33425925925925926 0.41302083333333334 0.3314814814814815
2 0.41510416666666666 0.46296296296296297 0.41770833333333335 0.4685185185185185 0.41875 0.487962962962963 0.4171875 0.49722222222222223 0.4140625 0.5018518518518519 0.4088541666666667 0.4981481481481482 0.40677083333333336 0.4824074074074074 0.4088541666666667 0.4675925925925926 0.41458333333333336 0.46296296296296297
2 0.3807291666666667 0.5231481481481481 0.38333333333333336 0.5287037037037037 0.384375 0.5416666666666666 0.3796875 0.5537037037037037 0.375 0.5453703703703704 0.37447916666666664 0.5324074074074074 0.3776041666666667 0.5231481481481481 0.3802083333333333 0.5231481481481481
2 0.3963541666666667 0.30092592592592593 0.39947916666666666 0.3055555555555556 0.4005208333333333 0.3212962962962963 0.39895833333333336 0.3296296296296296 0.3958333333333333 0.33425925925925926 0.3927083333333333 0.3333333333333333 0.38958333333333334 0.325 0.390625 0.30648148148148147 0.3958333333333333 0.30092592592592593
2 0.38697916666666665 0.5611111111111111 0.38697916666666665 0.5712962962962963 0.38333333333333336 0.5675925925925925 0.38385416666666666 0.562037037037037 0.38645833333333335 0.5611111111111111
2 0.40625 0.5648148148148148 0.4088541666666667 0.5685185185185185 0.41041666666666665 0.5777777777777777 0.40989583333333335 0.5888888888888889 0.40625 0.5962962962962963 0.40208333333333335 0.5925925925925926 0.4005208333333333 0.5842592592592593 0.4010416666666667 0.5685185185185185 0.40572916666666664 0.5648148148148148
2 0.3768229166666667 0.4532407407407407 0.0046875 0.012037037037037037
2 0.36380208333333336 0.6143518518518518 0.008854166666666666 0.03796296296296296
2 0.4088541666666667 0.43148148148148147 0.4125 0.43148148148148147 0.4140625 0.4398148148148148 0.41302083333333334 0.45 0.4088541666666667 0.45092592592592595 0.40729166666666666 0.4444444444444444 0.4088541666666667 0.4324074074074074
2 0.3692708333333333 0.47314814814814815 0.371875 0.48148148148148145 0.371875 0.49722222222222223 0.36770833333333336 0.5074074074074074 0.36354166666666665 0.5037037037037037 0.3619791666666667 0.4842592592592593 0.365625 0.4722222222222222 0.36875 0.47314814814814815
2 0.41302083333333334 0.40925925925925927 0.41458333333333336 0.41759259259259257 0.4125 0.4305555555555556 0.4088541666666667 0.42962962962962964 0.40729166666666666 0.4185185185185185 0.4083333333333333 0.4111111111111111 0.4125 0.40925925925925927
2 0.3703125 0.43425925925925923 0.3729166666666667 0.44722222222222224 0.3697916666666667 0.4537037037037037 0.36770833333333336 0.4537037037037037 0.365625 0.4444444444444444 0.36666666666666664 0.4361111111111111 0.3697916666666667 0.43425925925925923
2 0.3776041666666667 0.40925925925925927 0.3807291666666667 0.4166666666666667 0.38177083333333334 0.42962962962962964 0.3796875 0.44074074074074077 0.3765625 0.44537037037037036 0.3729166666666667 0.44166666666666665 0.37135416666666665 0.43148148148148147 0.3723958333333333 0.41203703703703703 0.3770833333333333 0.40925925925925927
1 0.365625 0.9148148148148149 0.365625 0.9601851851851851 0.3411458333333333 0.9666666666666667 0.315625 0.9787037037037037 0.3104166666666667 0.9787037037037037 0.30520833333333336 0.9722222222222222 0.29791666666666666 0.9740740740740741 0.2953125 0.9657407407407408 0.29583333333333334 0.9537037037037037 0.303125 0.9472222222222222 0.3098958333333333 0.9342592592592592 0.32708333333333334 0.9324074074074075 0.3651041666666667 0.9148148148148149
1 0.32890625 0.9013888888888889 0.07552083333333333 0.058333333333333334