0 0.5994791666666667 0.35 0.6026041666666667 0.3527777777777778 0.6166666666666667 0.35185185185185186 0.61875 0.35462962962962963 0.61875 0.36018518518518516 0.5984375 0.36574074074074076 0.5953125 0.3638888888888889 0.5942708333333333 0.3537037037037037 0.5953125 0.35 0.5989583333333334 0.35
0 0.5557291666666667 0.35555555555555557 0.5598958333333334 0.3712962962962963 0.5697916666666667 0.4546296296296296 0.5739583333333333 0.47314814814814815 0.5739583333333333 0.47962962962962963 0.571875 0.4824074074074074 0.5677083333333334 0.48333333333333334 0.5651041666666666 0.4777777777777778 0.5635416666666667 0.45092592592592595 0.553125 0.3824074074074074 0.553125 0.3648148148148148 0.5557291666666667 0.35648148148148145
0 0.5755208333333334 0.42777777777777776 0.029166666666666667 0.18888888888888888
0 0.6109375 0.5231481481481481 0.6125 0.5361111111111111 0.6125 0.5462962962962963 0.6109375 0.5481481481481482 0.6057291666666667 0.5435185185185185 0.60625 0.5259259259259259 0.6104166666666667 0.5231481481481481
0 0.503125 0.2898148148148148 0.5104166666666666 0.29814814814814816 0.51875 0.30092592592592593 0.5234375 0.30648148148148147 0.5234375 0.31851851851851853 0.51875 0.32685185185185184 0.5140625 0.325 0.4979166666666667 0.3037037037037037 0.4984375 0.2935185185185185 0.5026041666666666 0.2898148148148148
0 0.5119791666666667 0.38796296296296295 0.515625 0.3907407407407407 0.5229166666666667 0.38981481481481484 0.5239583333333333 0.3972222222222222 0.515625 0.4 0.5114583333333333 0.4046296296296296 0.5078125 0.40370370370370373 0.50625 0.3990740740740741 0.50625 0.39166666666666666 0.509375 0.387037037037037 0.5114583333333333 0.38796296296296295
0 0.6098958333333333 0.6175925925925926 0.6125 0.6212962962962963 0.6130208333333333 0.6268518518518519 0.609375 0.6453703703703704 0.6083333333333333 0.662962962962963 0.6057291666666667 0.6666666666666666 0.596875 0.662962962962963 0.5947916666666667 0.6509259259259259 0.6036458333333333 0.6212962962962963 0.609375 0.6175925925925926
0 0.55625 0.6287037037037037 0.5598958333333334 0.6277777777777778 0.5625 0.6324074074074074 0.5744791666666667 0.7092592592592593 0.5807291666666666 0.7305555555555555 0.5802083333333333 0.737037037037037 0.5776041666666667 0.7407407407407407 0.5739583333333333 0.7407407407407407 0.5713541666666667 0.737037037037037 0.5708333333333333 0.7212962962962963 0.5614583333333333 0.6731481481481482 0.5557291666666667 0.6361111111111111 0.55625 0.6296296296296297
0 0.6151041666666667 0.55 0.6192708333333333 0.5555555555555556 0.6171875 0.5833333333333334 0.6182291666666667 0.6018518518518519 0.6135416666666667 0.6055555555555555 0.6067708333333334 0.6027777777777777 0.6041666666666666 0.5925925925925926 0.609375 0.5555555555555556 0.6119791666666666 0.55 0.6145833333333334 0.55
0 0.5197916666666667 0.24444444444444444 0.5234375 0.25 0.5229166666666667 0.25555555555555554 0.5161458333333333 0.275 0.5125 0.2740740740740741 0.5114583333333333 0.27037037037037037 0.5130208333333334 0.24814814814814815 0.5151041666666667 0.24351851851851852 0.5192708333333333 0.24444444444444444
0 0.54375 0.34814814814814815 0.5515625 0.3472222222222222 0.55625 0.3527777777777778 0.55625 0.36018518518518516 0.5526041666666667 0.3685185185185185 0.5473958333333333 0.4166666666666667 0.5458333333333333 0.4203703703703704 0.540625 0.4203703703703704 0.5385416666666667 0.41759259259259257 0.5385416666666667 0.4083333333333333 0.54375 0.3490740740740741
2 0.5526041666666667 0.23703703703703705 0.010416666666666666 0.03888888888888889
2 0.5619791666666667 0.26851851851851855 0.5640625 0.26851851851851855 0.5651041666666666 0.2722222222222222 0.5645833333333333 0.2796296296296296 0.5625 0.28055555555555556 0.5619791666666667 0.26944444444444443
2 0.5239583333333333 0.4787037037037037 0.5270833333333333 0.48703703703703705 0.5276041666666667 0.5027777777777778 0.5229166666666667 0.512962962962963 0.5171875 0.5083333333333333 0.515625 0.4898148148148148 0.5192708333333333 0.4777777777777778 0.5234375 0.4787037037037037
2 0.55703125 0.5083333333333333 0.0067708333333333336 0.020370370370370372
2 0.5208333333333334 0.6527777777777778 0.5208333333333334 0.6620370370370371 0.51875 0.6638888888888889 0.5171875 0.6620370370370371 0.5171875 0.6537037037037037 0.5203125 0.6527777777777778
2 0.5307291666666667 0.19722222222222222 0.5364583333333334 0.20092592592592592 0.5421875 0.2111111111111111 0.5411458333333333 0.22407407407407406 0.534375 0.22962962962962963 0.5291666666666667 0.22777777777777777 0.5208333333333334 0.21388888888888888 0.5208333333333334 0.20462962962962963 0.5260416666666666 0.19814814814814816 0.5302083333333333 0.19722222222222222
2 0.5848958333333333 0.6064814814814815 0.5859375 0.6157407407407407 0.584375 0.6194444444444445 0.58125 0.6166666666666667 0.5817708333333333 0.6074074074074074 0.584375 0.6064814814814815
2 0.5098958333333333 0.5694444444444444 0.009375 0.022222222222222223
2 0.5127604166666667 0.5912037037037037 0.013020833333333334 0.03981481481481482
2 0.5505208333333333 0.5259259259259259 0.5536458333333333 0.5324074074074074 0.5546875 0.5462962962962963 0.553125 0.5574074074074075 0.55 0.562962962962963 0.5458333333333333 0.5601851851851852 0.5432291666666667 0.549074074074074 0.5442708333333334 0.5314814814814814 0.5463541666666667 0.5268518518518519 0.55 0.5259259259259259
2 0.5401041666666667 0.2740740740740741 0.5432291666666667 0.2740740740740741 0.546875 0.2851851851851852 0.5463541666666667 0.30092592592592593 0.5442708333333334 0.3055555555555556 0.5416666666666666 0.3055555555555556 0.5380208333333333 0.29259259259259257 0.5380208333333333 0.28055555555555556 0.5401041666666667 0.275
2 0.5583333333333333 0.5768518518518518 0.5578125 0.5879629629629629 0.5557291666666667 0.5861111111111111 0.5557291666666667 0.5777777777777777 0.5578125 0.5768518518518518
2 0.5317708333333333 0.5888888888888889 0.5338541666666666 0.5888888888888889 0.5348958333333333 0.5925925925925926 0.534375 0.6 0.5322916666666667 0.600925925925926 0.5317708333333333 0.5898148148148148
2 0.5182291666666666 0.6046296296296296 0.008333333333333333 0.024074074074074074
2 0.55 0.3138888888888889 0.5515625 0.31851851851851853 0.5505208333333333 0.3287037037037037 0.5479166666666667 0.3287037037037037 0.5463541666666667 0.3212962962962963 0.546875 0.31574074074074077 0.5494791666666666 0.3138888888888889
2 0.4869791666666667 0.337037037037037 0.4901041666666667 0.3416666666666667 0.49270833333333336 0.3537037037037037 0.4921875 0.36944444444444446 0.48802083333333335 0.37962962962962965 0.484375 0.37962962962962965 0.4817708333333333 0.37592592592592594 0.478125 0.35833333333333334 0.4791666666666667 0.3425925925925926 0.48333333333333334 0.33611111111111114 0.4864583333333333 0.337037037037037
2 0.4744791666666667 0.3351851851851852 0.478125 0.34814814814814815 0.47552083333333334 0.35833333333333334 0.47239583333333335 0.35833333333333334 0.46927083333333336 0.3490740740740741 0.4703125 0.33611111111111114 0.4739583333333333 0.3351851851851852
2 0.5403645833333334 0.49444444444444446 0.011979166666666667 0.03888888888888889
2 0.59375 0.4615740740740741 0.009375 0.03425925925925926
2 0.6088541666666667 0.38981481481481484 0.6114583333333333 0.3907407407407407 0.6109375 0.3990740740740741 0.6088541666666667 0.39814814814814814 0.6088541666666667 0.3907407407407407
2 0.48046875 0.5935185185185186 0.008854166666666666 0.024074074074074074
2 0.4822916666666667 0.5796296296296296 0.484375 0.587037037037037 0.4796875 0.5861111111111111 0.4765625 0.5953703703703703 0.47708333333333336 0.5842592592592593 0.4817708333333333 0.5796296296296296
1 0.5755208333333334 0.9009259259259259 0.603125 0.9138888888888889 0.6208333333333333 0.9157407407407407 0.6302083333333334 0.9203703703703704 0.6364583333333333 0.9342592592592592 0.6421875 0.937037037037037 0.6416666666666667 0.9564814814814815 0.6328125 0.9574074074074074 0.6286458333333333 0.9638888888888889 0.6244791666666667 0.9638888888888889 0.5979166666666667 0.9527777777777777 0.5744791666666667 0.9472222222222222 0.5729166666666666 0.9398148148148148 0.5734375 0.9037037037037037 0.575 0.9018518518518519
1 0.5755208333333334 0.8555555555555555 0.5890625 0.8638888888888889 0.625 0.8731481481481481 0.6380208333333334 0.8861111111111111 0.6458333333333334 0.887962962962963 0.646875 0.9037037037037037 0.6447916666666667 0.9092592592592592 0.6354166666666666 0.9074074074074074 0.6234375 0.9120370370370371 0.6041666666666666 0.9120370370370371 0.5739583333333333 0.8981481481481481 0.5734375 0.8574074074074074 0.575 0.8555555555555555