0 0.63125 0.5925925925925926 0.6328125 0.5953703703703703 0.63125 0.6083333333333333 0.63125 0.6611111111111111 0.6260416666666667 0.6462962962962963 0.6244791666666667 0.6083333333333333 0.6223958333333334 0.6 0.6234375 0.5935185185185186 0.6307291666666667 0.5925925925925926
0 0.5479166666666667 0.4083333333333333 0.5494791666666666 0.4101851851851852 0.5494791666666666 0.41944444444444445 0.54375 0.44166666666666665 0.5390625 0.43796296296296294 0.5395833333333333 0.4222222222222222 0.5411458333333333 0.4111111111111111 0.5473958333333333 0.4083333333333333
0 0.6630208333333333 0.3388888888888889 0.6645833333333333 0.3453703703703704 0.6635416666666667 0.375 0.6661458333333333 0.3888888888888889 0.6625 0.39444444444444443 0.6526041666666667 0.3925925925925926 0.6510416666666666 0.387037037037037 0.6536458333333334 0.375 0.6546875 0.3425925925925926 0.6572916666666667 0.3388888888888889 0.6625 0.3388888888888889
0 0.5614583333333333 0.38796296296296295 0.5640625 0.39166666666666666 0.5640625 0.39814814814814814 0.5598958333333334 0.4027777777777778 0.5583333333333333 0.43796296296296294 0.55625 0.4425925925925926 0.5510416666666667 0.44166666666666665 0.5494791666666666 0.43796296296296294 0.55 0.40370370370370373 0.5473958333333333 0.39166666666666666 0.5510416666666667 0.3861111111111111 0.5609375 0.38796296296296295
0 0.6286458333333333 0.36018518518518516 0.6333333333333333 0.36203703703703705 0.6333333333333333 0.3675925925925926 0.6302083333333334 0.375 0.6291666666666667 0.3851851851851852 0.6260416666666667 0.38796296296296295 0.6234375 0.3824074074074074 0.6239583333333333 0.36666666666666664 0.628125 0.36018518518518516
0 0.61875 0.6175925925925926 0.6244791666666667 0.625 0.625 0.6416666666666667 0.6291666666666667 0.6583333333333333 0.628125 0.6657407407407407 0.6239583333333333 0.6722222222222223 0.6161458333333333 0.6657407407407407 0.609375 0.6342592592592593 0.6098958333333333 0.6240740740740741 0.6125 0.6194444444444445 0.6182291666666667 0.6175925925925926
0 0.65 0.587037037037037 0.6567708333333333 0.5953703703703703 0.6572916666666667 0.6018518518518519 0.6520833333333333 0.6111111111111112 0.6401041666666667 0.7666666666666667 0.6375 0.7768518518518519 0.6322916666666667 0.7759259259259259 0.63125 0.7712962962962963 0.6317708333333333 0.7324074074074074 0.6385416666666667 0.6768518518518518 0.6421875 0.6083333333333333 0.640625 0.5953703703703703 0.6421875 0.5907407407407408 0.6494791666666667 0.587037037037037
0 0.646875 0.5592592592592592 0.6510416666666666 0.5648148148148148 0.6588541666666666 0.5685185185185185 0.6609375 0.5777777777777777 0.6578125 0.5842592592592593 0.6458333333333334 0.5888888888888889 0.6390625 0.587037037037037 0.6354166666666666 0.5712962962962963 0.6390625 0.5611111111111111 0.6427083333333333 0.5574074074074075 0.6463541666666667 0.5592592592592592
0 0.5380208333333333 0.2962962962962963 0.54375 0.3111111111111111 0.5427083333333333 0.3175925925925926 0.5338541666666666 0.31666666666666665 0.5302083333333333 0.3111111111111111 0.5307291666666667 0.29907407407407405 0.5375 0.2962962962962963
0 0.6127604166666667 0.3861111111111111 0.015104166666666667 0.05
0 0.6234375 0.6703703703703704 0.6255208333333333 0.6796296296296296 0.6260416666666667 0.7092592592592593 0.6286458333333333 0.7231481481481481 0.628125 0.7305555555555555 0.6234375 0.7361111111111112 0.6192708333333333 0.7361111111111112 0.6177083333333333 0.7324074074074074 0.6135416666666667 0.6768518518518518 0.6171875 0.6685185185185185 0.6229166666666667 0.6703703703703704
0 0.6421875 0.5157407407407407 0.6526041666666667 0.5175925925925926 0.646875 0.5546296296296296 0.640625 0.5574074074074075 0.6421875 0.5166666666666667
0 0.6328125 0.5925925925925926 0.6322916666666667 0.7092592592592593 0.6291666666666667 0.7111111111111111 0.6286458333333333 0.6981481481481482 0.6307291666666667 0.6444444444444445 0.6260416666666667 0.6388888888888888 0.6255208333333333 0.6129629629629629 0.6229166666666667 0.5990740740740741 0.6244791666666667 0.5935185185185186 0.6322916666666667 0.5935185185185186
0 0.6255208333333333 0.6398148148148148 0.6291666666666667 0.6407407407407407 0.6302083333333334 0.7175925925925926 0.6302083333333334 0.725 0.6286458333333333 0.7212962962962963 0.6265625 0.7083333333333334 0.625 0.6722222222222223 0.628125 0.6675925925925926 0.6286458333333333 0.6574074074074074 0.625 0.6453703703703704 0.6255208333333333 0.6407407407407407
2 0.5744791666666667 0.7601851851851852 0.5760416666666667 0.7777777777777778 0.575 0.7833333333333333 0.571875 0.7851851851851852 0.5697916666666667 0.7833333333333333 0.5697916666666667 0.7657407407407407 0.5739583333333333 0.7601851851851852
2 0.5703125 0.7472222222222222 0.5729166666666666 0.7462962962962963 0.5739583333333333 0.7490740740740741 0.5739583333333333 0.7583333333333333 0.5708333333333333 0.7620370370370371 0.5692708333333333 0.7592592592592593 0.5703125 0.7481481481481481
2 0.5161458333333333 0.8055555555555556 0.5203125 0.8157407407407408 0.5208333333333334 0.8296296296296296 0.5177083333333333 0.8444444444444444 0.5125 0.8518518518518519 0.509375 0.850925925925926 0.5067708333333333 0.8444444444444444 0.5057291666666667 0.8277777777777777 0.5083333333333333 0.8138888888888889 0.5130208333333334 0.8055555555555556 0.515625 0.8055555555555556
2 0.5588541666666667 0.6212962962962963 0.5609375 0.6268518518518519 0.5609375 0.6351851851851852 0.5578125 0.6435185185185185 0.5557291666666667 0.6435185185185185 0.5541666666666667 0.6388888888888888 0.5541666666666667 0.6296296296296297 0.5557291666666667 0.6222222222222222 0.5583333333333333 0.6212962962962963
2 0.6151041666666667 0.4601851851851852 0.6182291666666667 0.4601851851851852 0.6197916666666666 0.4648148148148148 0.6192708333333333 0.475 0.6161458333333333 0.4787037037037037 0.6140625 0.47314814814814815 0.6151041666666667 0.46111111111111114
2 0.63125 0.3351851851851852 0.6302083333333334 0.34444444444444444 0.6286458333333333 0.3425925925925926 0.6286458333333333 0.33611111111111114 0.6307291666666667 0.3351851851851852
2 0.5338541666666666 0.7148148148148148 0.5359375 0.7194444444444444 0.5369791666666667 0.7314814814814815 0.5348958333333333 0.7435185185185185 0.5317708333333333 0.7490740740740741 0.5260416666666666 0.7453703703703703 0.5255208333333333 0.7287037037037037 0.528125 0.7175925925925926 0.5333333333333333 0.7148148148148148
2 0.6453125 0.35833333333333334 0.6453125 0.3685185185185185 0.6432291666666666 0.36666666666666664 0.6447916666666667 0.35833333333333334
2 0.6072916666666667 0.4601851851851852 0.6088541666666667 0.4703703703703704 0.6067708333333334 0.4740740740740741 0.6041666666666666 0.4703703703703704 0.6046875 0.46111111111111114 0.6067708333333334 0.4601851851851852
2 0.5453125 0.8203703703703704 0.5479166666666667 0.8287037037037037 0.5479166666666667 0.8407407407407408 0.5458333333333333 0.8527777777777777 0.5427083333333333 0.8574074074074074 0.5380208333333333 0.8555555555555555 0.5359375 0.850925925925926 0.5348958333333333 0.837037037037037 0.5369791666666667 0.825 0.5401041666666667 0.8185185185185185 0.5447916666666667 0.8203703703703704
2 0.5807291666666666 0.4111111111111111 0.5848958333333333 0.41574074074074074 0.5869791666666667 0.42592592592592593 0.5869791666666667 0.43703703703703706 0.584375 0.44814814814814813 0.5796875 0.45 0.5760416666666667 0.4398148148148148 0.5760416666666667 0.4212962962962963 0.5802083333333333 0.41203703703703703
2 0.5635416666666667 0.32592592592592595 0.004166666666666667 0.012962962962962963
2 0.5744791666666667 0.7851851851851852 0.5765625 0.7962962962962963 0.5760416666666667 0.8055555555555556 0.5708333333333333 0.8175925925925925 0.5666666666666667 0.812037037037037 0.5661458333333333 0.8 0.56875 0.787962962962963 0.5708333333333333 0.7842592592592592 0.5739583333333333 0.7851851851851852
2 0.5453125 0.8583333333333333 0.546875 0.8694444444444445 0.54375 0.8759259259259259 0.5411458333333333 0.8740740740740741 0.540625 0.8675925925925926 0.5416666666666666 0.8601851851851852 0.5447916666666667 0.8583333333333333
2 0.5338541666666666 0.5574074074074075 0.5359375 0.562037037037037 0.5354166666666667 0.5694444444444444 0.5317708333333333 0.5694444444444444 0.5317708333333333 0.5601851851851852 0.5333333333333333 0.5583333333333333
2 0.5427083333333333 0.6574074074074074 0.546875 0.6657407407407407 0.5479166666666667 0.6787037037037037 0.5453125 0.6944444444444444 0.5421875 0.6990740740740741 0.5364583333333334 0.6953703703703704 0.5338541666666666 0.6833333333333333 0.5369791666666667 0.662962962962963 0.5421875 0.6574074074074074
2 0.5291666666666667 0.7685185185185185 0.5322916666666667 0.775 0.5333333333333333 0.7925925925925926 0.5317708333333333 0.8018518518518518 0.5270833333333333 0.812037037037037 0.5234375 0.812037037037037 0.5208333333333334 0.8074074074074075 0.5192708333333333 0.7972222222222223 0.521875 0.7759259259259259 0.5260416666666666 0.7685185185185185 0.5286458333333334 0.7685185185185185
2 0.5536458333333333 0.7518518518518519 0.5572916666666666 0.7592592592592593 0.5583333333333333 0.7703703703703704 0.55625 0.7851851851851852 0.5515625 0.7944444444444444 0.5484375 0.7935185185185185 0.5463541666666667 0.7888888888888889 0.5453125 0.7703703703703704 0.5484375 0.7555555555555555 0.553125 0.7518518518518519
2 0.6528645833333333 0.5365740740740741 0.009895833333333333 0.03611111111111111
2 0.6427083333333333 0.525 0.6442708333333333 0.5259259259259259 0.6432291666666666 0.5509259259259259 0.640625 0.5509259259259259 0.6390625 0.5435185185185185 0.6427083333333333 0.5259259259259259
1 0.6765625 0.025 0.6817708333333333 0.03148148148148148 0.6901041666666666 0.030555555555555555 0.6916666666666667 0.03888888888888889 0.690625 0.05185185185185185 0.684375 0.05648148148148148 0.678125 0.06759259259259259 0.6276041666666666 0.08518518518518518 0.621875 0.0824074074074074 0.621875 0.04351851851851852 0.6447916666666667 0.03888888888888889 0.65 0.03425925925925926 0.6760416666666667 0.025
1 0.6666666666666666 0.07685185185185185 0.6828125 0.08148148148148149 0.6927083333333334 0.07777777777777778 0.6947916666666667 0.08055555555555556 0.6958333333333333 0.08888888888888889 0.6942708333333333 0.1 0.684375 0.10277777777777777 0.6666666666666666 0.1175925925925926 0.6322916666666667 0.12407407407407407 0.621875 0.12407407407407407 0.621875 0.09166666666666666 0.6317708333333333 0.08518518518518518 0.6536458333333334 0.07777777777777778 0.6661458333333333 0.07685185185185185