0 0.55 0.2833333333333333 0.5640625 0.2851851851851852 0.5677083333333334 0.2935185185185185 0.5484375 0.31296296296296294 0.5421875 0.30833333333333335 0.5401041666666667 0.2953703703703704 0.546875 0.2833333333333333 0.5494791666666666 0.2833333333333333
0 0.7145833333333333 0.26851851851851855 0.7177083333333333 0.275 0.7182291666666667 0.2851851851851852 0.7166666666666667 0.2898148148148148 0.69375 0.29907407407407405 0.6890625 0.2935185185185185 0.6901041666666666 0.2851851851851852 0.7020833333333333 0.2777777777777778 0.7098958333333333 0.2675925925925926 0.7140625 0.26851851851851855
0 0.5192708333333333 0.2722222222222222 0.5291666666666667 0.2740740740740741 0.5375 0.27037037037037037 0.5463541666666667 0.2759259259259259 0.5479166666666667 0.2833333333333333 0.5385416666666667 0.2935185185185185 0.51875 0.3 0.5135416666666667 0.29907407407407405 0.5109375 0.28888888888888886 0.5119791666666667 0.2722222222222222 0.51875 0.2722222222222222
0 0.45 0.2037037037037037 0.453125 0.20555555555555555 0.453125 0.2111111111111111 0.44583333333333336 0.21944444444444444 0.440625 0.2175925925925926 0.4395833333333333 0.2064814814814815 0.44166666666666665 0.2037037037037037 0.44947916666666665 0.2037037037037037
0 0.6697916666666667 0.3638888888888889 0.671875 0.3712962962962963 0.6697916666666667 0.3814814814814815 0.6583333333333333 0.387037037037037 0.6510416666666666 0.39444444444444443 0.6453125 0.3925925925925926 0.6447916666666667 0.387037037037037 0.6473958333333333 0.3814814814814815 0.6588541666666666 0.3712962962962963 0.6645833333333333 0.36203703703703705 0.6692708333333334 0.3638888888888889
0 0.4979166666666667 0.18333333333333332 0.49895833333333334 0.19537037037037036 0.49114583333333334 0.19907407407407407 0.4864583333333333 0.19814814814814816 0.48489583333333336 0.19166666666666668 0.4973958333333333 0.18333333333333332
0 0.5963541666666666 0.28888888888888886 0.6015625 0.29259259259259257 0.6067708333333334 0.30277777777777776 0.6125 0.30833333333333335 0.6161458333333333 0.3194444444444444 0.615625 0.3314814814814815 0.6072916666666667 0.33611111111111114 0.6020833333333333 0.3333333333333333 0.5921875 0.3055555555555556 0.5921875 0.29444444444444445 0.5958333333333333 0.28888888888888886
0 0.5359375 0.25555555555555554 0.5755208333333334 0.287962962962963 0.5901041666666667 0.29444444444444445 0.5911458333333334 0.3037037037037037 0.5859375 0.3111111111111111 0.5708333333333333 0.2962962962962963 0.5640625 0.2851851851851852 0.553125 0.2824074074074074 0.5453125 0.2740740740740741 0.5317708333333333 0.2657407407407407 0.5307291666666667 0.25833333333333336 0.5354166666666667 0.25555555555555554
0 0.5276041666666667 0.32407407407407407 0.5536458333333333 0.3314814814814815 0.5838541666666667 0.3453703703703704 0.5854166666666667 0.35555555555555557 0.5822916666666667 0.35833333333333334 0.5385416666666667 0.33796296296296297 0.5322916666666667 0.32592592592592595 0.528125 0.32407407407407407
0 0.6473958333333333 0.24537037037037038 0.653125 0.25092592592592594 0.6520833333333333 0.25925925925925924 0.6380208333333334 0.2518518518518518 0.640625 0.23981481481481481 0.646875 0.24537037037037038
0 0.6401041666666667 0.2564814814814815 0.6427083333333333 0.26851851851851855 0.6369791666666667 0.30092592592592593 0.6338541666666667 0.30833333333333335 0.6307291666666667 0.30925925925925923 0.6265625 0.3037037037037037 0.6296875 0.26481481481481484 0.6338541666666667 0.25555555555555554 0.6395833333333333 0.2564814814814815
0 0.6104166666666667 0.19814814814814816 0.04375 0.03333333333333333
2 0.70625 0.25462962962962965 0.709375 0.2611111111111111 0.7088541666666667 0.26481481481481484 0.703125 0.26944444444444443 0.6916666666666667 0.26481481481481484 0.6895833333333333 0.262037037037037 0.6890625 0.25555555555555554 0.6958333333333333 0.25092592592592594 0.7057291666666666 0.25462962962962965
2 0.6203125 0.32407407407407407 0.6229166666666667 0.32685185185185184 0.6223958333333334 0.33240740740740743 0.6140625 0.33425925925925926 0.6125 0.33425925925925926 0.6125 0.3296296296296296 0.6161458333333333 0.32407407407407407 0.6197916666666666 0.32407407407407407
2 0.5552083333333333 0.21203703703703702 0.5567708333333333 0.21944444444444444 0.5536458333333333 0.2222222222222222 0.5479166666666667 0.22037037037037038 0.5463541666666667 0.21574074074074073 0.5494791666666666 0.2111111111111111 0.5546875 0.21203703703703702
2 0.71875 0.20925925925925926 0.7234375 0.2074074074074074 0.725 0.2101851851851852 0.7239583333333334 0.21388888888888888 0.71875 0.21296296296296297 0.71875 0.2101851851851852
2 0.4828125 0.3138888888888889 0.4828125 0.32037037037037036 0.47708333333333336 0.31851851851851853 0.47760416666666666 0.3138888888888889 0.4822916666666667 0.3138888888888889
2 0.4354166666666667 0.3824074074074074 0.4375 0.3888888888888889 0.43385416666666665 0.39351851851851855 0.42864583333333334 0.3925925925925926 0.4270833333333333 0.387037037037037 0.42916666666666664 0.3824074074074074 0.4348958333333333 0.3824074074074074
2 0.5130208333333334 0.38333333333333336 0.5171875 0.38981481481481484 0.5145833333333333 0.3962962962962963 0.509375 0.39537037037037037 0.5067708333333333 0.38981481481481484 0.5088541666666667 0.38425925925925924 0.5125 0.38333333333333336
2 0.7354166666666667 0.41203703703703703 0.7416666666666667 0.41574074074074074 0.746875 0.425 0.7458333333333333 0.43425925925925923 0.7411458333333333 0.43796296296296294 0.7286458333333333 0.4351851851851852 0.7213541666666666 0.425 0.7213541666666666 0.4185185185185185 0.7234375 0.4148148148148148 0.7348958333333333 0.41203703703703703
2 0.5234375 0.20185185185185187 0.5260416666666666 0.2101851851851852 0.5192708333333333 0.21666666666666667 0.5109375 0.21481481481481482 0.5078125 0.2101851851851852 0.5078125 0.2064814814814815 0.5140625 0.2 0.5229166666666667 0.20185185185185187
2 0.4546875 0.23703703703703705 0.45729166666666665 0.24444444444444444 0.4557291666666667 0.2490740740740741 0.4515625 0.2518518518518518 0.4401041666666667 0.25 0.43802083333333336 0.24351851851851852 0.44375 0.2361111111111111 0.45416666666666666 0.23703703703703705
2 0.42916666666666664 0.40555555555555556 0.4322916666666667 0.4111111111111111 0.42864583333333334 0.41759259259259257 0.4239583333333333 0.4166666666666667 0.421875 0.41203703703703703 0.42291666666666666 0.4074074074074074 0.42864583333333334 0.40555555555555556
2 0.5239583333333333 0.32037037037037036 0.5333333333333333 0.32407407407407407 0.5369791666666667 0.3333333333333333 0.534375 0.3453703703703704 0.5291666666666667 0.35185185185185186 0.5171875 0.34814814814814815 0.5125 0.3351851851851852 0.5125 0.3314814814814815 0.5182291666666666 0.32222222222222224 0.5234375 0.32037037037037036
2 0.6520833333333333 0.21481481481481482 0.6536458333333334 0.2212962962962963 0.6505208333333333 0.225 0.6453125 0.22314814814814815 0.64375 0.21666666666666667 0.6463541666666667 0.21388888888888888 0.6515625 0.21481481481481482
2 0.49583333333333335 0.22407407407407406 0.49947916666666664 0.22777777777777777 0.5 0.2324074074074074 0.4942708333333333 0.2388888888888889 0.4875 0.23796296296296296 0.48385416666666664 0.22962962962962963 0.48854166666666665 0.22407407407407406 0.4953125 0.22407407407407406
2 0.43125 0.287962962962963 0.43697916666666664 0.29259259259259257 0.43854166666666666 0.3 0.4354166666666667 0.3055555555555556 0.42916666666666664 0.30833333333333335 0.42135416666666664 0.30648148148148147 0.4166666666666667 0.29907407407407405 0.421875 0.2898148148148148 0.43072916666666666 0.287962962962963
2 0.6333333333333333 0.42777777777777776 0.640625 0.4398148148148148 0.6390625 0.44907407407407407 0.6338541666666667 0.4527777777777778 0.621875 0.45092592592592595 0.6151041666666667 0.4388888888888889 0.6161458333333333 0.4324074074074074 0.6192708333333333 0.42777777777777776 0.6328125 0.42777777777777776
2 0.5015625 0.44166666666666665 0.5067708333333333 0.4398148148148148 0.509375 0.4444444444444444 0.5083333333333333 0.44814814814814813 0.5036458333333333 0.44814814814814813 0.5015625 0.4462962962962963 0.5015625 0.4425925925925926
2 0.5255208333333333 0.40925925925925927 0.5276041666666667 0.412962962962963 0.5276041666666667 0.4185185185185185 0.5229166666666667 0.42314814814814816 0.5166666666666667 0.4212962962962963 0.5145833333333333 0.41388888888888886 0.51875 0.4083333333333333 0.525 0.40925925925925927
2 0.6828125 0.38055555555555554 0.6854166666666667 0.3888888888888889 0.6822916666666666 0.3925925925925926 0.6744791666666666 0.3907407407407407 0.6713541666666667 0.3851851851851852 0.6744791666666666 0.3787037037037037 0.6822916666666666 0.38055555555555554
2 0.6723958333333333 0.28703703703703703 0.6786458333333333 0.28888888888888886 0.6822916666666666 0.2935185185185185 0.6822916666666666 0.30185185185185187 0.678125 0.30462962962962964 0.6708333333333333 0.3037037037037037 0.665625 0.29814814814814816 0.665625 0.2916666666666667 0.671875 0.28703703703703703
1 0.9463541666666667 0.49444444444444446 0.953125 0.5018518518518519 0.9536458333333333 0.5166666666666667 0.946875 0.5453703703703704 0.9447916666666667 0.5666666666666667 0.9432291666666667 0.6444444444444445 0.9401041666666666 0.6509259259259259 0.9333333333333333 0.6555555555555556 0.9229166666666667 0.6509259259259259 0.9 0.6296296296296297 0.89375 0.6203703703703703 0.8932291666666666 0.6101851851851852 0.90625 0.5712962962962963 0.9135416666666667 0.5314814814814814 0.9166666666666666 0.5259259259259259 0.9234375 0.5222222222222223 0.9380208333333333 0.5231481481481481 0.9432291666666667 0.5083333333333333 0.9411458333333333 0.4981481481481482 0.9458333333333333 0.49444444444444446
1 0.9359375 0.48703703703703705 0.946875 0.49444444444444446 0.9421875 0.4981481481481482 0.9427083333333334 0.5101851851851852 0.9401041666666666 0.5185185185185185 0.9359375 0.5231481481481481 0.9244791666666666 0.5212962962962963 0.9161458333333333 0.5259259259259259 0.9130208333333333 0.5324074074074074 0.9046875 0.575 0.9010416666666666 0.5824074074074074 0.8973958333333333 0.5814814814814815 0.8942708333333333 0.5722222222222222 0.8947916666666667 0.5407407407407407 0.9 0.5222222222222223 0.9052083333333333 0.5111111111111111 0.9151041666666667 0.5055555555555555 0.9234375 0.4888888888888889 0.9296875 0.48518518518518516 0.9354166666666667 0.48703703703703705
1 0.2838541666666667 0.13333333333333333 0.2875 0.13703703703703704 0.2890625 0.14629629629629629 0.2942708333333333 0.1537037037037037 0.296875 0.1638888888888889 0.30052083333333335 0.21388888888888888 0.3067708333333333 0.2611111111111111 0.30364583333333334 0.2638888888888889 0.2828125 0.26296296296296295 0.28125 0.25833333333333336 0.278125 0.2175925925925926 0.27239583333333334 0.18425925925925926 0.2713541666666667 0.16111111111111112 0.275 0.15185185185185185 0.275 0.13703703703703704 0.2833333333333333 0.13333333333333333
1 0.31354166666666666 0.1287037037037037 0.315625 0.14537037037037037 0.32395833333333335 0.1787037037037037 0.32864583333333336 0.24444444444444444 0.328125 0.26296296296296295 0.3098958333333333 0.262037037037037 0.30416666666666664 0.23703703703703705 0.3 0.18796296296296297 0.303125 0.15 0.3015625 0.13333333333333333 0.30364583333333334 0.12777777777777777 0.31302083333333336 0.1287037037037037