0 0.540625 0.08055555555555556 0.54375 0.08518518518518518 0.5442708333333334 0.09074074074074075 0.540625 0.10277777777777777 0.5354166666666667 0.23981481481481481 0.5333333333333333 0.2462962962962963 0.5276041666666667 0.24351851851851852 0.5286458333333334 0.19814814814814816 0.5322916666666667 0.15833333333333333 0.5338541666666666 0.11481481481481481 0.53125 0.08611111111111111 0.5348958333333333 0.07962962962962963 0.5401041666666667 0.08055555555555556
0 0.6333333333333333 0.3675925925925926 0.6520833333333333 0.3851851851851852 0.6526041666666667 0.39814814814814814 0.646875 0.4064814814814815 0.64375 0.4064814814814815 0.6390625 0.4009259259259259 0.6265625 0.3814814814814815 0.6276041666666666 0.3685185185185185 0.6328125 0.3675925925925926
0 0.6661458333333333 0.5305555555555556 0.6682291666666667 0.5435185185185185 0.6671875 0.5546296296296296 0.6614583333333334 0.5537037037037037 0.6598958333333333 0.549074074074074 0.6614583333333334 0.5324074074074074 0.665625 0.5305555555555556
0 0.6515625 0.6509259259259259 0.6588541666666666 0.6509259259259259 0.6578125 0.6685185185185185 0.6557291666666667 0.6712962962962963 0.65 0.6675925925925926 0.6494791666666667 0.6574074074074074 0.6515625 0.6518518518518519
0 0.5734375 0.5305555555555556 0.5786458333333333 0.5361111111111111 0.5786458333333333 0.5444444444444444 0.5713541666666667 0.5574074074074075 0.565625 0.5574074074074075 0.5651041666666666 0.549074074074074 0.5692708333333333 0.5351851851851852 0.5729166666666666 0.5314814814814814
0 0.5536458333333333 0.7157407407407408 0.5578125 0.7231481481481481 0.5567708333333333 0.7333333333333333 0.5427083333333333 0.7555555555555555 0.534375 0.762962962962963 0.5265625 0.75 0.5276041666666667 0.7333333333333333 0.5369791666666667 0.7231481481481481 0.553125 0.7157407407407408
0 0.6427083333333333 0.5092592592592593 0.6442708333333333 0.5175925925925926 0.6421875 0.5333333333333333 0.6427083333333333 0.5462962962962963 0.6411458333333333 0.55 0.6333333333333333 0.5472222222222223 0.6322916666666667 0.5388888888888889 0.6380208333333334 0.5101851851851852 0.6421875 0.5092592592592593
0 0.6463541666666667 0.18888888888888888 0.6515625 0.1935185185185185 0.6796875 0.24074074074074073 0.6927083333333334 0.25555555555555554 0.6927083333333334 0.26851851851851855 0.6869791666666667 0.27685185185185185 0.6828125 0.2740740740740741 0.6682291666666667 0.24351851851851852 0.6614583333333334 0.23796296296296296 0.6416666666666667 0.2074074074074074 0.6411458333333333 0.19537037037037036 0.6458333333333334 0.18888888888888888
0 0.5796875 0.4425925925925926 0.5828125 0.44722222222222224 0.5854166666666667 0.4583333333333333 0.6026041666666667 0.5407407407407407 0.6078125 0.5518518518518518 0.6078125 0.5601851851851852 0.6046875 0.5648148148148148 0.6005208333333333 0.5648148148148148 0.5973958333333333 0.5592592592592592 0.5927083333333333 0.525 0.5755208333333334 0.4527777777777778 0.5755208333333334 0.44537037037037036 0.5791666666666667 0.4425925925925926
0 0.6572916666666667 0.38981481481481484 0.6614583333333334 0.3907407407407407 0.6625 0.3962962962962963 0.6614583333333334 0.4111111111111111 0.6645833333333333 0.45 0.6614583333333334 0.4546296296296296 0.6557291666666667 0.44907407407407407 0.6515625 0.4083333333333333 0.6536458333333334 0.39166666666666666 0.6567708333333333 0.38981481481481484
0 0.6026041666666667 0.19166666666666668 0.6052083333333333 0.19722222222222222 0.6083333333333333 0.22777777777777777 0.6125 0.23703703703703705 0.6088541666666667 0.24351851851851852 0.6020833333333333 0.2462962962962963 0.596875 0.24351851851851852 0.5984375 0.2324074074074074 0.596875 0.1935185185185185 0.6020833333333333 0.19166666666666668
2 0.6130208333333333 0.712037037037037 0.615625 0.7185185185185186 0.6135416666666667 0.7277777777777777 0.6109375 0.7268518518518519 0.6098958333333333 0.7203703703703703 0.6125 0.712037037037037
2 0.5932291666666667 0.6111111111111112 0.5927083333333333 0.6 0.5963541666666666 0.6018518518518519 0.5958333333333333 0.6111111111111112 0.59375 0.6111111111111112
2 0.6252604166666667 0.287962962962963 0.008854166666666666 0.03148148148148148
2 0.6057291666666667 0.31851851851851853 0.6072916666666667 0.32314814814814813 0.6057291666666667 0.33425925925925926 0.6020833333333333 0.3287037037037037 0.6026041666666667 0.3194444444444444 0.6052083333333333 0.31851851851851853
2 0.5994791666666667 0.600925925925926 0.6015625 0.6055555555555555 0.6015625 0.6166666666666667 0.5994791666666667 0.6212962962962963 0.596875 0.6194444444444445 0.5942708333333333 0.6074074074074074 0.5963541666666666 0.600925925925926 0.5989583333333334 0.600925925925926
2 0.6661458333333333 0.5842592592592593 0.6697916666666667 0.5925925925925926 0.6697916666666667 0.6083333333333333 0.6671875 0.6166666666666667 0.6630208333333333 0.6138888888888889 0.6619791666666667 0.6064814814814815 0.6625 0.5888888888888889 0.665625 0.5842592592592593
2 0.565625 0.29907407407407405 0.5692708333333333 0.3055555555555556 0.5692708333333333 0.3194444444444444 0.5651041666666666 0.32222222222222224 0.5630208333333333 0.3175925925925926 0.5625 0.30462962962962964 0.5651041666666666 0.3
2 0.6359375 0.24074074074074073 0.6390625 0.24351851851851852 0.6411458333333333 0.2537037037037037 0.6401041666666667 0.27314814814814814 0.6364583333333333 0.27685185185185185 0.6328125 0.26851851851851855 0.6317708333333333 0.25 0.6354166666666666 0.24166666666666667
2 0.5541666666666667 0.44814814814814813 0.5572916666666666 0.4537037037037037 0.5572916666666666 0.4601851851851852 0.5546875 0.46574074074074073 0.5510416666666667 0.46111111111111114 0.5510416666666667 0.45185185185185184 0.5536458333333333 0.44814814814814813
2 0.5901041666666667 0.5907407407407408 0.5916666666666667 0.600925925925926 0.5890625 0.6046296296296296 0.5875 0.5953703703703703 0.5895833333333333 0.5907407407407408
2 0.5255208333333333 0.4685185185185185 0.5291666666666667 0.4722222222222222 0.5322916666666667 0.4842592592592593 0.53125 0.5046296296296297 0.5255208333333333 0.5138888888888888 0.5197916666666667 0.5083333333333333 0.5171875 0.49166666666666664 0.51875 0.475 0.5213541666666667 0.46944444444444444 0.525 0.4685185185185185
2 0.5697916666666667 0.6805555555555556 0.5734375 0.6842592592592592 0.5755208333333334 0.6916666666666667 0.5755208333333334 0.7074074074074074 0.571875 0.7212962962962963 0.5666666666666667 0.7212962962962963 0.5635416666666667 0.7138888888888889 0.5645833333333333 0.6888888888888889 0.5692708333333333 0.6814814814814815
2 0.6130208333333333 0.4981481481481482 0.615625 0.5027777777777778 0.615625 0.5138888888888888 0.6135416666666667 0.5185185185185185 0.6109375 0.5175925925925926 0.609375 0.5083333333333333 0.6104166666666667 0.5 0.6125 0.4981481481481482
2 0.665625 0.3861111111111111 0.6682291666666667 0.38981481481481484 0.6677083333333333 0.3962962962962963 0.665625 0.3962962962962963 0.665625 0.387037037037037
2 0.5877604166666667 0.31666666666666665 0.011979166666666667 0.040740740740740744
2 0.6322916666666667 0.5666666666666667 0.6359375 0.5712962962962963 0.6354166666666666 0.5833333333333334 0.6317708333333333 0.5861111111111111 0.6302083333333334 0.5814814814814815 0.6317708333333333 0.5675925925925925
2 0.6125 0.5777777777777777 0.6145833333333334 0.5814814814814815 0.6140625 0.5888888888888889 0.6109375 0.5879629629629629 0.6119791666666666 0.5787037037037037
2 0.640625 0.6083333333333333 0.6421875 0.6166666666666667 0.6395833333333333 0.6231481481481481 0.6369791666666667 0.6185185185185185 0.6369791666666667 0.612037037037037 0.6401041666666667 0.6083333333333333
2 0.5833333333333334 0.35648148148148145 0.5875 0.37407407407407406 0.5864583333333333 0.38796296296296295 0.5833333333333334 0.39537037037037037 0.578125 0.39166666666666666 0.5755208333333334 0.3787037037037037 0.5765625 0.3611111111111111 0.5796875 0.35555555555555557 0.5828125 0.35648148148148145
2 0.6114583333333333 0.4222222222222222 0.6098958333333333 0.4009259259259259 0.6125 0.39166666666666666 0.6161458333333333 0.39166666666666666 0.61875 0.3962962962962963 0.6203125 0.41203703703703703 0.6171875 0.42407407407407405 0.6119791666666666 0.4222222222222222
2 0.5359375 0.5898148148148148 0.5401041666666667 0.5981481481481481 0.5411458333333333 0.6157407407407407 0.5395833333333333 0.6259259259259259 0.534375 0.6342592592592593 0.528125 0.6287037037037037 0.5260416666666666 0.6194444444444445 0.5260416666666666 0.6074074074074074 0.528125 0.5953703703703703 0.5322916666666667 0.5888888888888889 0.5354166666666667 0.5898148148148148
1 0.6395833333333333 0.9148148148148149 0.6864583333333333 0.9287037037037037 0.6932291666666667 0.9416666666666667 0.6994791666666667 0.9462962962962963 0.7005208333333334 0.9574074074074074 0.6984375 0.9666666666666667 0.6901041666666666 0.9675925925925926 0.6859375 0.9731481481481481 0.6296875 0.9527777777777777 0.628125 0.9481481481481482 0.6296875 0.9185185185185185 0.6333333333333333 0.9148148148148149 0.6390625 0.9148148148148149
1 0.6302083333333334 0.8648148148148148 0.6729166666666667 0.8768518518518519 0.6848958333333334 0.8851851851851852 0.6927083333333334 0.8944444444444445 0.7020833333333333 0.8953703703703704 0.7041666666666667 0.9009259259259259 0.703125 0.9166666666666666 0.6609375 0.9194444444444444 0.6416666666666667 0.912962962962963 0.6302083333333334 0.9055555555555556 0.6286458333333333 0.9009259259259259 0.6296875 0.8657407407407407