0 0.58125 0.28888888888888886 0.5828125 0.29259259259259257 0.5822916666666667 0.3175925925925926 0.5838541666666667 0.32314814814814813 0.5838541666666667 0.33055555555555555 0.5817708333333333 0.33240740740740743 0.578125 0.33240740740740743 0.575 0.3277777777777778 0.5770833333333333 0.2916666666666667 0.5807291666666666 0.28888888888888886
0 0.515625 0.36944444444444446 0.5229166666666667 0.375 0.578125 0.3972222222222222 0.5807291666666666 0.4009259259259259 0.5755208333333334 0.40555555555555556 0.565625 0.40555555555555556 0.5270833333333333 0.387037037037037 0.5104166666666666 0.38333333333333336 0.5088541666666667 0.37962962962962965 0.5098958333333333 0.37037037037037035 0.5151041666666667 0.36944444444444446
0 0.4890625 0.3416666666666667 0.4947916666666667 0.3398148148148148 0.5151041666666667 0.34444444444444444 0.5328125 0.35185185185185186 0.5807291666666666 0.362962962962963 0.5880208333333333 0.35833333333333334 0.5932291666666667 0.36018518518518516 0.5927083333333333 0.3851851851851852 0.5911458333333334 0.38981481481481484 0.5875 0.3907407407407407 0.5817708333333333 0.38055555555555554 0.5776041666666667 0.37777777777777777 0.5484375 0.37037037037037035 0.5161458333333333 0.3675925925925926 0.490625 0.36018518518518516 0.4875 0.35555555555555557 0.4875 0.3453703703703704 0.4890625 0.3425925925925926
0 0.4864583333333333 0.30277777777777776 0.4859375 0.3101851851851852 0.4828125 0.31203703703703706 0.4739583333333333 0.3111111111111111 0.47291666666666665 0.30092592592592593 0.4859375 0.30277777777777776
0 0.6072916666666667 0.45740740740740743 0.6104166666666667 0.46296296296296297 0.6130208333333333 0.48148148148148145 0.6177083333333333 0.49444444444444446 0.6171875 0.5 0.6135416666666667 0.5046296296296297 0.6083333333333333 0.5009259259259259 0.596875 0.47129629629629627 0.5973958333333333 0.4648148148148148 0.6005208333333333 0.45925925925925926 0.6067708333333334 0.45740740740740743
0 0.5604166666666667 0.45740740740740743 0.5630208333333333 0.48055555555555557 0.5604166666666667 0.4888888888888889 0.5546875 0.487962962962963 0.553125 0.4842592592592593 0.5567708333333333 0.4583333333333333 0.5598958333333334 0.45740740740740743
0 0.42916666666666664 0.29907407407407405 0.43333333333333335 0.30462962962962964 0.4328125 0.31296296296296294 0.41458333333333336 0.3314814814814815 0.4078125 0.3277777777777778 0.40572916666666664 0.32037037037037036 0.40625 0.3101851851851852 0.42864583333333334 0.29907407407407405
0 0.37083333333333335 0.3574074074074074 0.38177083333333334 0.3675925925925926 0.425 0.3888888888888889 0.4276041666666667 0.39351851851851855 0.42604166666666665 0.4009259259259259 0.40208333333333335 0.3907407407407407 0.38125 0.3768518518518518 0.36614583333333334 0.3731481481481482 0.3640625 0.3685185185185185 0.3640625 0.36203703703703705 0.3671875 0.35648148148148145 0.3703125 0.3574074074074074
0 0.46927083333333336 0.28888888888888886 0.4713541666666667 0.2953703703703704 0.4713541666666667 0.30092592592592593 0.46927083333333336 0.30462962962962964 0.4473958333333333 0.3148148148148148 0.44375 0.3138888888888889 0.440625 0.30648148148148147 0.4401041666666667 0.29814814814814816 0.4421875 0.2898148148148148 0.45260416666666664 0.2916666666666667 0.46875 0.28888888888888886
0 0.6401041666666667 0.4583333333333333 0.64375 0.4666666666666667 0.64375 0.47314814814814815 0.6411458333333333 0.47685185185185186 0.6317708333333333 0.47962962962962963 0.6265625 0.4777777777777778 0.6265625 0.46944444444444444 0.6395833333333333 0.45925925925925926
0 0.5822916666666667 0.4 0.5854166666666667 0.4083333333333333 0.5848958333333333 0.4222222222222222 0.5510416666666667 0.43148148148148147 0.5447916666666667 0.42962962962962964 0.5453125 0.4166666666666667 0.5734375 0.4064814814814815 0.578125 0.4 0.5817708333333333 0.4
2 0.6505208333333333 0.3972222222222222 0.6552083333333333 0.4 0.6583333333333333 0.4064814814814815 0.6578125 0.4111111111111111 0.6536458333333334 0.4148148148148148 0.6427083333333333 0.41388888888888886 0.6369791666666667 0.4074074074074074 0.6380208333333334 0.4009259259259259 0.640625 0.39814814814814814 0.65 0.3972222222222222
2 0.6276041666666666 0.38425925925925924 0.6296875 0.3861111111111111 0.6286458333333333 0.3907407407407407 0.6229166666666667 0.3888888888888889 0.6234375 0.3851851851851852 0.6270833333333333 0.38425925925925924
2 0.5067708333333333 0.45185185185185184 0.5114583333333333 0.45740740740740743 0.5119791666666667 0.46574074074074073 0.5052083333333334 0.4722222222222222 0.4947916666666667 0.46944444444444444 0.4921875 0.45925925925925926 0.4979166666666667 0.45092592592592595 0.50625 0.45185185185185184
2 0.4953125 0.3925925925925926 0.5005208333333333 0.3962962962962963 0.5005208333333333 0.4009259259259259 0.4984375 0.40370370370370373 0.49322916666666666 0.40370370370370373 0.4895833333333333 0.4 0.49166666666666664 0.39351851851851855 0.4947916666666667 0.3925925925925926
2 0.41354166666666664 0.46296296296296297 0.41302083333333334 0.46944444444444444 0.4083333333333333 0.46944444444444444 0.40729166666666666 0.4666666666666667 0.4083333333333333 0.46296296296296297 0.41302083333333334 0.46296296296296297
2 0.6635416666666667 0.42685185185185187 0.6677083333333333 0.4351851851851852 0.6697916666666667 0.44537037037037036 0.6692708333333334 0.4537037037037037 0.6645833333333333 0.4638888888888889 0.6604166666666667 0.46296296296296297 0.6557291666666667 0.45555555555555555 0.6515625 0.4398148148148148 0.6546875 0.42685185185185187 0.6578125 0.42407407407407405 0.6630208333333333 0.42685185185185187
2 0.4390625 0.34814814814814815 0.4401041666666667 0.35185185185185186 0.43802083333333336 0.35555555555555557 0.4328125 0.35462962962962963 0.4322916666666667 0.35 0.434375 0.3472222222222222 0.43854166666666666 0.34814814814814815
2 0.4640625 0.47685185185185186 0.4666666666666667 0.4842592592592593 0.46197916666666666 0.4898148148148148 0.45625 0.4888888888888889 0.4546875 0.48333333333333334 0.4578125 0.475 0.4635416666666667 0.47685185185185186
2 0.4505208333333333 0.46574074074074073 0.459375 0.4740740740740741 0.453125 0.487962962962963 0.4427083333333333 0.48703703703703705 0.4375 0.47962962962962963 0.43854166666666666 0.4722222222222222 0.45 0.46574074074074073
2 0.4765625 0.4027777777777778 0.48125 0.4046296296296296 0.48489583333333336 0.4101851851851852 0.484375 0.41759259259259257 0.478125 0.42314814814814816 0.46822916666666664 0.4212962962962963 0.4640625 0.41203703703703703 0.4671875 0.40555555555555556 0.47604166666666664 0.4027777777777778
2 0.6203125 0.4166666666666667 0.6265625 0.42314814814814816 0.6265625 0.4287037037037037 0.6229166666666667 0.4324074074074074 0.6135416666666667 0.43148148148148147 0.6088541666666667 0.42592592592592593 0.6088541666666667 0.4212962962962963 0.6114583333333333 0.41759259259259257 0.6197916666666666 0.4166666666666667
2 0.45 0.4 0.45208333333333334 0.39537037037037037 0.45625 0.3962962962962963 0.45625 0.4 0.4505208333333333 0.4
2 0.4473958333333333 0.43796296296296294 0.44947916666666665 0.4398148148148148 0.4484375 0.4444444444444444 0.4427083333333333 0.4425925925925926 0.4432291666666667 0.4388888888888889 0.446875 0.43796296296296294
2 0.44375 0.4601851851851852 0.4473958333333333 0.4666666666666667 0.4395833333333333 0.4740740740740741 0.4359375 0.4722222222222222 0.434375 0.4648148148148148 0.4375 0.4601851851851852 0.4432291666666667 0.4601851851851852
2 0.6015625 0.4083333333333333 0.6041666666666666 0.4111111111111111 0.6020833333333333 0.41759259259259257 0.5958333333333333 0.4148148148148148 0.5958333333333333 0.4101851851851852 0.6010416666666667 0.4083333333333333
2 0.5817708333333333 0.512962962962963 0.5885416666666666 0.5175925925925926 0.5916666666666667 0.525 0.5911458333333334 0.5314814814814814 0.5880208333333333 0.5370370370370371 0.5838541666666667 0.5388888888888889 0.5744791666666667 0.5370370370370371 0.5671875 0.5277777777777778 0.5671875 0.5212962962962963 0.5713541666666667 0.5148148148148148 0.58125 0.512962962962963
2 0.5848958333333333 0.5388888888888889 0.5916666666666667 0.5435185185185185 0.5916666666666667 0.5527777777777778 0.584375 0.5546296296296296 0.5807291666666666 0.5518518518518518 0.5791666666666667 0.5435185185185185 0.584375 0.5398148148148149
2 0.5104166666666666 0.4203703703703704 0.5135416666666667 0.425 0.5135416666666667 0.43148148148148147 0.5067708333333333 0.43796296296296294 0.4953125 0.4361111111111111 0.4921875 0.43148148148148147 0.4921875 0.425 0.5005208333333333 0.41759259259259257 0.5098958333333333 0.4203703703703704
2 0.5229166666666667 0.325 0.5307291666666667 0.3314814814814815 0.5307291666666667 0.33611111111111114 0.5255208333333333 0.34074074074074073 0.5166666666666667 0.3398148148148148 0.5119791666666667 0.33425925925925926 0.5135416666666667 0.3277777777777778 0.5223958333333333 0.325
2 0.5609375 0.30185185185185187 0.5614583333333333 0.30648148148148147 0.55625 0.3055555555555556 0.5567708333333333 0.30185185185185187 0.5604166666666667 0.30185185185185187
2 0.44947916666666665 0.5268518518518519 0.45364583333333336 0.5314814814814814 0.45364583333333336 0.5361111111111111 0.4473958333333333 0.5416666666666666 0.4427083333333333 0.5407407407407407 0.440625 0.5342592592592592 0.4421875 0.5296296296296297 0.44895833333333335 0.5268518518518519
2 0.45260416666666664 0.5277777777777778 0.4546875 0.5351851851851852 0.44947916666666665 0.5425925925925926 0.44583333333333336 0.5416666666666666 0.4510416666666667 0.5361111111111111 0.45 0.5287037037037037 0.45208333333333334 0.5277777777777778
1 0.9729166666666667 0.4425925925925926 0.9875 0.4527777777777778 0.9880208333333333 0.46111111111111114 0.9864583333333333 0.4666666666666667 0.9760416666666667 0.4685185185185185 0.971875 0.4759259259259259 0.9713541666666666 0.487962962962963 0.9645833333333333 0.5222222222222223 0.95625 0.5462962962962963 0.9494791666666667 0.5435185185185185 0.9416666666666667 0.5351851851851852 0.9401041666666666 0.5287037037037037 0.9411458333333333 0.5166666666666667 0.9526041666666667 0.4675925925925926 0.9557291666666666 0.44537037037037036 0.9614583333333333 0.44074074074074077 0.9723958333333333 0.4425925925925926
1 0.9869791666666666 0.39351851851851855 0.99375 0.4009259259259259 0.99375 0.40925925925925927 0.98125 0.44537037037037036 0.9645833333333333 0.4388888888888889 0.9666666666666667 0.4064814814814815 0.971875 0.3925925925925926 0.9864583333333333 0.39351851851851855
1 0.8901041666666667 0.5648148148148148 0.8979166666666667 0.5703703703703704 0.9010416666666666 0.5768518518518518 0.9036458333333334 0.587037037037037 0.9015625 0.6055555555555555 0.9083333333333333 0.6138888888888889 0.9151041666666667 0.6296296296296297 0.9151041666666667 0.6361111111111111 0.9067708333333333 0.6620370370370371 0.9020833333333333 0.687037037037037 0.9010416666666666 0.7064814814814815 0.8979166666666667 0.7185185185185186 0.8942708333333333 0.7240740740740741 0.8796875 0.7212962962962963 0.859375 0.7064814814814815 0.8489583333333334 0.6962962962962963 0.8442708333333333 0.687037037037037 0.846875 0.6685185185185185 0.8567708333333334 0.637962962962963 0.8614583333333333 0.5981481481481481 0.86875 0.5925925925925926 0.8807291666666667 0.5925925925925926 0.8859375 0.5777777777777777 0.8864583333333333 0.5675925925925925 0.8895833333333333 0.5657407407407408
1 0.8885416666666667 0.524074074074074 0.9052083333333333 0.5287037037037037 0.9072916666666667 0.5324074074074074 0.9072916666666667 0.5425925925925926 0.89375 0.5453703703703704 0.8916666666666667 0.5601851851851852 0.8848958333333333 0.5685185185185185 0.8848958333333333 0.5768518518518518 0.8802083333333334 0.5907407407407408 0.8692708333333333 0.5907407407407408 0.8604166666666667 0.6 0.8536458333333333 0.6453703703703704 0.8494791666666667 0.6509259259259259 0.8447916666666667 0.6425925925925926 0.84375 0.6148148148148148 0.8453125 0.6018518518518519 0.8526041666666667 0.5851851851851851 0.8609375 0.5768518518518518 0.8692708333333333 0.5601851851851852 0.8744791666666667 0.5546296296296296 0.8755208333333333 0.5296296296296297 0.8786458333333333 0.525 0.8880208333333334 0.524074074074074
1 0.9291666666666667 0.5657407407407408 0.9333333333333333 0.5740740740740741 0.9328125 0.5907407407407408 0.9348958333333334 0.6 0.9338541666666667 0.612037037037037 0.9401041666666666 0.6268518518518519 0.9416666666666667 0.6435185185185185 0.9328125 0.6944444444444444 0.9302083333333333 0.7027777777777777 0.9239583333333333 0.7101851851851851 0.9078125 0.7101851851851851 0.9036458333333334 0.7083333333333334 0.9020833333333333 0.700925925925926 0.9072916666666667 0.662962962962963 0.915625 0.6370370370370371 0.9145833333333333 0.6259259259259259 0.9067708333333333 0.6092592592592593 0.915625 0.5990740740740741 0.9171875 0.5916666666666667 0.9239583333333333 0.5814814814814815 0.9265625 0.5675925925925925 0.9286458333333333 0.5657407407407408
1 0.2526041666666667 0.2462962962962963 0.2552083333333333 0.2574074074074074 0.2630208333333333 0.26851851851851855 0.2640625 0.2740740740740741 0.26666666666666666 0.31666666666666665 0.27395833333333336 0.36574074074074076 0.27239583333333334 0.36944444444444446 0.2520833333333333 0.37037037037037035 0.24791666666666667 0.3675925925925926 0.24635416666666668 0.34074074074074073 0.23854166666666668 0.27870370370370373 0.23854166666666668 0.2712962962962963 0.2421875 0.2638888888888889 0.24270833333333333 0.24814814814814815 0.2520833333333333 0.2462962962962963
1 0.28020833333333334 0.23981481481481481 0.28229166666666666 0.24444444444444444 0.28229166666666666 0.25462962962962965 0.28958333333333336 0.2777777777777778 0.2947916666666667 0.3416666666666667 0.2994791666666667 0.36574074074074076 0.2984375 0.36944444444444446 0.2765625 0.36944444444444446 0.2713541666666667 0.3453703703703704 0.2677083333333333 0.3148148148148148 0.2677083333333333 0.28055555555555556 0.2703125 0.25925925925925924 0.26875 0.24444444444444444 0.27239583333333334 0.2388888888888889 0.2796875 0.23981481481481481
1 0.9703125 0.5787037037037037 0.9635416666666666 0.5740740740740741 0.959375 0.5666666666666667 0.9578125 0.5537037037037037 0.9713541666666666 0.49074074074074076 0.9729166666666667 0.4740740740740741 0.9765625 0.46944444444444444 0.984375 0.46944444444444444 0.9848958333333333 0.47685185185185186 0.98125 0.5194444444444445 0.9708333333333333 0.5777777777777777