0 0.48072916666666665 0.33240740740740743 0.4953125 0.3416666666666667 0.4942708333333333 0.34814814814814815 0.48333333333333334 0.3472222222222222 0.4791666666666667 0.3416666666666667 0.48072916666666665 0.3333333333333333
0 0.4671875 0.33055555555555555 0.4817708333333333 0.3453703703703704 0.4828125 0.35555555555555557 0.4786458333333333 0.3611111111111111 0.4739583333333333 0.36018518518518516 0.46510416666666665 0.3425925925925926 0.4635416666666667 0.33425925925925926 0.4666666666666667 0.33055555555555555
0 0.7479166666666667 0.4 0.7567708333333333 0.4074074074074074 0.7572916666666667 0.4185185185185185 0.7520833333333333 0.4287037037037037 0.7453125 0.475 0.7411458333333333 0.4787037037037037 0.7375 0.4777777777777778 0.7333333333333333 0.47314814814814815 0.7322916666666667 0.46574074074074073 0.7375 0.4324074074074074 0.7375 0.4083333333333333 0.7411458333333333 0.40185185185185185 0.7473958333333334 0.4009259259259259
0 0.4348958333333333 0.2722222222222222 0.4375 0.2759259259259259 0.43854166666666666 0.28425925925925927 0.4359375 0.29074074074074074 0.43645833333333334 0.31851851851851853 0.434375 0.32314814814814813 0.42864583333333334 0.3212962962962963 0.4276041666666667 0.29259259259259257 0.4244791666666667 0.2833333333333333 0.42552083333333335 0.2740740740740741 0.434375 0.2722222222222222
0 0.5 0.38055555555555554 0.5020833333333333 0.39351851851851855 0.5 0.42962962962962964 0.5015625 0.4703703703703704 0.4984375 0.4740740740740741 0.49114583333333334 0.47314814814814815 0.4890625 0.46296296296296297 0.4921875 0.45185185185185184 0.4947916666666667 0.3851851851851852 0.49635416666666665 0.38055555555555554 0.49947916666666664 0.38055555555555554
0 0.39375 0.18518518518518517 0.3958333333333333 0.18796296296296297 0.3958333333333333 0.2037037037037037 0.3848958333333333 0.24444444444444444 0.3854166666666667 0.25462962962962965 0.3828125 0.2740740740740741 0.3776041666666667 0.27870370370370373 0.3697916666666667 0.27685185185185185 0.365625 0.26666666666666666 0.36614583333333334 0.2564814814814815 0.37395833333333334 0.24351851851851852 0.3880208333333333 0.18981481481481483 0.3932291666666667 0.18611111111111112
0 0.371875 0.3138888888888889 0.3729166666666667 0.3101851851851852 0.3770833333333333 0.3111111111111111 0.38125 0.33425925925925926 0.37864583333333335 0.3398148148148148 0.3729166666666667 0.3398148148148148 0.37135416666666665 0.3351851851851852 0.3723958333333333 0.3148148148148148
0 0.6104166666666667 0.18611111111111112 0.6130208333333333 0.18518518518518517 0.6223958333333334 0.19444444444444445 0.6640625 0.21296296296296297 0.6697916666666667 0.21666666666666667 0.6708333333333333 0.22037037037037038 0.6697916666666667 0.22592592592592592 0.665625 0.22685185185185186 0.6432291666666666 0.21666666666666667 0.6291666666666667 0.2064814814814815 0.609375 0.20092592592592592 0.6083333333333333 0.19537037037037036 0.6104166666666667 0.18703703703703703
0 0.5411458333333333 0.2175925925925926 0.5432291666666667 0.21944444444444444 0.5421875 0.2722222222222222 0.5453125 0.2851851851851852 0.540625 0.29074074074074074 0.5354166666666667 0.29074074074074074 0.5317708333333333 0.2861111111111111 0.5317708333333333 0.27870370370370373 0.534375 0.27037037037037037 0.5348958333333333 0.2222222222222222 0.5369791666666667 0.2175925925925926 0.540625 0.2175925925925926
0 0.6140625 0.2111111111111111 0.625 0.21851851851851853 0.621875 0.22592592592592592 0.6114583333333333 0.225 0.6104166666666667 0.21574074074074073 0.6135416666666667 0.2111111111111111
0 0.5822916666666667 0.2898148148148148 0.5864583333333333 0.3 0.5854166666666667 0.3111111111111111 0.5895833333333333 0.33240740740740743 0.5890625 0.337037037037037 0.5848958333333333 0.34074074074074073 0.58125 0.34074074074074073 0.578125 0.3351851851851852 0.5739583333333333 0.31574074074074077 0.5692708333333333 0.3037037037037037 0.5729166666666666 0.2898148148148148 0.5817708333333333 0.2898148148148148
2 0.5869791666666667 0.24814814814814815 0.5921875 0.25462962962962965 0.5921875 0.25833333333333336 0.5864583333333333 0.2638888888888889 0.5776041666666667 0.26296296296296295 0.5723958333333333 0.2564814814814815 0.5729166666666666 0.2518518518518518 0.5765625 0.24814814814814815 0.5864583333333333 0.24814814814814815
2 0.4432291666666667 0.4324074074074074 0.44479166666666664 0.4351851851851852 0.4432291666666667 0.4398148148148148 0.43854166666666666 0.4398148148148148 0.43697916666666664 0.4361111111111111 0.4390625 0.4324074074074074 0.4427083333333333 0.4324074074074074
2 0.5208333333333334 0.3175925925925926 0.5255208333333333 0.3194444444444444 0.528125 0.32407407407407407 0.5276041666666667 0.3287037037037037 0.5239583333333333 0.33240740740740743 0.5151041666666667 0.33240740740740743 0.5109375 0.3277777777777778 0.5125 0.32037037037037036 0.5203125 0.3175925925925926
2 0.4984375 0.2851851851851852 0.5026041666666666 0.28888888888888886 0.5036458333333333 0.2972222222222222 0.4953125 0.3037037037037037 0.48489583333333336 0.3 0.48333333333333334 0.2916666666666667 0.4875 0.2861111111111111 0.4979166666666667 0.2851851851851852
2 0.5005208333333333 0.2796296296296296 0.5052083333333334 0.2740740740740741 0.5109375 0.2759259259259259 0.5125 0.28055555555555556 0.5083333333333333 0.2861111111111111 0.5020833333333333 0.28425925925925927 0.5010416666666667 0.28055555555555556
2 0.45677083333333335 0.2851851851851852 0.4609375 0.28888888888888886 0.4609375 0.2935185185185185 0.45625 0.2972222222222222 0.44947916666666665 0.29259259259259257 0.4510416666666667 0.2861111111111111 0.45625 0.2851851851851852
2 0.6572916666666667 0.4166666666666667 0.659375 0.4212962962962963 0.6578125 0.42407407407407405 0.6515625 0.4212962962962963 0.6520833333333333 0.41759259259259257 0.6567708333333333 0.4166666666666667
2 0.553125 0.3074074074074074 0.5572916666666666 0.3101851851851852 0.5604166666666667 0.3175925925925926 0.5578125 0.32314814814814813 0.5541666666666667 0.325 0.5442708333333334 0.32407407407407407 0.5390625 0.3175925925925926 0.5395833333333333 0.31296296296296294 0.5427083333333333 0.30925925925925923 0.5526041666666667 0.3074074074074074
2 0.3958333333333333 0.2962962962962963 0.3984375 0.30185185185185187 0.39791666666666664 0.30648148148148147 0.390625 0.31203703703703706 0.37916666666666665 0.30925925925925923 0.3776041666666667 0.30648148148148147 0.378125 0.3 0.384375 0.29444444444444445 0.3953125 0.2962962962962963
2 0.5213541666666667 0.35833333333333334 0.5265625 0.362962962962963 0.5276041666666667 0.36944444444444446 0.5244791666666667 0.37592592592592594 0.5192708333333333 0.3787037037037037 0.5083333333333333 0.375 0.5052083333333334 0.36574074074074076 0.5114583333333333 0.3574074074074074 0.5208333333333334 0.35833333333333334
2 0.36770833333333336 0.41759259259259257 0.37083333333333335 0.42407407407407405 0.37083333333333335 0.4305555555555556 0.3651041666666667 0.43796296296296294 0.35989583333333336 0.4398148148148148 0.3546875 0.4388888888888889 0.35052083333333334 0.43425925925925923 0.35052083333333334 0.4212962962962963 0.35885416666666664 0.4148148148148148 0.3671875 0.41759259259259257
2 0.47239583333333335 0.31296296296296294 0.4734375 0.31666666666666665 0.4713541666666667 0.31851851851851853 0.4666666666666667 0.3175925925925926 0.4666666666666667 0.3138888888888889 0.471875 0.31296296296296294
2 0.45625 0.3398148148148148 0.4588541666666667 0.3435185185185185 0.45677083333333335 0.3490740740740741 0.45 0.34629629629629627 0.4505208333333333 0.3416666666666667 0.4557291666666667 0.3398148148148148
2 0.4078125 0.3888888888888889 0.4109375 0.3907407407407407 0.4114583333333333 0.39444444444444443 0.409375 0.3972222222222222 0.4046875 0.3962962962962963 0.4041666666666667 0.39166666666666666 0.40729166666666666 0.38981481481481484
2 0.41354166666666664 0.32592592592592595 0.41458333333333336 0.3314814814814815 0.4109375 0.3351851851851852 0.4046875 0.3351851851851852 0.40208333333333335 0.3296296296296296 0.40625 0.32407407407407407 0.41302083333333334 0.32592592592592595
2 0.615625 0.35833333333333334 0.6203125 0.3574074074074074 0.6223958333333334 0.36018518518518516 0.621875 0.3638888888888889 0.61875 0.3648148148148148 0.6161458333333333 0.3638888888888889 0.615625 0.3592592592592593
2 0.54375 0.35462962962962963 0.5494791666666666 0.3592592592592593 0.5515625 0.36574074074074076 0.55 0.37222222222222223 0.5458333333333333 0.375 0.5328125 0.3731481481481482 0.5286458333333334 0.36574074074074076 0.5328125 0.35648148148148145 0.5432291666666667 0.35462962962962963
2 0.565625 0.38055555555555554 0.5729166666666666 0.3851851851851852 0.5755208333333334 0.3925925925925926 0.5739583333333333 0.39814814814814814 0.5677083333333334 0.4027777777777778 0.5578125 0.4009259259259259 0.5526041666666667 0.39351851851851855 0.5526041666666667 0.38796296296296295 0.5552083333333333 0.38333333333333336 0.5651041666666666 0.38055555555555554
2 0.5515625 0.34814814814814815 0.5557291666666667 0.35185185185185186 0.5557291666666667 0.35648148148148145 0.55 0.36018518518518516 0.5432291666666667 0.35185185185185186 0.5463541666666667 0.34814814814814815 0.5510416666666667 0.34814814814814815
2 0.45807291666666666 0.3162037037037037 0.009895833333333333 0.012037037037037037
2 0.5859375 0.2972222222222222 0.5895833333333333 0.3 0.5895833333333333 0.30462962962962964 0.5864583333333333 0.3055555555555556 0.5864583333333333 0.29814814814814816
1 0.9723958333333333 0.3537037037037037 0.9854166666666667 0.3611111111111111 0.9880208333333333 0.36666666666666664 0.9880208333333333 0.3731481481481482 0.9864583333333333 0.37777777777777777 0.9770833333333333 0.37962962962962965 0.971875 0.3851851851851852 0.9651041666666667 0.4212962962962963 0.9536458333333333 0.4601851851851852 0.9458333333333333 0.45555555555555555 0.9385416666666667 0.4462962962962963 0.9385416666666667 0.43148148148148147 0.9557291666666666 0.35648148148148145 0.9630208333333333 0.35185185185185186 0.971875 0.3537037037037037
1 0.9880208333333333 0.30462962962962964 0.9927083333333333 0.3111111111111111 0.9932291666666667 0.31666666666666665 0.9854166666666667 0.3351851851851852 0.9822916666666667 0.3509259259259259 0.9786458333333333 0.35462962962962963 0.9619791666666667 0.3490740740740741 0.9666666666666667 0.3111111111111111 0.9697916666666667 0.30277777777777776 0.9744791666666667 0.30092592592592593 0.9875 0.30462962962962964
1 0.8953125 0.48333333333333334 0.9026041666666667 0.49537037037037035 0.9010416666666666 0.5194444444444445 0.9130208333333333 0.5398148148148149 0.9140625 0.55 0.9041666666666667 0.5814814814814815 0.8973958333333333 0.6287037037037037 0.8916666666666667 0.6388888888888888 0.8838541666666667 0.6388888888888888 0.8635416666666667 0.6268518518518519 0.8453125 0.6092592592592593 0.8427083333333333 0.6037037037037037 0.8427083333333333 0.5953703703703703 0.8541666666666666 0.5564814814814815 0.8609375 0.5138888888888888 0.8697916666666666 0.5074074074074074 0.8802083333333334 0.5083333333333333 0.8885416666666667 0.48333333333333334 0.8947916666666667 0.48333333333333334
1 0.9979166666666667 0.3814814814814815 0.9994791666666667 0.3824074074074074 0.9994791666666667 0.4425925925925926 0.9973958333333334 0.44351851851851853 0.996875 0.44907407407407407 0.9942708333333333 0.4527777777777778 0.9911458333333333 0.46944444444444444 0.9848958333333333 0.47685185185185186 0.984375 0.4861111111111111 0.9786458333333333 0.49166666666666664 0.9703125 0.49166666666666664 0.959375 0.4842592592592593 0.9557291666666666 0.47962962962962963 0.9546875 0.4648148148148148 0.9723958333333333 0.3861111111111111 0.9838541666666667 0.3787037037037037 0.9973958333333334 0.3814814814814815
1 0.23802083333333332 0.16296296296296298 0.24114583333333334 0.1675925925925926 0.2421875 0.17592592592592593 0.2515625 0.1925925925925926 0.25729166666666664 0.25555555555555554 0.2625 0.2851851851851852 0.2625 0.2898148148148148 0.2557291666666667 0.2916666666666667 0.2375 0.2916666666666667 0.2359375 0.28703703703703703 0.23177083333333334 0.24351851851851852 0.22395833333333334 0.19166666666666668 0.228125 0.1787037037037037 0.228125 0.1675925925925926 0.23072916666666668 0.1638888888888889 0.2375 0.16296296296296298
1 0.8885416666666667 0.4388888888888889 0.9041666666666667 0.4425925925925926 0.9057291666666667 0.44537037037037036 0.9052083333333333 0.4537037037037037 0.9036458333333334 0.45555555555555555 0.9 0.4527777777777778 0.8973958333333333 0.4583333333333333 0.8973958333333333 0.4638888888888889 0.8963541666666667 0.45925925925925926 0.8932291666666666 0.45925925925925926 0.890625 0.4759259259259259 0.89375 0.48055555555555557 0.8864583333333333 0.4842592592592593 0.8848958333333333 0.49444444444444446 0.8802083333333334 0.5055555555555555 0.8697916666666666 0.5055555555555555 0.8598958333333333 0.5148148148148148 0.8520833333333333 0.562037037037037 0.8494791666666667 0.5666666666666667 0.8447916666666667 0.562962962962963 0.8421875 0.55 0.8421875 0.5314814814814814 0.8463541666666666 0.5120370370370371 0.853125 0.4981481481481482 0.8604166666666667 0.4925925925925926 0.86875 0.475 0.8739583333333333 0.46944444444444444 0.8744791666666667 0.44537037037037036 0.8760416666666667 0.4425925925925926 0.8802083333333334 0.4388888888888889 0.8880208333333334 0.4388888888888889
1 0.9286458333333333 0.48055555555555557 0.9317708333333333 0.48333333333333334 0.9333333333333333 0.5268518518518519 0.9390625 0.5425925925925926 0.9401041666666666 0.5611111111111111 0.9354166666666667 0.587037037037037 0.9265625 0.6194444444444445 0.9213541666666667 0.6240740740740741 0.9067708333333333 0.6240740740740741 0.9010416666666666 0.6203703703703703 0.9 0.6148148148148148 0.90625 0.5768518518518518 0.9145833333333333 0.5518518518518518 0.9145833333333333 0.5425925925925926 0.9067708333333333 0.5212962962962963 0.9151041666666667 0.5138888888888888 0.9171875 0.5046296296296297 0.9239583333333333 0.49537037037037035 0.9255208333333333 0.4842592592592593 0.928125 0.48148148148148145
1 0.2671875 0.15648148148148147 0.26979166666666665 0.17314814814814813 0.2760416666666667 0.1925925925925926 0.2838541666666667 0.26481481481481484 0.2875 0.2824074074074074 0.2864583333333333 0.2898148148148148 0.27239583333333334 0.29074074074074074 0.26458333333333334 0.28888888888888886 0.2557291666666667 0.2351851851851852 0.2546875 0.20462962962962963 0.25729166666666664 0.17314814814814813 0.2552083333333333 0.16018518518518518 0.2598958333333333 0.15462962962962962 0.26666666666666666 0.15648148148148147
1 0.996875 0.33055555555555555 0.9994791666666667 0.33425925925925926 0.9994791666666667 0.37407407407407406 0.9958333333333333 0.3787037037037037 0.9880208333333333 0.3768518518518518 0.9880208333333333 0.36574074074074076 0.9838541666666667 0.35833333333333334 0.9833333333333333 0.3527777777777778 0.9890625 0.33425925925925926 0.9963541666666667 0.33055555555555555