0 0.6114583333333333 0.12129629629629629 0.6151041666666667 0.12685185185185185 0.615625 0.13425925925925927 0.609375 0.14722222222222223 0.6041666666666666 0.16666666666666666 0.6005208333333333 0.1712962962962963 0.5953125 0.16574074074074074 0.5953125 0.15555555555555556 0.5994791666666667 0.13240740740740742 0.6041666666666666 0.12037037037037036 0.6109375 0.12129629629629629
0 0.6140625 0.36944444444444446 0.6171875 0.37222222222222223 0.646875 0.36944444444444446 0.6505208333333333 0.3731481481481482 0.6515625 0.37962962962962965 0.6494791666666667 0.3861111111111111 0.6229166666666667 0.3888888888888889 0.6140625 0.39444444444444443 0.6104166666666667 0.39351851851851855 0.6078125 0.387037037037037 0.6088541666666667 0.3731481481481482 0.6135416666666667 0.36944444444444446
0 0.6619791666666667 0.5953703703703703 0.009375 0.025925925925925925
0 0.5755208333333334 0.03518518518518519 0.5807291666666666 0.040740740740740744 0.5817708333333333 0.049074074074074076 0.565625 0.07962962962962963 0.5619791666666667 0.07777777777777778 0.5614583333333333 0.06481481481481481 0.5677083333333334 0.04537037037037037 0.575 0.03518518518518519
0 0.5822916666666667 0.6768518518518518 0.5880208333333333 0.687037037037037 0.5880208333333333 0.700925925925926 0.5864583333333333 0.7074074074074074 0.5791666666666667 0.7138888888888889 0.575 0.7129629629629629 0.5692708333333333 0.7046296296296296 0.55 0.7037037037037037 0.5447916666666667 0.6972222222222222 0.5442708333333334 0.687962962962963 0.5479166666666667 0.6796296296296296 0.5661458333333333 0.6824074074074075 0.5739583333333333 0.6768518518518518 0.5817708333333333 0.6768518518518518
0 0.6588541666666666 0.537962962962963 0.6619791666666667 0.5435185185185185 0.6598958333333333 0.5537037037037037 0.6546875 0.5527777777777778 0.6526041666666667 0.5462962962962963 0.653125 0.5398148148148149 0.6583333333333333 0.537962962962963
0 0.6786458333333333 0.5231481481481481 0.6807291666666667 0.5259259259259259 0.6828125 0.562962962962963 0.6859375 0.5694444444444444 0.6859375 0.5740740740740741 0.68125 0.5777777777777777 0.6744791666666666 0.5777777777777777 0.6708333333333333 0.5712962962962963 0.6703125 0.5268518518518519 0.678125 0.5231481481481481
0 0.578125 0.4666666666666667 0.5796875 0.4740740740740741 0.5661458333333333 0.5944444444444444 0.5682291666666667 0.6083333333333333 0.5661458333333333 0.6138888888888889 0.5578125 0.612037037037037 0.5552083333333333 0.6027777777777777 0.5604166666666667 0.5805555555555556 0.5713541666666667 0.4722222222222222 0.5729166666666666 0.4666666666666667 0.5776041666666667 0.4666666666666667
0 0.6895833333333333 0.33796296296296297 0.6927083333333334 0.3416666666666667 0.6911458333333333 0.3537037037037037 0.6723958333333333 0.35833333333333334 0.6692708333333334 0.36203703703703705 0.6619791666666667 0.3611111111111111 0.6609375 0.34629629629629627 0.6625 0.3398148148148148 0.6890625 0.33796296296296297
0 0.6385416666666667 0.12777777777777777 0.6489583333333333 0.12777777777777777 0.646875 0.13796296296296295 0.646875 0.25925925925925924 0.6442708333333333 0.2574074074074074 0.6453125 0.24814814814814815 0.64375 0.22870370370370371 0.6411458333333333 0.22685185185185186 0.6416666666666667 0.21574074074074073 0.646875 0.20833333333333334 0.646875 0.17407407407407408 0.6416666666666667 0.16111111111111112 0.6416666666666667 0.1388888888888889 0.6385416666666667 0.1287037037037037
0 0.6380208333333334 0.22870370370370371 0.6432291666666666 0.22777777777777777 0.6442708333333333 0.24814814814814815 0.6442708333333333 0.25555555555555554 0.6395833333333333 0.25462962962962965 0.6380208333333334 0.25092592592592594 0.6380208333333334 0.22962962962962963
0 0.6427083333333333 0.1638888888888889 0.646875 0.17407407407407408 0.6479166666666667 0.2064814814814815 0.6421875 0.21481481481481482 0.6359375 0.21296296296296297 0.6338541666666667 0.2064814814814815 0.6364583333333333 0.16944444444444445 0.6385416666666667 0.1648148148148148 0.6421875 0.1638888888888889
2 0.6583333333333333 0.22685185185185186 0.6604166666666667 0.23148148148148148 0.6588541666666666 0.24537037037037038 0.65625 0.24537037037037038 0.6546875 0.24074074074074073 0.6546875 0.22962962962962963 0.6578125 0.22685185185185186
2 0.5354166666666667 0.4777777777777778 0.5385416666666667 0.48518518518518516 0.5401041666666667 0.49907407407407406 0.5380208333333333 0.5148148148148148 0.5338541666666666 0.5212962962962963 0.5286458333333334 0.5185185185185185 0.5260416666666666 0.5111111111111111 0.5255208333333333 0.4898148148148148 0.5286458333333334 0.4787037037037037 0.5348958333333333 0.4777777777777778
2 0.6197916666666666 0.6018518518518519 0.6234375 0.6101851851851852 0.6229166666666667 0.6268518518518519 0.6203125 0.6333333333333333 0.6171875 0.6333333333333333 0.6140625 0.6240740740740741 0.6145833333333334 0.6074074074074074 0.6192708333333333 0.6018518518518519
2 0.6140625 0.175 0.6177083333333333 0.18055555555555555 0.6192708333333333 0.19166666666666668 0.61875 0.20092592592592592 0.615625 0.2064814814814815 0.6119791666666666 0.20462962962962963 0.609375 0.1925925925925926 0.6098958333333333 0.18055555555555555 0.6135416666666667 0.175
2 0.553125 0.6240740740740741 0.5546875 0.6351851851851852 0.5515625 0.6416666666666667 0.5484375 0.6388888888888888 0.5479166666666667 0.6287037037037037 0.5494791666666666 0.6240740740740741 0.5526041666666667 0.6240740740740741
2 0.5619791666666667 0.46944444444444444 0.5645833333333333 0.47314814814814815 0.5645833333333333 0.48333333333333334 0.5619791666666667 0.487962962962963 0.5588541666666667 0.48518518518518516 0.5578125 0.47962962962962963 0.5588541666666667 0.47129629629629627 0.5614583333333333 0.46944444444444444
2 0.5364583333333334 0.15185185185185185 0.5421875 0.15833333333333333 0.5453125 0.17037037037037037 0.5447916666666667 0.18981481481481483 0.540625 0.19814814814814816 0.5338541666666666 0.19166666666666668 0.5307291666666667 0.17592592592592593 0.53125 0.1574074074074074 0.5359375 0.15185185185185185
2 0.5223958333333333 0.028703703703703703 0.016666666666666666 0.05
2 0.5364583333333334 0.4083333333333333 0.5416666666666666 0.41574074074074074 0.54375 0.4287037037037037 0.5427083333333333 0.44166666666666665 0.5380208333333333 0.45185185185185184 0.5328125 0.45092592592592595 0.528125 0.4361111111111111 0.5286458333333334 0.4185185185185185 0.5317708333333333 0.40925925925925927 0.5359375 0.4083333333333333
2 0.6296875 0.5166666666666667 0.6338541666666667 0.5212962962962963 0.6333333333333333 0.5342592592592592 0.6296875 0.5370370370370371 0.628125 0.5324074074074074 0.6276041666666666 0.5212962962962963 0.6291666666666667 0.5175925925925926
2 0.5375 0.575925925925926 0.5411458333333333 0.5787037037037037 0.540625 0.5879629629629629 0.5375 0.5888888888888889 0.5375 0.5768518518518518
2 0.6083333333333333 0.34074074074074073 0.6083333333333333 0.33055555555555555 0.6109375 0.33055555555555555 0.6125 0.337037037037037 0.6114583333333333 0.3416666666666667 0.6088541666666667 0.34074074074074073
2 0.6036458333333333 0.5351851851851852 0.004166666666666667 0.012962962962962963
2 0.6203125 0.44166666666666665 0.6229166666666667 0.44722222222222224 0.6229166666666667 0.4537037037037037 0.6197916666666666 0.4583333333333333 0.6171875 0.45092592592592595 0.6177083333333333 0.4444444444444444 0.6197916666666666 0.44166666666666665
2 0.5963541666666666 0.28055555555555556 0.5984375 0.28425925925925927 0.596875 0.29814814814814816 0.59375 0.2962962962962963 0.5927083333333333 0.2898148148148148 0.5932291666666667 0.2814814814814815 0.5958333333333333 0.28055555555555556
2 0.5348958333333333 0.2537037037037037 0.5395833333333333 0.26296296296296295 0.5416666666666666 0.2777777777777778 0.540625 0.28888888888888886 0.5359375 0.29814814814814816 0.5302083333333333 0.2953703703703704 0.5255208333333333 0.275 0.5276041666666667 0.2574074074074074 0.5302083333333333 0.25277777777777777 0.534375 0.2537037037037037
2 0.5953125 0.4101851851851852 0.5989583333333334 0.41203703703703703 0.5989583333333334 0.4185185185185185 0.5963541666666666 0.4212962962962963 0.5953125 0.4111111111111111
2 0.625 0.2916666666666667 0.011458333333333333 0.03888888888888889
2 0.5640625 0.17314814814814813 0.5677083333333334 0.1814814814814815 0.5677083333333334 0.1925925925925926 0.5651041666666666 0.19722222222222222 0.5614583333333333 0.19444444444444445 0.5598958333333334 0.18518518518518517 0.5609375 0.17407407407407408 0.5635416666666667 0.17314814814814813
2 0.5984375 0.5703703703703704 0.6020833333333333 0.5694444444444444 0.6046875 0.5777777777777777 0.6036458333333333 0.5879629629629629 0.6020833333333333 0.5907407407407408 0.5989583333333334 0.5898148148148148 0.5973958333333333 0.5842592592592593 0.5984375 0.5712962962962963
2 0.6640625 0.4537037037037037 0.6671875 0.45740740740740743 0.66875 0.4666666666666667 0.6682291666666667 0.4777777777777778 0.6651041666666667 0.48703703703703705 0.6614583333333334 0.48518518518518516 0.6588541666666666 0.4722222222222222 0.6598958333333333 0.45925925925925926 0.6635416666666667 0.4537037037037037
1 0.6333333333333333 0.8453703703703703 0.6880208333333333 0.8611111111111112 0.69375 0.8657407407407407 0.6979166666666666 0.875 0.7036458333333333 0.8777777777777778 0.7057291666666666 0.8833333333333333 0.7057291666666666 0.8935185185185185 0.7036458333333333 0.9 0.6953125 0.9 0.6901041666666666 0.9064814814814814 0.6354166666666666 0.8888888888888888 0.6328125 0.8842592592592593 0.6333333333333333 0.8462962962962963
1 0.6645833333333333 0.8083333333333333 0.6817708333333333 0.8138888888888889 0.6963541666666667 0.8268518518518518 0.7083333333333334 0.8305555555555556 0.709375 0.8453703703703703 0.7078125 0.850925925925926 0.7046875 0.8527777777777777 0.6958333333333333 0.85 0.6822916666666666 0.8555555555555555 0.6536458333333334 0.85 0.6333333333333333 0.8398148148148148 0.6322916666666667 0.812037037037037 0.6338541666666667 0.8018518518518518 0.6640625 0.8083333333333333