0 0.5890625 0.5074074074074074 0.5942708333333333 0.5324074074074074 0.5916666666666667 0.5361111111111111 0.5880208333333333 0.5351851851851852 0.5859375 0.5287037037037037 0.5854166666666667 0.5092592592592593 0.5885416666666666 0.5074074074074074
0 0.584375 0.5296296296296297 0.5869791666666667 0.5314814814814814 0.5947916666666667 0.5537037037037037 0.5953125 0.5592592592592592 0.5932291666666667 0.5638888888888889 0.5885416666666666 0.5611111111111111 0.578125 0.5435185185185185 0.5791666666666667 0.5324074074074074 0.5838541666666667 0.5296296296296297
0 0.5119791666666667 0.07037037037037037 0.5161458333333333 0.06111111111111111 0.5401041666666667 0.05092592592592592 0.5458333333333333 0.041666666666666664 0.5520833333333334 0.04259259259259259 0.55625 0.058333333333333334 0.5552083333333333 0.07037037037037037 0.5515625 0.07685185185185185 0.5380208333333333 0.07685185185185185 0.5171875 0.08611111111111111 0.5135416666666667 0.08055555555555556 0.5125 0.0712962962962963
0 0.6234375 0.6083333333333333 0.628125 0.6148148148148148 0.628125 0.6277777777777778 0.625 0.6333333333333333 0.6197916666666666 0.6324074074074074 0.6166666666666667 0.6277777777777778 0.6005208333333333 0.6259259259259259 0.5994791666666667 0.6231481481481481 0.6005208333333333 0.6129629629629629 0.6177083333333333 0.6129629629629629 0.6229166666666667 0.6083333333333333
0 0.5234375 0.49722222222222223 0.5395833333333333 0.49907407407407406 0.5598958333333334 0.49537037037037035 0.5661458333333333 0.49722222222222223 0.5677083333333334 0.5037037037037037 0.5645833333333333 0.5083333333333333 0.5270833333333333 0.512962962962963 0.5208333333333334 0.5185185185185185 0.5151041666666667 0.5148148148148148 0.5145833333333333 0.5018518518518519 0.5166666666666667 0.4962962962962963 0.5229166666666667 0.49722222222222223
0 0.6380208333333334 0.7027777777777777 0.64375 0.7037037037037037 0.6666666666666666 0.6842592592592592 0.6755208333333333 0.6842592592592592 0.6770833333333334 0.687962962962963 0.6760416666666667 0.6953703703703704 0.6442708333333333 0.7231481481481481 0.6385416666666667 0.7351851851851852 0.6338541666666667 0.7379629629629629 0.6296875 0.737037037037037 0.6255208333333333 0.7305555555555555 0.6244791666666667 0.7166666666666667 0.6270833333333333 0.7074074074074074 0.6375 0.7037037037037037
0 0.5932291666666667 0.7101851851851851 0.60625 0.7175925925925926 0.6067708333333334 0.725 0.5911458333333334 0.7268518518518519 0.5895833333333333 0.7175925925925926 0.5927083333333333 0.7111111111111111
0 0.6572916666666667 0.19537037037037036 0.659375 0.19722222222222222 0.6614583333333334 0.2074074074074074 0.6734375 0.2898148148148148 0.6770833333333334 0.29814814814814816 0.6765625 0.30277777777777776 0.6713541666666667 0.30648148148148147 0.6682291666666667 0.30462962962962964 0.6651041666666667 0.26944444444444443 0.659375 0.24444444444444444 0.6536458333333334 0.20462962962962963 0.6541666666666667 0.19722222222222222 0.6567708333333333 0.19537037037037036
0 0.6234375 0.41944444444444445 0.628125 0.42407407407407405 0.6578125 0.4222222222222222 0.6588541666666666 0.42592592592592593 0.6588541666666666 0.43333333333333335 0.65625 0.43703703703703706 0.6291666666666667 0.43796296296296294 0.6244791666666667 0.4425925925925926 0.6192708333333333 0.44166666666666665 0.6177083333333333 0.4361111111111111 0.61875 0.4212962962962963 0.6229166666666667 0.41944444444444445
0 0.6580729166666667 0.2902777777777778 0.008854166666666666 0.026851851851851852
0 0.6010416666666667 0.3435185185185185 0.60625 0.3472222222222222 0.6125 0.3453703703703704 0.6182291666666667 0.3527777777777778 0.6182291666666667 0.36944444444444446 0.6109375 0.37592592592592594 0.5927083333333333 0.36018518518518516 0.5895833333333333 0.35462962962962963 0.5916666666666667 0.34074074074074073 0.6005208333333333 0.3435185185185185
2 0.6380208333333334 0.3351851851851852 0.6421875 0.34814814814814815 0.6416666666666667 0.362962962962963 0.6385416666666667 0.37037037037037035 0.6348958333333333 0.3675925925925926 0.6328125 0.3574074074074074 0.6333333333333333 0.3416666666666667 0.6348958333333333 0.33611111111111114 0.6375 0.3351851851851852
2 0.5364583333333334 0.5972222222222222 0.5380208333333333 0.6 0.5364583333333334 0.6111111111111112 0.5338541666666666 0.6083333333333333 0.5338541666666666 0.6 0.5359375 0.5972222222222222
2 0.6005208333333333 0.45092592592592595 0.6026041666666667 0.4675925925925926 0.5994791666666667 0.47962962962962963 0.596875 0.47962962962962963 0.5947916666666667 0.475 0.5942708333333333 0.4564814814814815 0.5963541666666666 0.45 0.6 0.45092592592592595
2 0.6177083333333333 0.4935185185185185 0.6208333333333333 0.5018518518518519 0.6208333333333333 0.5166666666666667 0.6171875 0.5287037037037037 0.6125 0.5259259259259259 0.6104166666666667 0.5138888888888888 0.6125 0.49444444444444446 0.6171875 0.4935185185185185
2 0.6244791666666667 0.47685185185185186 0.6270833333333333 0.4898148148148148 0.6239583333333333 0.4981481481481482 0.6213541666666667 0.49537037037037035 0.6203125 0.4861111111111111 0.6213541666666667 0.47962962962962963 0.6239583333333333 0.47685185185185186
2 0.6140625 0.5768518518518518 0.6151041666666667 0.5703703703703704 0.61875 0.5685185185185185 0.6208333333333333 0.575925925925926 0.6203125 0.5861111111111111 0.6166666666666667 0.5888888888888889 0.6145833333333334 0.5777777777777777
2 0.5442708333333334 0.21574074074074073 0.546875 0.21944444444444444 0.5463541666666667 0.22870370370370371 0.5442708333333334 0.22962962962962963 0.5427083333333333 0.22592592592592592 0.54375 0.21666666666666667
2 0.6026041666666667 0.39166666666666666 0.6067708333333334 0.3972222222222222 0.6083333333333333 0.4046296296296296 0.6083333333333333 0.41759259259259257 0.6057291666666667 0.42777777777777776 0.6026041666666667 0.42962962962962964 0.5984375 0.41574074074074074 0.5989583333333334 0.39814814814814814 0.6020833333333333 0.3925925925925926
2 0.6125 0.6805555555555556 0.615625 0.6888888888888889 0.615625 0.7046296296296296 0.6114583333333333 0.7166666666666667 0.6088541666666667 0.7166666666666667 0.6067708333333334 0.712037037037037 0.6057291666666667 0.6935185185185185 0.6083333333333333 0.6814814814814815 0.6119791666666666 0.6805555555555556
2 0.5739583333333333 0.4703703703703704 0.0125 0.040740740740740744
2 0.54375 0.7296296296296296 0.5473958333333333 0.737037037037037 0.5479166666666667 0.75 0.5447916666666667 0.7638888888888888 0.5411458333333333 0.7666666666666667 0.5359375 0.762962962962963 0.5338541666666666 0.7481481481481481 0.5364583333333334 0.7333333333333333 0.5390625 0.7287037037037037 0.5432291666666667 0.7296296296296296
2 0.6026041666666667 0.5583333333333333 0.603125 0.5462962962962963 0.6057291666666667 0.55 0.6046875 0.5583333333333333 0.603125 0.5583333333333333
2 0.5890625 0.5731481481481482 0.5901041666666667 0.5824074074074074 0.5885416666666666 0.5879629629629629 0.5864583333333333 0.5879629629629629 0.5848958333333333 0.5833333333333334 0.5854166666666667 0.5740740740740741 0.5885416666666666 0.5731481481481482
2 0.5598958333333334 0.663425925925926 0.005208333333333333 0.013888888888888888
2 0.5973958333333333 0.6518518518518519 0.5989583333333334 0.6657407407407407 0.5958333333333333 0.6731481481481482 0.5927083333333333 0.6685185185185185 0.5927083333333333 0.6574074074074074 0.5947916666666667 0.6509259259259259 0.596875 0.6518518518518519
2 0.5778645833333333 0.287962962962963 0.0046875 0.012962962962962963
2 0.5776041666666667 0.4083333333333333 0.5817708333333333 0.4212962962962963 0.5817708333333333 0.4305555555555556 0.5807291666666666 0.44074074074074077 0.5770833333333333 0.44814814814814813 0.571875 0.4425925925925926 0.5703125 0.43425925925925923 0.5708333333333333 0.41388888888888886 0.5729166666666666 0.4083333333333333 0.5770833333333333 0.4083333333333333
2 0.5630208333333333 0.36666666666666664 0.5671875 0.3824074074074074 0.5666666666666667 0.3972222222222222 0.5630208333333333 0.40555555555555556 0.5598958333333334 0.40555555555555556 0.5572916666666666 0.4009259259259259 0.5546875 0.3861111111111111 0.5572916666666666 0.3675925925925926 0.5598958333333334 0.3648148148148148 0.5625 0.36666666666666664
2 0.5796875 0.4009259259259259 0.5833333333333334 0.4 0.5854166666666667 0.4074074074074074 0.5854166666666667 0.4166666666666667 0.5828125 0.4222222222222222 0.5786458333333333 0.4101851851851852 0.5796875 0.40185185185185185
2 0.6033854166666667 0.5745370370370371 0.0067708333333333336 0.017592592592592594
2 0.6098958333333333 0.3398148148148148 0.6135416666666667 0.34074074074074073 0.6145833333333334 0.34444444444444444 0.609375 0.3453703703703704 0.6098958333333333 0.34074074074074073
1 0.6182291666666667 0.9212962962962963 0.65 0.9351851851851852 0.6729166666666667 0.9407407407407408 0.6822916666666666 0.9574074074074074 0.6869791666666667 0.9592592592592593 0.6895833333333333 0.9648148148148148 0.6890625 0.9777777777777777 0.6869791666666667 0.9824074074074074 0.6807291666666667 0.9824074074074074 0.6734375 0.9898148148148148 0.6442708333333333 0.975925925925926 0.6182291666666667 0.9675925925925926 0.6182291666666667 0.9222222222222223
1 0.6223958333333334 0.8768518518518519 0.6322916666666667 0.8833333333333333 0.665625 0.8935185185185185 0.6791666666666667 0.9018518518518519 0.6838541666666667 0.9083333333333333 0.6921875 0.9111111111111111 0.6942708333333333 0.9175925925925926 0.6927083333333334 0.9333333333333333 0.6796875 0.9305555555555556 0.6661458333333333 0.9351851851851852 0.6489583333333333 0.9333333333333333 0.61875 0.9175925925925926 0.6182291666666667 0.8787037037037037 0.621875 0.8768518518518519