0 0.36614583333333334 0.42314814814814816 0.37395833333333334 0.4212962962962963 0.37552083333333336 0.42407407407407405 0.378125 0.4546296296296296 0.3807291666666667 0.46574074074074073 0.3807291666666667 0.4740740740740741 0.378125 0.4787037037037037 0.37083333333333335 0.48055555555555557 0.36614583333333334 0.47685185185185186 0.36614583333333334 0.42407407407407405
0 0.4114583333333333 0.17407407407407408 0.4125 0.18518518518518517 0.4088541666666667 0.1925925925925926 0.4041666666666667 0.18796296296296297 0.40260416666666665 0.1787037037037037 0.40677083333333336 0.17407407407407408 0.4109375 0.17407407407407408
0 0.33880208333333334 0.6587962962962963 0.0109375 0.12129629629629629
0 0.4421875 0.6453703703703704 0.44947916666666665 0.6518518518518519 0.459375 0.6685185185185185 0.47239583333333335 0.6805555555555556 0.47552083333333334 0.687962962962963 0.4744791666666667 0.6981481481481482 0.4708333333333333 0.7018518518518518 0.465625 0.7018518518518518 0.446875 0.6824074074074075 0.4395833333333333 0.6824074074074075 0.43385416666666665 0.6768518518518518 0.4322916666666667 0.6712962962962963 0.43333333333333335 0.6574074074074074 0.44166666666666665 0.6462962962962963
0 0.3802083333333333 0.26851851851851855 0.3921875 0.29907407407407405 0.39114583333333336 0.31203703703703706 0.384375 0.31851851851851853 0.37916666666666665 0.31574074074074077 0.37135416666666665 0.2814814814814815 0.3734375 0.26944444444444443 0.3796875 0.26851851851851855
0 0.35052083333333334 0.5564814814814815 0.3536458333333333 0.5351851851851852 0.359375 0.44074074074074077 0.3619791666666667 0.4361111111111111 0.3651041666666667 0.44074074074074077 0.3651041666666667 0.462037037037037 0.35989583333333336 0.5194444444444445 0.36041666666666666 0.5527777777777778 0.3578125 0.5592592592592592 0.35104166666666664 0.5564814814814815
0 0.3875 0.26481481481481484 0.39375 0.275 0.3927083333333333 0.29444444444444445 0.39166666666666666 0.2962962962962963 0.39010416666666664 0.2935185185185185 0.3828125 0.2759259259259259 0.3828125 0.26944444444444443 0.38697916666666665 0.2657407407407407
0 0.4015625 0.24074074074074073 0.40572916666666664 0.24814814814814815 0.40520833333333334 0.2611111111111111 0.4 0.2675925925925926 0.39375 0.26944444444444443 0.3890625 0.2675925925925926 0.3875 0.26296296296296295 0.3885416666666667 0.25555555555555554 0.39479166666666665 0.24166666666666667 0.4010416666666667 0.24074074074074073
0 0.4140625 0.4759259259259259 0.4166666666666667 0.48055555555555557 0.41875 0.5009259259259259 0.41302083333333334 0.5064814814814815 0.4088541666666667 0.5037037037037037 0.4088541666666667 0.4962962962962963 0.40989583333333335 0.4787037037037037 0.41354166666666664 0.4759259259259259
0 0.3619791666666667 0.2777777777777778 0.36875 0.275 0.371875 0.27870370370370373 0.38177083333333334 0.3212962962962963 0.38177083333333334 0.3314814814814815 0.3796875 0.33611111111111114 0.37552083333333336 0.337037037037037 0.3729166666666667 0.3333333333333333 0.36614583333333334 0.30092592592592593 0.36041666666666666 0.28888888888888886 0.3619791666666667 0.27870370370370373
0 0.35260416666666666 0.42314814814814816 0.3546875 0.42407407407407405 0.35572916666666665 0.42962962962962964 0.353125 0.4601851851851852 0.35052083333333334 0.4648148148148148 0.34739583333333335 0.4648148148148148 0.3458333333333333 0.46111111111111114 0.3453125 0.42592592592592593 0.35208333333333336 0.42314814814814816
0 0.40208333333333335 0.21203703703703702 0.40520833333333334 0.21851851851851853 0.4046875 0.23148148148148148 0.40208333333333335 0.2351851851851852 0.39166666666666666 0.23796296296296296 0.3875 0.2361111111111111 0.3875 0.22685185185185186 0.39375 0.21388888888888888 0.39895833333333336 0.2101851851851852 0.4015625 0.21203703703703702
0 0.36770833333333336 0.5796296296296296 0.3723958333333333 0.5833333333333334 0.4036458333333333 0.6296296296296297 0.41354166666666664 0.6324074074074074 0.41875 0.6398148148148148 0.41875 0.6564814814814814 0.415625 0.6638888888888889 0.4119791666666667 0.6666666666666666 0.4078125 0.6666666666666666 0.403125 0.6620370370370371 0.3958333333333333 0.6407407407407407 0.3625 0.5962962962962963 0.3614583333333333 0.5824074074074074 0.3671875 0.5796296296296296
2 0.478125 0.15555555555555556 0.48125 0.1648148148148148 0.48125 0.1814814814814815 0.47760416666666666 0.19537037037037036 0.4734375 0.2 0.4703125 0.19814814814814816 0.46770833333333334 0.19074074074074074 0.4671875 0.175 0.4708333333333333 0.15833333333333333 0.4734375 0.15462962962962962 0.47760416666666666 0.15555555555555556
2 0.43125 0.1537037037037037 0.4348958333333333 0.15833333333333333 0.4359375 0.17777777777777778 0.43072916666666666 0.19166666666666668 0.4265625 0.19074074074074074 0.4239583333333333 0.17685185185185184 0.4265625 0.15833333333333333 0.43072916666666666 0.1537037037037037
2 0.41302083333333334 0.2101851851851852 0.41458333333333336 0.22407407407407406 0.4119791666666667 0.23148148148148148 0.4088541666666667 0.22962962962962963 0.4078125 0.21944444444444444 0.4088541666666667 0.21388888888888888 0.4125 0.2101851851851852
2 0.39166666666666666 0.5481481481481482 0.3932291666666667 0.5527777777777778 0.39166666666666666 0.5675925925925925 0.38958333333333334 0.5675925925925925 0.3875 0.562037037037037 0.3875 0.5527777777777778 0.39114583333333336 0.5481481481481482
2 0.35104166666666664 0.22592592592592592 0.007291666666666667 0.027777777777777776
2 0.44088541666666664 0.2361111111111111 0.013020833333333334 0.04259259259259259
2 0.4390625 0.5703703703703704 0.43854166666666666 0.5814814814814815 0.4359375 0.5796296296296296 0.4359375 0.5712962962962963 0.43854166666666666 0.5703703703703704
2 0.4109375 0.6166666666666667 0.4140625 0.6185185185185185 0.4140625 0.6277777777777778 0.4125 0.6296296296296297 0.41041666666666665 0.625 0.4109375 0.6175925925925926
2 0.34270833333333334 0.26666666666666666 0.3453125 0.2657407407407407 0.3463541666666667 0.26944444444444443 0.3453125 0.27870370370370373 0.34322916666666664 0.2796296296296296 0.34270833333333334 0.2675925925925926
2 0.4140625 0.5564814814814815 0.004166666666666667 0.012962962962962963
2 0.4239583333333333 0.17592592592592593 0.42604166666666665 0.19722222222222222 0.4244791666666667 0.20925925925925926 0.42083333333333334 0.21388888888888888 0.4161458333333333 0.2064814814814815 0.41510416666666666 0.1925925925925926 0.41822916666666665 0.17962962962962964 0.42135416666666664 0.175 0.4234375 0.17592592592592593
2 0.38645833333333335 0.5185185185185185 0.3890625 0.5398148148148149 0.3875 0.5472222222222223 0.38385416666666666 0.5509259259259259 0.3807291666666667 0.5462962962962963 0.3796875 0.5287037037037037 0.3828125 0.5185185185185185 0.3859375 0.5185185185185185
2 0.42942708333333335 0.1486111111111111 0.0067708333333333336 0.01574074074074074
2 0.4088541666666667 0.4212962962962963 0.4119791666666667 0.43148148148148147 0.4119791666666667 0.44722222222222224 0.4078125 0.45925925925925926 0.403125 0.4537037037037037 0.40208333333333335 0.43425925925925923 0.4046875 0.42314814814814816 0.4083333333333333 0.4212962962962963
2 0.46770833333333334 0.4305555555555556 0.46770833333333334 0.44166666666666665 0.465625 0.44351851851851853 0.4635416666666667 0.4351851851851852 0.46510416666666665 0.42962962962962964 0.4671875 0.4305555555555556
2 0.365625 0.6462962962962963 0.36875 0.6509259259259259 0.3703125 0.6601851851851852 0.36822916666666666 0.6796296296296296 0.3640625 0.6805555555555556 0.3609375 0.6675925925925926 0.3619791666666667 0.6509259259259259 0.3651041666666667 0.6472222222222223
2 0.3484375 0.24166666666666667 0.35104166666666664 0.24074074074074073 0.35208333333333336 0.24351851851851852 0.35208333333333336 0.25555555555555554 0.3484375 0.2611111111111111 0.346875 0.2564814814814815 0.3484375 0.24259259259259258
2 0.478125 0.262037037037037 0.48125 0.2675925925925926 0.4817708333333333 0.2851851851851852 0.47708333333333336 0.29814814814814816 0.4734375 0.2972222222222222 0.4713541666666667 0.29259259259259257 0.4708333333333333 0.275 0.4734375 0.2657407407407407 0.47760416666666666 0.262037037037037
2 0.4401041666666667 0.17962962962962964 0.4432291666666667 0.18888888888888888 0.4432291666666667 0.2037037037037037 0.44114583333333335 0.21481481481481482 0.43645833333333334 0.22037037037037038 0.4322916666666667 0.2101851851851852 0.4317708333333333 0.19722222222222222 0.4359375 0.18055555555555555 0.4395833333333333 0.17962962962962964
2 0.3932291666666667 0.5259259259259259 0.3953125 0.5287037037037037 0.39479166666666665 0.5407407407407407 0.3921875 0.5416666666666666 0.390625 0.5370370370370371 0.390625 0.5305555555555556 0.3927083333333333 0.5268518518518519
1 0.3765625 0.9148148148148149 0.378125 0.9259259259259259 0.3776041666666667 0.9574074074074074 0.3541666666666667 0.9629629629629629 0.32760416666666664 0.975 0.321875 0.975 0.3171875 0.9694444444444444 0.3098958333333333 0.9703703703703703 0.30833333333333335 0.9657407407407408 0.30885416666666665 0.9490740740740741 0.3151041666666667 0.9444444444444444 0.3203125 0.9342592592592592 0.3255208333333333 0.9296296296296296 0.33958333333333335 0.9277777777777778 0.37604166666666666 0.9148148148148149
1 0.3776041666666667 0.8703703703703703 0.378125 0.9074074074074074 0.3645833333333333 0.9166666666666666 0.34791666666666665 0.9231481481481482 0.33489583333333334 0.924074074074074 0.3255208333333333 0.9194444444444444 0.3145833333333333 0.9194444444444444 0.3072916666666667 0.9231481481481482 0.30416666666666664 0.9175925925925926 0.3046875 0.9027777777777778 0.3072916666666667 0.899074074074074 0.31666666666666665 0.8972222222222223 0.3338541666666667 0.8833333333333333 0.3651041666666667 0.8768518518518519 0.36822916666666666 0.8731481481481481 0.3770833333333333 0.8712962962962963
2 0.3307291666666667 0.549074074074074 0.334375 0.549074074074074 0.3333333333333333 0.5592592592592592 0.33125 0.5583333333333333 0.3307291666666667 0.55