0 0.6015625 0.6361111111111111 0.6166666666666667 0.637962962962963 0.6182291666666667 0.6453703703703704 0.6161458333333333 0.6481481481481481 0.6020833333333333 0.6472222222222223 0.5989583333333334 0.65 0.5942708333333333 0.649074074074074 0.59375 0.6398148148148148 0.5963541666666666 0.6342592592592593 0.6010416666666667 0.6361111111111111
0 0.5692708333333333 0.5166666666666667 0.5734375 0.5203703703703704 0.5734375 0.5268518518518519 0.5697916666666667 0.5416666666666666 0.559375 0.6287037037037037 0.5557291666666667 0.6444444444444445 0.5526041666666667 0.6351851851851852 0.5526041666666667 0.6175925925925926 0.5630208333333333 0.549074074074074 0.5645833333333333 0.5222222222222223 0.56875 0.5166666666666667
0 0.5885416666666666 0.48148148148148145 0.5895833333333333 0.49166666666666664 0.5869791666666667 0.5277777777777778 0.5828125 0.5592592592592592 0.5765625 0.6444444444444445 0.5791666666666667 0.6574074074074074 0.578125 0.6666666666666666 0.5640625 0.6657407407407407 0.5614583333333333 0.662962962962963 0.5609375 0.6564814814814814 0.5666666666666667 0.6462962962962963 0.5682291666666667 0.6388888888888888 0.5723958333333333 0.587037037037037 0.5739583333333333 0.5296296296296297 0.578125 0.4842592592592593 0.5807291666666666 0.4787037037037037 0.5864583333333333 0.4787037037037037 0.5880208333333333 0.48148148148148145
0 0.6104166666666667 0.45185185185185184 0.6119791666666666 0.4537037037037037 0.6104166666666667 0.47685185185185186 0.60625 0.4759259259259259 0.6052083333333333 0.4703703703703704 0.6052083333333333 0.4564814814814815 0.6098958333333333 0.45185185185185184
0 0.5192708333333333 0.674074074074074 0.5229166666666667 0.6814814814814815 0.5229166666666667 0.6935185185185185 0.5182291666666666 0.6990740740740741 0.5098958333333333 0.7018518518518518 0.5026041666666666 0.7101851851851851 0.4979166666666667 0.7064814814814815 0.4973958333333333 0.6962962962962963 0.5135416666666667 0.675 0.51875 0.674074074074074
0 0.5119791666666667 0.5962962962962963 0.5229166666666667 0.6018518518518519 0.5234375 0.6083333333333333 0.5104166666666666 0.6129629629629629 0.5057291666666667 0.6083333333333333 0.5057291666666667 0.600925925925926 0.5083333333333333 0.5953703703703703 0.5114583333333333 0.5962962962962963
0 0.60625 0.33425925925925926 0.6125 0.3731481481481482 0.6119791666666666 0.3787037037037037 0.609375 0.3824074074074074 0.603125 0.3787037037037037 0.5942708333333333 0.3490740740740741 0.5963541666666666 0.337037037037037 0.6005208333333333 0.3333333333333333 0.6057291666666667 0.33425925925925926
0 0.578125 0.2601851851851852 0.5802083333333333 0.26944444444444443 0.5760416666666667 0.2796296296296296 0.5625 0.3648148148148148 0.559375 0.37222222222222223 0.5557291666666667 0.3712962962962963 0.5552083333333333 0.3638888888888889 0.56875 0.2898148148148148 0.5708333333333333 0.26296296296296295 0.5734375 0.25925925925925924 0.5776041666666667 0.2601851851851852
0 0.6130208333333333 0.39444444444444443 0.6177083333333333 0.39814814814814814 0.6166666666666667 0.4166666666666667 0.61875 0.4444444444444444 0.6145833333333334 0.45 0.6114583333333333 0.45 0.6088541666666667 0.4444444444444444 0.6036458333333333 0.4074074074074074 0.60625 0.3972222222222222 0.6125 0.39444444444444443
0 0.5166666666666667 0.725925925925926 0.5229166666666667 0.75 0.5182291666666666 0.7564814814814815 0.5130208333333334 0.7537037037037037 0.5109375 0.7351851851851852 0.5114583333333333 0.7268518518518519 0.5161458333333333 0.725925925925926
0 0.5453125 0.5796296296296296 0.5520833333333334 0.6314814814814815 0.5557291666666667 0.6398148148148148 0.5557291666666667 0.6472222222222223 0.5510416666666667 0.6527777777777778 0.5432291666666667 0.6518518518518519 0.5416666666666666 0.6462962962962963 0.5427083333333333 0.6333333333333333 0.5380208333333333 0.5824074074074074 0.5447916666666667 0.5796296296296296
2 0.5541666666666667 0.7453703703703703 0.5572916666666666 0.7537037037037037 0.5572916666666666 0.7685185185185185 0.5557291666666667 0.7768518518518519 0.5520833333333334 0.7824074074074074 0.5479166666666667 0.7768518518518519 0.5473958333333333 0.7592592592592593 0.5494791666666666 0.7481481481481481 0.5515625 0.7444444444444445 0.5536458333333333 0.7453703703703703
2 0.5630208333333333 0.725 0.004166666666666667 0.012962962962962963
2 0.5223958333333333 0.48703703703703705 0.5270833333333333 0.49722222222222223 0.5265625 0.512962962962963 0.5223958333333333 0.5222222222222223 0.51875 0.5222222222222223 0.5151041666666667 0.5101851851851852 0.5166666666666667 0.49166666666666664 0.521875 0.48703703703703705
2 0.55703125 0.49166666666666664 0.0067708333333333336 0.020370370370370372
2 0.5182291666666666 0.33611111111111114 0.5203125 0.33796296296296297 0.5203125 0.3472222222222222 0.5166666666666667 0.34629629629629627 0.5177083333333333 0.337037037037037
2 0.5369791666666667 0.7712962962962963 0.5421875 0.7814814814814814 0.5416666666666666 0.7888888888888889 0.5359375 0.799074074074074 0.5302083333333333 0.8027777777777778 0.5213541666666667 0.7972222222222223 0.5197916666666667 0.7935185185185185 0.5203125 0.7861111111111111 0.5286458333333334 0.7722222222222223 0.5364583333333334 0.7712962962962963
2 0.5838541666666667 0.38055555555555554 0.5854166666666667 0.3907407407407407 0.5833333333333334 0.39444444444444443 0.5807291666666666 0.3907407407407407 0.5807291666666666 0.38333333333333336 0.5833333333333334 0.38055555555555554
2 0.5088541666666667 0.4203703703703704 0.5119791666666667 0.4222222222222222 0.5140625 0.4287037037037037 0.5098958333333333 0.44166666666666665 0.5067708333333333 0.4398148148148148 0.5052083333333334 0.43333333333333335 0.5057291666666667 0.42314814814814816 0.5083333333333333 0.4203703703703704
2 0.5145833333333333 0.3907407407407407 0.51875 0.412962962962963 0.5140625 0.4287037037037037 0.50625 0.41759259259259257 0.50625 0.4027777777777778 0.5083333333333333 0.39351851851851855 0.5109375 0.38981481481481484 0.5140625 0.3907407407407407
2 0.5510416666666667 0.4388888888888889 0.5541666666666667 0.45925925925925926 0.553125 0.4675925925925926 0.55 0.4740740740740741 0.546875 0.4740740740740741 0.54375 0.4685185185185185 0.5427083333333333 0.45092592592592595 0.5458333333333333 0.4388888888888889 0.5505208333333333 0.4388888888888889
2 0.5421875 0.7097222222222223 0.009375 0.032407407407407406
2 0.5557291666666667 0.41203703703703703 0.5583333333333333 0.41574074074074074 0.5578125 0.42314814814814816 0.5557291666666667 0.42314814814814816 0.5557291666666667 0.412962962962963
2 0.5328125 0.3990740740740741 0.534375 0.40370370370370373 0.5333333333333333 0.4111111111111111 0.5307291666666667 0.40925925925925927 0.5322916666666667 0.3990740740740741
2 0.5203125 0.3851851851851852 0.521875 0.4009259259259259 0.51875 0.4074074074074074 0.5140625 0.3907407407407407 0.515625 0.3861111111111111 0.5197916666666667 0.3851851851851852
2 0.5473958333333333 0.6712962962962963 0.55 0.6712962962962963 0.5510416666666667 0.6759259259259259 0.55 0.6851851851851852 0.5473958333333333 0.6861111111111111 0.5458333333333333 0.6824074074074075 0.5473958333333333 0.6722222222222223
2 0.48515625 0.6416666666666667 0.015104166666666667 0.044444444444444446
2 0.475 0.6416666666666667 0.47760416666666666 0.6518518518518519 0.47552083333333334 0.662962962962963 0.47291666666666665 0.6657407407407407 0.46979166666666666 0.6638888888888889 0.46875 0.6509259259259259 0.471875 0.6416666666666667 0.4744791666666667 0.6416666666666667
2 0.5403645833333334 0.5055555555555555 0.011979166666666667 0.03888888888888889
2 0.5958333333333333 0.524074074074074 0.5979166666666667 0.5416666666666666 0.5942708333333333 0.5555555555555556 0.5916666666666667 0.5555555555555556 0.5901041666666667 0.5518518518518518 0.5890625 0.5351851851851852 0.590625 0.5259259259259259 0.5927083333333333 0.5222222222222223 0.5953125 0.524074074074074
2 0.6083333333333333 0.6101851851851852 0.6088541666666667 0.600925925925926 0.6109375 0.6018518518518519 0.6109375 0.6092592592592593 0.6088541666666667 0.6101851851851852
2 0.48020833333333335 0.39537037037037037 0.4828125 0.39814814814814814 0.484375 0.40925925925925927 0.4817708333333333 0.4185185185185185 0.47760416666666666 0.41574074074074074 0.47604166666666664 0.4074074074074074 0.4765625 0.3990740740740741 0.4796875 0.39537037037037037
2 0.47604166666666664 0.4046296296296296 0.4791666666666667 0.41388888888888886 0.48385416666666664 0.412962962962963 0.4817708333333333 0.4203703703703704 0.4786458333333333 0.41944444444444445 0.47552083333333334 0.4111111111111111 0.47604166666666664 0.40555555555555556
1 0.628125 0.03611111111111111 0.6322916666666667 0.04259259259259259 0.6401041666666667 0.04259259259259259 0.6421875 0.04814814814814815 0.6416666666666667 0.06296296296296296 0.6359375 0.06574074074074074 0.6296875 0.07962962962962963 0.6203125 0.08425925925925926 0.6026041666666667 0.08611111111111111 0.575 0.09907407407407408 0.5729166666666666 0.0962962962962963 0.5723958333333333 0.05925925925925926 0.5739583333333333 0.05277777777777778 0.6276041666666666 0.03611111111111111
1 0.6088541666666667 0.08796296296296297 0.6229166666666667 0.08796296296296297 0.6348958333333333 0.09259259259259259 0.6432291666666666 0.08981481481481482 0.6463541666666667 0.0962962962962963 0.6453125 0.11203703703703703 0.6375 0.11388888888888889 0.6244791666666667 0.12685185185185185 0.5885416666666666 0.1361111111111111 0.575 0.14444444444444443 0.5729166666666666 0.1425925925925926 0.5734375 0.10185185185185185 0.5927083333333333 0.09166666666666666 0.6083333333333333 0.08796296296296297