0 0.5799479166666667 0.3907407407407407 0.0140625 0.07592592592592592
0 0.5984375 0.32685185185185184 0.6078125 0.33055555555555555 0.653125 0.3296296296296296 0.6671875 0.33240740740740743 0.6671875 0.33796296296296297 0.6645833333333333 0.3416666666666667 0.6234375 0.34074074074074073 0.5989583333333334 0.3435185185185185 0.5973958333333333 0.34074074074074073 0.5984375 0.3277777777777778
0 0.478125 0.27685185185185185 0.4796875 0.28055555555555556 0.48072916666666665 0.30925925925925923 0.48020833333333335 0.3925925925925926 0.4822916666666667 0.4027777777777778 0.4817708333333333 0.4074074074074074 0.4786458333333333 0.4101851851851852 0.471875 0.4064814814814815 0.4734375 0.39444444444444443 0.4734375 0.2796296296296296 0.47760416666666666 0.27685185185185185
0 0.7067708333333333 0.462037037037037 0.7119791666666667 0.4675925925925926 0.7130208333333333 0.47685185185185186 0.7088541666666667 0.48703703703703705 0.7083333333333334 0.5046296296296297 0.7041666666666667 0.5101851851851852 0.7 0.5083333333333333 0.6984375 0.5037037037037037 0.6989583333333333 0.4842592592592593 0.696875 0.4759259259259259 0.7005208333333334 0.4638888888888889 0.70625 0.462037037037037
0 0.6505208333333333 0.5064814814814815 0.6515625 0.5333333333333333 0.6484375 0.537962962962963 0.6442708333333333 0.537962962962963 0.6411458333333333 0.5314814814814814 0.6453125 0.5074074074074074 0.6473958333333333 0.5046296296296297 0.65 0.5064814814814815
0 0.5322916666666667 0.18333333333333332 0.5348958333333333 0.18981481481481483 0.5364583333333334 0.3509259259259259 0.5401041666666667 0.3712962962962963 0.5348958333333333 0.37962962962962965 0.5244791666666667 0.3768518518518518 0.5229166666666667 0.36666666666666664 0.5255208333333333 0.35555555555555557 0.5255208333333333 0.33796296296296297 0.5223958333333333 0.18796296296296297 0.5260416666666666 0.18333333333333332 0.5317708333333333 0.18333333333333332
0 0.6502604166666667 0.4837962962962963 0.011979166666666667 0.028703703703703703
0 0.5776041666666667 0.2898148148148148 0.58125 0.28888888888888886 0.5828125 0.29259259259259257 0.5822916666666667 0.31203703703703706 0.5838541666666667 0.32407407407407407 0.5838541666666667 0.33055555555555555 0.58125 0.33240740740740743 0.575 0.3277777777777778 0.5776041666666667 0.29074074074074074
0 0.4041666666666667 0.2851851851851852 0.40572916666666664 0.3194444444444444 0.4078125 0.32222222222222224 0.4078125 0.3296296296296296 0.4036458333333333 0.33611111111111114 0.3953125 0.33611111111111114 0.39427083333333335 0.28888888888888886 0.39479166666666665 0.2851851851851852 0.4036458333333333 0.2851851851851852
0 0.3890625 0.22685185185185186 0.3921875 0.22314814814814815 0.3984375 0.22407407407407406 0.4015625 0.26666666666666666 0.4041666666666667 0.26851851851851855 0.4046875 0.27870370370370373 0.403125 0.2824074074074074 0.39114583333333336 0.2833333333333333 0.39010416666666664 0.2759259259259259 0.3921875 0.2675925925925926 0.3890625 0.22777777777777777
2 0.6682291666666667 0.36944444444444446 0.6765625 0.3768518518518518 0.675 0.38425925925925924 0.6682291666666667 0.387037037037037 0.6614583333333334 0.3851851851851852 0.65625 0.3787037037037037 0.6583333333333333 0.3712962962962963 0.6677083333333333 0.36944444444444446
2 0.3494791666666667 0.3731481481481482 0.35520833333333335 0.37592592592592594 0.3572916666666667 0.38055555555555554 0.35572916666666665 0.387037037037037 0.35052083333333334 0.3907407407407407 0.3390625 0.38981481481481484 0.33645833333333336 0.38333333333333336 0.3421875 0.375 0.3489583333333333 0.3731481481481482
2 0.5 0.39444444444444443 0.5005208333333333 0.4009259259259259 0.4947916666666667 0.40370370370370373 0.490625 0.40185185185185185 0.4890625 0.3972222222222222 0.4921875 0.39351851851851855 0.49947916666666664 0.39444444444444443
2 0.6036458333333333 0.4101851851851852 0.6046875 0.4148148148148148 0.6020833333333333 0.41759259259259257 0.5963541666666666 0.41574074074074074 0.5958333333333333 0.4111111111111111 0.5984375 0.4083333333333333 0.603125 0.4101851851851852
2 0.3802083333333333 0.39444444444444443 0.38229166666666664 0.3972222222222222 0.3802083333333333 0.4027777777777778 0.3734375 0.4009259259259259 0.37395833333333334 0.3962962962962963 0.3796875 0.39444444444444443
2 0.5135416666666667 0.5435185185185185 0.5166666666666667 0.549074074074074 0.5171875 0.5583333333333333 0.515625 0.562962962962963 0.5088541666666667 0.5675925925925925 0.5010416666666667 0.5675925925925925 0.4953125 0.5638888888888889 0.49270833333333336 0.5592592592592592 0.4921875 0.5509259259259259 0.4984375 0.5416666666666666 0.5083333333333333 0.5407407407407407 0.5130208333333334 0.5435185185185185
2 0.45364583333333336 0.39537037037037037 0.45625 0.3972222222222222 0.4546875 0.40185185185185185 0.45 0.4 0.45 0.3972222222222222 0.453125 0.39537037037037037
2 0.44947916666666665 0.43703703703703706 0.4479166666666667 0.4425925925925926 0.4427083333333333 0.44166666666666665 0.44166666666666665 0.43796296296296294 0.4453125 0.4351851851851852 0.44895833333333335 0.43703703703703706
2 0.4578125 0.5027777777777778 0.4630208333333333 0.5083333333333333 0.4630208333333333 0.5120370370370371 0.4588541666666667 0.5175925925925926 0.45260416666666664 0.5175925925925926 0.44895833333333335 0.5120370370370371 0.4510416666666667 0.5046296296296297 0.45729166666666665 0.5027777777777778
2 0.3921875 0.4638888888888889 0.39739583333333334 0.4675925925925926 0.39895833333333336 0.47314814814814815 0.396875 0.48055555555555557 0.39010416666666664 0.48518518518518516 0.3796875 0.4842592592592593 0.37552083333333336 0.475 0.3802083333333333 0.46574074074074073 0.39166666666666666 0.4638888888888889
2 0.43802083333333336 0.43148148148148147 0.4395833333333333 0.42777777777777776 0.44427083333333334 0.42777777777777776 0.44583333333333336 0.43148148148148147 0.44375 0.4351851851851852 0.43854166666666666 0.4324074074074074
2 0.41875 0.49074074074074076 0.4244791666666667 0.4962962962962963 0.4239583333333333 0.5018518518518519 0.42083333333333334 0.5046296296296297 0.4114583333333333 0.5018518518518519 0.41302083333333334 0.4935185185185185 0.41822916666666665 0.49074074074074076
2 0.3776041666666667 0.4388888888888889 0.384375 0.4425925925925926 0.38697916666666665 0.45 0.384375 0.4564814814814815 0.37604166666666666 0.4601851851851852 0.36614583333333334 0.45740740740740743 0.3640625 0.44907407407407407 0.36875 0.44166666666666665 0.3770833333333333 0.4388888888888889
2 0.5270833333333333 0.49722222222222223 0.5286458333333334 0.5046296296296297 0.5260416666666666 0.5083333333333333 0.5203125 0.5064814814814815 0.51875 0.5009259259259259 0.5223958333333333 0.4962962962962963 0.5265625 0.49722222222222223
2 0.6229166666666667 0.3712962962962963 0.625 0.3731481481481482 0.6260416666666667 0.37962962962962965 0.6223958333333334 0.38425925925925924 0.6130208333333333 0.38333333333333336 0.609375 0.37777777777777777 0.6119791666666666 0.37037037037037035 0.6223958333333334 0.3712962962962963
2 0.4390625 0.34814814814814815 0.4395833333333333 0.35462962962962963 0.43645833333333334 0.35648148148148145 0.43333333333333335 0.35555555555555557 0.4322916666666667 0.35 0.43854166666666666 0.34814814814814815
2 0.5770833333333333 0.4777777777777778 0.5807291666666666 0.4861111111111111 0.5796875 0.4925925925925926 0.5708333333333333 0.4981481481481482 0.5630208333333333 0.49444444444444446 0.5604166666666667 0.4888888888888889 0.5604166666666667 0.48148148148148145 0.5671875 0.475 0.5765625 0.4777777777777778
2 0.5916666666666667 0.5435185185185185 0.5927083333333333 0.5509259259259259 0.5895833333333333 0.5546296296296296 0.5817708333333333 0.5537037037037037 0.5791666666666667 0.55 0.5791666666666667 0.5453703703703704 0.584375 0.5398148148148149 0.5911458333333334 0.5435185185185185
2 0.6421875 0.36018518518518516 0.6463541666666667 0.3648148148148148 0.646875 0.36944444444444446 0.6411458333333333 0.375 0.6296875 0.37222222222222223 0.6276041666666666 0.37037037037037035 0.6265625 0.3638888888888889 0.6328125 0.35833333333333334 0.6416666666666667 0.36018518518518516
2 0.4817708333333333 0.3 0.4869791666666667 0.30277777777777776 0.4869791666666667 0.30925925925925923 0.48385416666666664 0.31203703703703706 0.48020833333333335 0.3111111111111111 0.48125 0.3
2 0.5604166666666667 0.30185185185185187 0.5609375 0.3074074074074074 0.55625 0.3055555555555556 0.5572916666666666 0.30185185185185187 0.5598958333333334 0.30185185185185187
2 0.44166666666666665 0.525 0.44635416666666666 0.5277777777777778 0.45 0.5370370370370371 0.4479166666666667 0.5462962962962963 0.4421875 0.5509259259259259 0.43125 0.5509259259259259 0.425 0.5425925925925926 0.425 0.5342592592592592 0.4276041666666667 0.5296296296296297 0.4322916666666667 0.5259259259259259 0.44114583333333335 0.525
1 0.9671875 0.44074074074074077 0.9854166666666667 0.45092592592592595 0.9890625 0.4564814814814815 0.9895833333333334 0.4648148148148148 0.9880208333333333 0.4675925925925926 0.9765625 0.4685185185185185 0.9723958333333333 0.475 0.9713541666666666 0.4888888888888889 0.9640625 0.525 0.9598958333333333 0.5407407407407407 0.95625 0.5462962962962963 0.9463541666666667 0.5425925925925926 0.9421875 0.5370370370370371 0.9401041666666666 0.5296296296296297 0.940625 0.5222222222222223 0.9510416666666667 0.4777777777777778 0.9552083333333333 0.4462962962962963 0.959375 0.44166666666666665 0.9666666666666667 0.44074074074074077
1 0.9770833333333333 0.3907407407407407 0.9875 0.39444444444444443 0.9921875 0.3990740740740741 0.9942708333333333 0.40555555555555556 0.9927083333333333 0.41759259259259257 0.9885416666666667 0.42314814814814816 0.9828125 0.44166666666666665 0.9770833333333333 0.4444444444444444 0.9645833333333333 0.4388888888888889 0.9671875 0.40370370370370373 0.9708333333333333 0.39351851851851855 0.9765625 0.39166666666666666
1 0.89375 0.5666666666666667 0.9020833333333333 0.5805555555555556 0.9010416666666666 0.6046296296296296 0.9130208333333333 0.6240740740740741 0.9151041666666667 0.6361111111111111 0.9083333333333333 0.6555555555555556 0.9026041666666667 0.6833333333333333 0.9005208333333333 0.7092592592592593 0.8973958333333333 0.7203703703703703 0.8921875 0.725 0.8833333333333333 0.7231481481481481 0.8625 0.7101851851851851 0.8479166666666667 0.6953703703703704 0.8442708333333333 0.687037037037037 0.8442708333333333 0.6814814814814815 0.8541666666666666 0.6472222222222223 0.8614583333333333 0.5981481481481481 0.8692708333333333 0.5925925925925926 0.8802083333333334 0.5935185185185186 0.8864583333333333 0.5768518518518518 0.8869791666666667 0.5675925925925925 0.8932291666666666 0.5666666666666667
1 0.8901041666666667 0.525 0.8989583333333333 0.5296296296296297 0.8911458333333333 0.5462962962962963 0.8895833333333333 0.5638888888888889 0.8859375 0.5685185185185185 0.8848958333333333 0.5777777777777777 0.8802083333333334 0.5907407407407408 0.8697916666666666 0.5907407407407408 0.8609375 0.5981481481481481 0.8567708333333334 0.6296296296296297 0.8526041666666667 0.649074074074074 0.8505208333333333 0.6509259259259259 0.8463541666666666 0.649074074074074 0.8447916666666667 0.6435185185185185 0.84375 0.6166666666666667 0.8458333333333333 0.6018518518518519 0.8520833333333333 0.5861111111111111 0.8609375 0.5768518518518518 0.86875 0.5611111111111111 0.8744791666666667 0.5546296296296296 0.875 0.5324074074074074 0.8765625 0.5277777777777778 0.8796875 0.525 0.8895833333333333 0.525
1 0.9221354166666667 0.6388888888888888 0.04010416666666667 0.14629629629629629
1 0.2765625 0.2388888888888889 0.28177083333333336 0.24259259259259258 0.2828125 0.2574074074074074 0.28958333333333336 0.2796296296296296 0.2953125 0.3435185185185185 0.2994791666666667 0.3648148148148148 0.2984375 0.36944444444444446 0.2890625 0.37037037037037035 0.2755208333333333 0.3685185185185185 0.2677083333333333 0.3138888888888889 0.2671875 0.2824074074074074 0.2703125 0.25833333333333336 0.26875 0.24444444444444444 0.2713541666666667 0.23981481481481481 0.2760416666666667 0.2388888888888889
1 0.25833333333333336 0.262037037037037 0.2630208333333333 0.26851851851851855 0.265625 0.2824074074074074 0.2671875 0.31666666666666665 0.27395833333333336 0.36203703703703705 0.27395833333333336 0.3685185185185185 0.27239583333333334 0.37037037037037035 0.24791666666666667 0.3685185185185185 0.24635416666666668 0.3398148148148148 0.23802083333333332 0.2722222222222222 0.2421875 0.26481481481481484 0.2421875 0.25092592592592594 0.24427083333333333 0.24722222222222223 0.25364583333333335 0.24722222222222223 0.2578125 0.262037037037037
1 0.9921875 0.4685185185185185 0.9973958333333334 0.47129629629629627 0.9958333333333333 0.49074074074074076 0.9770833333333333 0.575925925925926 0.975 0.5787037037037037 0.9661458333333334 0.575 0.959375 0.5666666666666667 0.9588541666666667 0.5453703703703704 0.9651041666666667 0.5231481481481481 0.9734375 0.47314814814814815 0.9770833333333333 0.46944444444444444 0.9916666666666667 0.4685185185185185