0 0.66875 0.6092592592592593 0.6807291666666667 0.612037037037037 0.6828125 0.6138888888888889 0.6828125 0.6203703703703703 0.6578125 0.6231481481481481 0.6515625 0.6185185185185185 0.6536458333333334 0.6064814814814815 0.6682291666666667 0.6092592592592593
0 0.6203125 0.5435185185185185 0.6239583333333333 0.5481481481481482 0.6229166666666667 0.5583333333333333 0.61875 0.562962962962963 0.6151041666666667 0.562962962962963 0.6125 0.5583333333333333 0.6135416666666667 0.549074074074074 0.6197916666666666 0.5444444444444444
0 0.596875 0.36944444444444446 0.5989583333333334 0.37222222222222223 0.6041666666666666 0.4009259259259259 0.609375 0.40925925925925927 0.6083333333333333 0.4166666666666667 0.6036458333333333 0.4222222222222222 0.596875 0.4222222222222222 0.5947916666666667 0.41388888888888886 0.5911458333333334 0.3731481481481482 0.5963541666666666 0.36944444444444446
0 0.5713541666666667 0.4324074074074074 0.5770833333333333 0.44722222222222224 0.5776041666666667 0.4537037037037037 0.5739583333333333 0.4583333333333333 0.5651041666666666 0.4444444444444444 0.5661458333333333 0.4351851851851852 0.5708333333333333 0.4324074074074074
0 0.6713541666666667 0.44537037037037036 0.6713541666666667 0.4824074074074074 0.6692708333333334 0.4861111111111111 0.6651041666666667 0.4842592592592593 0.6640625 0.45740740740740743 0.6619791666666667 0.44722222222222224 0.6708333333333333 0.44537037037037036
0 0.5625 0.40925925925925927 0.5630208333333333 0.4027777777777778 0.565625 0.39814814814814814 0.5697916666666667 0.39166666666666666 0.5734375 0.39166666666666666 0.5744791666666667 0.40185185185185185 0.5723958333333333 0.412962962962963 0.5661458333333333 0.4166666666666667 0.5630208333333333 0.4101851851851852
0 0.6380208333333334 0.28055555555555556 0.6479166666666667 0.27870370370370373 0.6536458333333334 0.28055555555555556 0.6557291666666667 0.2861111111111111 0.6515625 0.3 0.65 0.35555555555555557 0.6479166666666667 0.3592592592592593 0.640625 0.36018518518518516 0.6390625 0.35555555555555557 0.6401041666666667 0.3055555555555556 0.6369791666666667 0.287962962962963 0.6380208333333334 0.2814814814814815
0 0.5880208333333333 0.5935185185185186 0.5911458333333334 0.6046296296296296 0.6057291666666667 0.6962962962962963 0.609375 0.7064814814814815 0.6088541666666667 0.7129629629629629 0.6057291666666667 0.7157407407407408 0.6005208333333333 0.7129629629629629 0.6 0.6990740740740741 0.5833333333333334 0.6046296296296296 0.5828125 0.5944444444444444 0.5875 0.5935185185185186
0 0.5875 0.2638888888888889 0.5901041666666667 0.26944444444444443 0.5901041666666667 0.2814814814814815 0.596875 0.31296296296296294 0.5963541666666666 0.32037037037037036 0.5932291666666667 0.32407407407407407 0.5869791666666667 0.32314814814814813 0.5723958333333333 0.28055555555555556 0.5723958333333333 0.27314814814814814 0.5765625 0.26481481481481484 0.5802083333333333 0.262037037037037 0.5869791666666667 0.2638888888888889
0 0.6421875 0.5120370370370371 0.6463541666666667 0.5185185185185185 0.6463541666666667 0.5314814814814814 0.6265625 0.5444444444444444 0.6213541666666667 0.5398148148148149 0.6203125 0.5333333333333333 0.621875 0.5277777777777778 0.6338541666666667 0.5148148148148148 0.6416666666666667 0.5120370370370371
0 0.6049479166666667 0.7513888888888889 0.015104166666666667 0.05462962962962963
0 0.6348958333333333 0.33240740740740743 0.6369791666666667 0.33611111111111114 0.6369791666666667 0.3435185185185185 0.6322916666666667 0.35 0.6208333333333333 0.387037037037037 0.615625 0.3861111111111111 0.6151041666666667 0.37962962962962965 0.6197916666666666 0.3638888888888889 0.6244791666666667 0.33240740740740743 0.6260416666666667 0.3296296296296296 0.634375 0.33240740740740743
0 0.5385416666666667 0.5574074074074075 0.5854166666666667 0.6777777777777778 0.5947916666666667 0.6898148148148148 0.5916666666666667 0.7064814814814815 0.5864583333333333 0.7111111111111111 0.5817708333333333 0.7092592592592593 0.5776041666666667 0.7018518518518518 0.5776041666666667 0.687037037037037 0.5729166666666666 0.6712962962962963 0.5276041666666667 0.5703703703703704 0.5296875 0.5555555555555556 0.5359375 0.5537037037037037 0.5380208333333333 0.5574074074074075
2 0.58125 0.5703703703703704 0.5828125 0.5787037037037037 0.5802083333333333 0.5842592592592593 0.5786458333333333 0.5824074074074074 0.5786458333333333 0.5740740740740741 0.5807291666666666 0.5703703703703704
2 0.5661458333333333 0.4787037037037037 0.014583333333333334 0.04259259259259259
2 0.6145833333333334 0.5666666666666667 0.6166666666666667 0.5787037037037037 0.615625 0.587037037037037 0.6130208333333333 0.5898148148148148 0.6109375 0.5888888888888889 0.6098958333333333 0.5768518518518518 0.6119791666666666 0.5675925925925925 0.6140625 0.5666666666666667
2 0.5489583333333333 0.8425925925925926 0.5520833333333334 0.8527777777777777 0.5520833333333334 0.8694444444444445 0.5494791666666666 0.8805555555555555 0.54375 0.8870370370370371 0.5390625 0.8787037037037037 0.5390625 0.8601851851851852 0.5421875 0.8453703703703703 0.5442708333333334 0.8416666666666667 0.5484375 0.8425925925925926
2 0.6333333333333333 0.7 0.6359375 0.7203703703703703 0.6317708333333333 0.7342592592592593 0.6286458333333333 0.7342592592592593 0.6265625 0.7296296296296296 0.6260416666666667 0.7092592592592593 0.6286458333333333 0.7 0.6328125 0.7
2 0.5828125 0.8212962962962963 0.5854166666666667 0.8324074074074074 0.5848958333333333 0.8490740740740741 0.58125 0.8601851851851852 0.5776041666666667 0.862037037037037 0.5739583333333333 0.8546296296296296 0.5739583333333333 0.8351851851851851 0.578125 0.8212962962962963 0.5822916666666667 0.8212962962962963
2 0.6416666666666667 0.47685185185185186 0.6442708333333333 0.4824074074074074 0.6447916666666667 0.49444444444444446 0.64375 0.5 0.6401041666666667 0.5046296296296297 0.6375 0.5009259259259259 0.6369791666666667 0.4898148148148148 0.6380208333333334 0.4787037037037037 0.6411458333333333 0.47685185185185186
2 0.6057291666666667 0.5305555555555556 0.6072916666666667 0.5370370370370371 0.6052083333333333 0.5416666666666666 0.6026041666666667 0.5398148148148149 0.6026041666666667 0.5324074074074074 0.6052083333333333 0.5305555555555556
2 0.540625 0.3194444444444444 0.5427083333333333 0.32407407407407407 0.5427083333333333 0.3296296296296296 0.540625 0.3333333333333333 0.5375 0.33055555555555555 0.5369791666666667 0.325 0.5401041666666667 0.3194444444444444
2 0.5890625 0.5638888888888889 0.5854166666666667 0.5601851851851852 0.5838541666666667 0.5518518518518518 0.5854166666666667 0.5361111111111111 0.5911458333333334 0.5314814814814814 0.59375 0.537962962962963 0.5942708333333333 0.5537037037037037 0.5927083333333333 0.5601851851851852 0.5895833333333333 0.562962962962963
2 0.659375 0.6722222222222223 0.6619791666666667 0.6805555555555556 0.6619791666666667 0.6935185185185185 0.6583333333333333 0.7046296296296296 0.6557291666666667 0.7046296296296296 0.6536458333333334 0.6990740740740741 0.653125 0.6824074074074075 0.6552083333333333 0.6731481481481482 0.6588541666666666 0.6722222222222223
2 0.6359375 0.46296296296296297 0.010416666666666666 0.03148148148148148
2 0.6088541666666667 0.6481481481481481 0.6109375 0.6574074074074074 0.6078125 0.6638888888888889 0.6052083333333333 0.6620370370370371 0.6046875 0.6537037037037037 0.6083333333333333 0.6481481481481481
2 0.6598958333333333 0.5833333333333334 0.6630208333333333 0.5935185185185186 0.6630208333333333 0.6037037037037037 0.6604166666666667 0.6083333333333333 0.6536458333333334 0.6064814814814815 0.653125 0.6018518518518519 0.6557291666666667 0.587037037037037 0.659375 0.5833333333333334
2 0.5661458333333333 0.8032407407407407 0.013541666666666667 0.04351851851851852
2 0.6361979166666667 0.6638888888888889 0.0067708333333333336 0.020370370370370372
2 0.6192708333333333 0.6694444444444444 0.6213541666666667 0.6731481481481482 0.6203125 0.687037037037037 0.6166666666666667 0.6907407407407408 0.6151041666666667 0.687037037037037 0.6151041666666667 0.6759259259259259 0.61875 0.6703703703703704
2 0.6140625 0.6731481481481482 0.615625 0.6888888888888889 0.6140625 0.6944444444444444 0.6109375 0.6944444444444444 0.609375 0.6907407407407408 0.6098958333333333 0.6777777777777778 0.6135416666666667 0.6731481481481482
1 0.6880208333333333 0.07222222222222222 0.6979166666666666 0.07685185185185185 0.7072916666666667 0.075 0.7088541666666667 0.08888888888888889 0.70625 0.09722222222222222 0.6828125 0.11203703703703703 0.6463541666666667 0.12129629629629629 0.6421875 0.1259259259259259 0.634375 0.12407407407407407 0.6338541666666667 0.09351851851851851 0.6359375 0.08888888888888889 0.6473958333333333 0.08055555555555556 0.6552083333333333 0.07962962962962963 0.6723958333333333 0.07037037037037037 0.6875 0.07222222222222222
1 0.6927083333333334 0.024074074074074074 0.6942708333333333 0.026851851851851852 0.7026041666666667 0.026851851851851852 0.7046875 0.041666666666666664 0.7026041666666667 0.049074074074074076 0.6973958333333333 0.05277777777777778 0.6911458333333333 0.06481481481481481 0.6723958333333333 0.06759259259259259 0.6520833333333333 0.0787037037037037 0.6427083333333333 0.07962962962962963 0.6359375 0.08518518518518518 0.6338541666666667 0.08333333333333333 0.6333333333333333 0.06944444444444445 0.634375 0.03981481481481482 0.659375 0.03333333333333333 0.6848958333333334 0.021296296296296296 0.690625 0.021296296296296296 0.6921875 0.024074074074074074