0 0.365625 0.5648148148148148 0.3723958333333333 0.5675925925925925 0.371875 0.5814814814814815 0.35989583333333336 0.5768518518518518 0.35989583333333336 0.5666666666666667 0.3651041666666667 0.5648148148148148
0 0.334375 0.5527777777777778 0.3421875 0.5824074074074074 0.34010416666666665 0.5888888888888889 0.33645833333333336 0.5861111111111111 0.32760416666666664 0.5592592592592592 0.32916666666666666 0.5546296296296296 0.3338541666666667 0.5527777777777778
0 0.3463541666666667 0.42592592592592593 0.346875 0.4351851851851852 0.3385416666666667 0.43148148148148147 0.33697916666666666 0.42592592592592593 0.33958333333333335 0.41759259259259257 0.3458333333333333 0.42592592592592593
0 0.425 0.3861111111111111 0.4505208333333333 0.46111111111111114 0.459375 0.47685185185185186 0.45989583333333334 0.4842592592592593 0.45677083333333335 0.49166666666666664 0.44947916666666665 0.4888888888888889 0.4395833333333333 0.45092592592592595 0.42135416666666664 0.3990740740740741 0.4203125 0.387037037037037 0.4244791666666667 0.3861111111111111
0 0.428125 0.700925925925926 0.43125 0.7064814814814815 0.4317708333333333 0.7138888888888889 0.4203125 0.7620370370370371 0.42239583333333336 0.7703703703703704 0.421875 0.7805555555555556 0.4171875 0.7888888888888889 0.40572916666666664 0.7851851851851852 0.4015625 0.775 0.40208333333333335 0.7685185185185185 0.40989583333333335 0.7537037037037037 0.4203125 0.7064814814814815 0.4244791666666667 0.7 0.4276041666666667 0.700925925925926
0 0.3494791666666667 0.35833333333333334 0.3546875 0.3675925925925926 0.35208333333333336 0.3768518518518518 0.3484375 0.3768518518518518 0.3453125 0.37222222222222223 0.3453125 0.3611111111111111 0.3489583333333333 0.35833333333333334
0 0.43645833333333334 0.4981481481481482 0.4421875 0.5046296296296297 0.4432291666666667 0.5175925925925926 0.44166666666666665 0.5222222222222223 0.4265625 0.5388888888888889 0.42291666666666666 0.5351851851851852 0.42291666666666666 0.525 0.42864583333333334 0.5046296296296297 0.4322916666666667 0.49907407407407406 0.4359375 0.4981481481481482
0 0.4583333333333333 0.2722222222222222 0.46145833333333336 0.275 0.46510416666666665 0.28703703703703703 0.46510416666666665 0.3 0.4625 0.30648148148148147 0.4583333333333333 0.3101851851851852 0.44947916666666665 0.30648148148148147 0.44166666666666665 0.3074074074074074 0.39947916666666666 0.3296296296296296 0.3932291666666667 0.3296296296296296 0.39114583333333336 0.32685185185185184 0.39114583333333336 0.31666666666666665 0.3932291666666667 0.3111111111111111 0.4375 0.2898148148148148 0.44947916666666665 0.275 0.4578125 0.2722222222222222
0 0.4421875 0.5212962962962963 0.45364583333333336 0.6453703703703704 0.4578125 0.6685185185185185 0.4578125 0.675 0.45416666666666666 0.6777777777777778 0.4473958333333333 0.6759259259259259 0.44895833333333335 0.6583333333333333 0.43645833333333334 0.5324074074074074 0.43697916666666664 0.525 0.44166666666666665 0.5212962962962963
0 0.38229166666666664 0.6259259259259259 0.384375 0.6287037037037037 0.3854166666666667 0.6370370370370371 0.3807291666666667 0.6555555555555556 0.378125 0.6787037037037037 0.375 0.6833333333333333 0.36875 0.6824074074074075 0.36770833333333336 0.6777777777777778 0.3697916666666667 0.6509259259259259 0.3692708333333333 0.6324074074074074 0.375 0.6240740740740741 0.38177083333333334 0.6259259259259259
0 0.33229166666666665 0.6296296296296297 0.33541666666666664 0.6481481481481481 0.34270833333333334 0.6731481481481482 0.34270833333333334 0.6796296296296296 0.34010416666666665 0.6833333333333333 0.33645833333333336 0.6824074074074075 0.328125 0.6518518518518519 0.3229166666666667 0.6407407407407407 0.3255208333333333 0.6305555555555555 0.33177083333333335 0.6296296296296297
0 0.3296875 0.40555555555555556 0.3385416666666667 0.4111111111111111 0.3380208333333333 0.4166666666666667 0.3338541666666667 0.41944444444444445 0.325 0.45185185185185184 0.3302083333333333 0.4638888888888889 0.31927083333333334 0.45185185185185184 0.3203125 0.4444444444444444 0.3234375 0.44166666666666665 0.3296875 0.4064814814814815
0 0.3385416666666667 0.41574074074074074 0.3375 0.42592592592592593 0.340625 0.42962962962962964 0.3380208333333333 0.44814814814814813 0.3390625 0.45925925925925926 0.33489583333333334 0.462037037037037 0.3296875 0.45925925925925926 0.3260416666666667 0.45 0.32708333333333334 0.44537037037037036 0.3296875 0.4444444444444444 0.3338541666666667 0.41944444444444445 0.3380208333333333 0.41574074074074074
2 0.3958333333333333 0.49537037037037035 0.39895833333333336 0.5 0.4005208333333333 0.5148148148148148 0.39947916666666666 0.5296296296296297 0.3963541666666667 0.5361111111111111 0.39166666666666666 0.5324074074074074 0.3890625 0.5222222222222223 0.39010416666666664 0.5027777777777778 0.3927083333333333 0.49537037037037035 0.3953125 0.49537037037037035
2 0.33489583333333334 0.32037037037037036 0.33697916666666666 0.32222222222222224 0.33697916666666666 0.3296296296296296 0.334375 0.33055555555555555 0.334375 0.3212962962962963
2 0.3567708333333333 0.37037037037037035 0.359375 0.3731481481481482 0.3614583333333333 0.38425925925925924 0.3609375 0.39814814814814814 0.35885416666666664 0.4046296296296296 0.3541666666666667 0.40185185185185185 0.35260416666666666 0.39166666666666666 0.353125 0.37777777777777777 0.35625 0.37037037037037035
2 0.39427083333333335 0.4546296296296296 0.396875 0.462037037037037 0.39739583333333334 0.47685185185185186 0.3932291666666667 0.4888888888888889 0.3880208333333333 0.48703703703703705 0.3859375 0.4722222222222222 0.3890625 0.4546296296296296 0.39375 0.4546296296296296
2 0.4140625 0.6509259259259259 0.415625 0.6638888888888889 0.4125 0.6703703703703704 0.4088541666666667 0.6666666666666666 0.4078125 0.6574074074074074 0.4109375 0.6481481481481481 0.41354166666666664 0.6509259259259259
2 0.4140625 0.49907407407407406 0.4171875 0.5037037037037037 0.41875 0.512962962962963 0.41770833333333335 0.5324074074074074 0.41510416666666666 0.537962962962963 0.4119791666666667 0.537962962962963 0.4088541666666667 0.5333333333333333 0.40677083333333336 0.5185185185185185 0.4088541666666667 0.5027777777777778 0.41354166666666664 0.49907407407407406
2 0.3796875 0.44722222222222224 0.384375 0.45925925925925926 0.38177083333333334 0.47685185185185186 0.3776041666666667 0.4777777777777778 0.37447916666666664 0.4685185185185185 0.375 0.45555555555555555 0.37916666666666665 0.44814814814814813
2 0.3958333333333333 0.6666666666666666 0.39895833333333336 0.6712962962962963 0.4005208333333333 0.6796296296296296 0.39947916666666666 0.6953703703703704 0.3963541666666667 0.7 0.3932291666666667 0.6990740740740741 0.38958333333333334 0.6888888888888889 0.390625 0.6712962962962963 0.3953125 0.6666666666666666
2 0.38697916666666665 0.42962962962962964 0.3880208333333333 0.43703703703703706 0.3859375 0.44074074074074077 0.38385416666666666 0.4388888888888889 0.38333333333333336 0.43333333333333335 0.38645833333333335 0.42962962962962964
2 0.40729166666666666 0.40555555555555556 0.40989583333333335 0.41203703703703703 0.41041666666666665 0.42314814814814816 0.4088541666666667 0.4324074074074074 0.40625 0.4361111111111111 0.403125 0.4361111111111111 0.4010416666666667 0.4324074074074074 0.4005208333333333 0.4166666666666667 0.40208333333333335 0.4083333333333333 0.4046875 0.4046296296296296 0.40677083333333336 0.40555555555555556
2 0.3776041666666667 0.5425925925925926 0.3776041666666667 0.5527777777777778 0.37447916666666664 0.549074074074074 0.375 0.5435185185185185 0.3770833333333333 0.5425925925925926
2 0.3619791666666667 0.3675925925925926 0.3671875 0.3787037037037037 0.3671875 0.39351851851851855 0.3645833333333333 0.40370370370370373 0.3614583333333333 0.4046296296296296 0.36041666666666666 0.40185185185185185 0.3619791666666667 0.38796296296296295 0.359375 0.37222222222222223 0.3614583333333333 0.3685185185185185
2 0.4109375 0.549074074074074 0.41302083333333334 0.5509259259259259 0.4140625 0.5574074074074075 0.41354166666666664 0.5666666666666667 0.4109375 0.5703703703703704 0.4088541666666667 0.5694444444444444 0.40729166666666666 0.562962962962963 0.4078125 0.5527777777777778 0.41041666666666665 0.549074074074074
2 0.36770833333333336 0.4935185185185185 0.371875 0.5037037037037037 0.3703125 0.5259259259259259 0.365625 0.5287037037037037 0.3619791666666667 0.5166666666666667 0.3619791666666667 0.5037037037037037 0.36354166666666665 0.49722222222222223 0.3671875 0.49444444444444446
2 0.4088541666666667 0.5712962962962963 0.41302083333333334 0.5712962962962963 0.41458333333333336 0.5833333333333334 0.41302083333333334 0.5916666666666667 0.4083333333333333 0.5898148148148148 0.40729166666666666 0.5824074074074074 0.4088541666666667 0.5722222222222222
2 0.36770833333333336 0.5472222222222223 0.3697916666666667 0.5472222222222223 0.3729166666666667 0.5537037037037037 0.37135416666666665 0.5657407407407408 0.3671875 0.5657407407407408 0.365625 0.5564814814814815 0.36770833333333336 0.5481481481481482
2 0.3765625 0.5555555555555556 0.3796875 0.5601851851851852 0.38177083333333334 0.5712962962962963 0.3807291666666667 0.5842592592592593 0.3776041666666667 0.5916666666666667 0.3734375 0.5907407407407408 0.371875 0.5861111111111111 0.37135416666666665 0.5648148148148148 0.37604166666666666 0.5555555555555556
1 0.315625 0.022222222222222223 0.3411458333333333 0.03425925925925926 0.365625 0.040740740740740744 0.36666666666666664 0.06944444444444445 0.36614583333333334 0.08518518518518518 0.3645833333333333 0.08703703703703704 0.32708333333333334 0.06851851851851852 0.3098958333333333 0.06666666666666667 0.303125 0.053703703703703705 0.29583333333333334 0.04722222222222222 0.2953125 0.03518518518518519 0.29791666666666666 0.026851851851851852 0.30520833333333336 0.028703703703703703 0.3104166666666667 0.022222222222222223 0.3151041666666667 0.022222222222222223
1 0.32447916666666665 0.07037037037037037 0.3307291666666667 0.075 0.35260416666666666 0.08148148148148149 0.3651041666666667 0.08981481481481482 0.3651041666666667 0.12777777777777777 0.31927083333333334 0.11388888888888889 0.29375 0.09814814814814815 0.2911458333333333 0.08981481481481482 0.29322916666666665 0.075 0.3046875 0.07685185185185185 0.3140625 0.0712962962962963 0.32395833333333335 0.07037037037037037