0 0.6401041666666667 0.22962962962962963 0.6479166666666667 0.2490740740740741 0.6432291666666666 0.2574074074074074 0.6395833333333333 0.25555555555555554 0.6364583333333333 0.2388888888888889 0.6369791666666667 0.23148148148148148 0.6395833333333333 0.22962962962962963
0 0.6627604166666666 0.5921296296296297 0.008854166666666666 0.025
0 0.6302083333333334 0.3074074074074074 0.6359375 0.3111111111111111 0.6364583333333333 0.31851851851851853 0.6328125 0.325 0.6322916666666667 0.36944444444444446 0.6296875 0.3731481481481482 0.6234375 0.37222222222222223 0.621875 0.3685185185185185 0.6208333333333333 0.3175925925925926 0.6223958333333334 0.30925925925925923 0.6296875 0.3074074074074074
0 0.6734375 0.5074074074074074 0.6786458333333333 0.5120370370370371 0.675 0.5333333333333333 0.6723958333333333 0.5333333333333333 0.6703125 0.5277777777777778 0.6708333333333333 0.5092592592592593 0.6729166666666667 0.5074074074074074
0 0.6083333333333333 0.24444444444444444 0.628125 0.2537037037037037 0.628125 0.26481481481481484 0.625 0.2675925925925926 0.60625 0.2537037037037037 0.5828125 0.24537037037037038 0.58125 0.2351851851851852 0.5838541666666667 0.23055555555555557 0.6078125 0.24444444444444444
0 0.6286458333333333 0.25833333333333336 0.6364583333333333 0.26296296296296295 0.6359375 0.2722222222222222 0.6317708333333333 0.27685185185185185 0.6302083333333334 0.3055555555555556 0.6276041666666666 0.30925925925925923 0.6213541666666667 0.30833333333333335 0.625 0.2712962962962963 0.6208333333333333 0.26851851851851855 0.6265625 0.2657407407407407 0.6286458333333333 0.25925925925925924
0 0.6208333333333333 0.12129629629629629 0.6302083333333334 0.12129629629629629 0.6317708333333333 0.12407407407407407 0.6317708333333333 0.13148148148148148 0.628125 0.13240740740740742 0.6270833333333333 0.24537037037037038 0.6260416666666667 0.25 0.6239583333333333 0.25 0.6213541666666667 0.24814814814814815 0.6223958333333334 0.13240740740740742 0.6208333333333333 0.13148148148148148 0.6208333333333333 0.12222222222222222
0 0.6260416666666667 0.07314814814814814 0.6328125 0.075 0.6322916666666667 0.08518518518518518 0.6291666666666667 0.08611111111111111 0.6296875 0.12037037037037036 0.621875 0.11944444444444445 0.6223958333333334 0.08425925925925926 0.6208333333333333 0.08333333333333333 0.6203125 0.07592592592592592 0.6255208333333333 0.07314814814814814
0 0.6213541666666667 0.37592592592592594 0.6359375 0.37592592592592594 0.6364583333333333 0.3814814814814815 0.6333333333333333 0.3861111111111111 0.6328125 0.39166666666666666 0.6317708333333333 0.4444444444444444 0.6276041666666666 0.44722222222222224 0.6244791666666667 0.44537037037037036 0.6239583333333333 0.4398148148148148 0.6229166666666667 0.4046296296296296 0.6244791666666667 0.387037037037037 0.6208333333333333 0.38425925925925924 0.6213541666666667 0.3768518518518518
0 0.6223958333333334 0.44907407407407407 0.6427083333333333 0.44722222222222224 0.6421875 0.4601851851851852 0.6375 0.4638888888888889 0.6359375 0.5296296296296297 0.6286458333333333 0.5314814814814814 0.6255208333333333 0.5296296296296297 0.6265625 0.46296296296296297 0.6229166666666667 0.4601851851851852 0.6223958333333334 0.45
0 0.6239583333333333 0.5324074074074074 0.6416666666666667 0.5324074074074074 0.6416666666666667 0.5425925925925926 0.6390625 0.5425925925925926 0.6380208333333334 0.549074074074074 0.6380208333333334 0.5861111111111111 0.6364583333333333 0.5925925925925926 0.6328125 0.5935185185185186 0.6265625 0.5907407407407408 0.6255208333333333 0.5416666666666666 0.6239583333333333 0.5398148148148149 0.6239583333333333 0.5333333333333333
0 0.6260416666666667 0.5935185185185186 0.6411458333333333 0.5935185185185186 0.6411458333333333 0.6018518518518519 0.6369791666666667 0.6055555555555555 0.6364583333333333 0.6416666666666667 0.6276041666666666 0.6398148148148148 0.6286458333333333 0.6027777777777777 0.6260416666666667 0.600925925925926 0.6260416666666667 0.5944444444444444
2 0.6572916666666667 0.09444444444444444 0.6609375 0.10740740740740741 0.6609375 0.11944444444444445 0.6578125 0.1287037037037037 0.6541666666666667 0.1259259259259259 0.6515625 0.11388888888888889 0.6520833333333333 0.09722222222222222 0.6536458333333334 0.09351851851851851 0.6567708333333333 0.09444444444444444
2 0.6578125 0.22314814814814815 0.6614583333333334 0.22870370370370371 0.6604166666666667 0.24074074074074073 0.6578125 0.24166666666666667 0.65625 0.23796296296296296 0.6557291666666667 0.22777777777777777 0.6572916666666667 0.22407407407407406
2 0.5192708333333333 0.14722222222222223 0.5244791666666667 0.15555555555555556 0.5270833333333333 0.17407407407407408 0.5255208333333333 0.18796296296296297 0.521875 0.19444444444444445 0.5182291666666666 0.19444444444444445 0.5145833333333333 0.18888888888888888 0.5109375 0.17407407407407408 0.5119791666666667 0.15185185185185185 0.5151041666666667 0.14722222222222223 0.51875 0.14722222222222223
2 0.6020833333333333 0.5296296296296297 0.6020833333333333 0.5407407407407407 0.5994791666666667 0.5398148148148149 0.5989583333333334 0.5361111111111111 0.5994791666666667 0.5305555555555556 0.6015625 0.5296296296296297
2 0.6046875 0.6277777777777778 0.609375 0.6333333333333333 0.6109375 0.6425925925925926 0.6104166666666667 0.6564814814814814 0.6067708333333334 0.6685185185185185 0.6026041666666667 0.6675925925925926 0.5989583333333334 0.6546296296296297 0.5994791666666667 0.6388888888888888 0.6041666666666666 0.6287037037037037
2 0.5578125 0.5138888888888888 0.5536458333333333 0.5092592592592593 0.5515625 0.5018518518518519 0.5526041666666667 0.4824074074074074 0.5552083333333333 0.4777777777777778 0.5598958333333334 0.4777777777777778 0.5625 0.4842592592592593 0.5630208333333333 0.5037037037037037 0.5583333333333333 0.512962962962963
2 0.6411458333333333 0.337037037037037 0.6432291666666666 0.3416666666666667 0.6432291666666666 0.34814814814814815 0.6401041666666667 0.3527777777777778 0.6375 0.3416666666666667 0.640625 0.337037037037037
2 0.65234375 0.4185185185185185 0.0067708333333333336 0.020370370370370372
2 0.56875 0.03888888888888889 0.5723958333333333 0.04537037037037037 0.575 0.06111111111111111 0.5734375 0.07685185185185185 0.5692708333333333 0.0824074074074074 0.5640625 0.07685185185185185 0.5609375 0.06111111111111111 0.5625 0.03981481481481482 0.5645833333333333 0.037037037037037035 0.5682291666666667 0.03888888888888889
2 0.5234375 0.4203703703703704 0.5260416666666666 0.42685185185185187 0.525 0.43425925925925923 0.5223958333333333 0.43425925925925923 0.5208333333333334 0.42962962962962964 0.5229166666666667 0.4203703703703704
2 0.5453125 0.3111111111111111 0.5484375 0.31851851851851853 0.5463541666666667 0.3296296296296296 0.5442708333333334 0.3296296296296296 0.5416666666666666 0.3212962962962963 0.5421875 0.31296296296296294 0.5447916666666667 0.3111111111111111
2 0.6479166666666667 0.4925925925925926 0.6520833333333333 0.49444444444444446 0.6520833333333333 0.5027777777777778 0.6494791666666667 0.5064814814814815 0.6473958333333333 0.5037037037037037 0.6479166666666667 0.4935185185185185
2 0.6192708333333333 0.40370370370370373 0.6223958333333334 0.4046296296296296 0.6208333333333333 0.41574074074074074 0.6192708333333333 0.41388888888888886 0.6192708333333333 0.4046296296296296
2 0.5604166666666667 0.22037037037037038 0.5645833333333333 0.23055555555555557 0.5645833333333333 0.2388888888888889 0.5614583333333333 0.24537037037037038 0.5588541666666667 0.24351851851851852 0.5567708333333333 0.23333333333333334 0.5567708333333333 0.225 0.5598958333333334 0.22037037037037038
2 0.6125 0.3333333333333333 0.6125 0.34444444444444444 0.6098958333333333 0.3425925925925926 0.609375 0.337037037037037 0.6119791666666666 0.3333333333333333
2 0.5947916666666667 0.4412037037037037 0.0125 0.03981481481481482
2 0.540625 0.4148148148148148 0.5453125 0.4212962962962963 0.5442708333333334 0.43703703703703706 0.5421875 0.4398148148148148 0.5380208333333333 0.43425925925925923 0.5375 0.4203703703703704 0.5401041666666667 0.41574074074074074
2 0.6661458333333333 0.3296296296296296 0.6697916666666667 0.3425925925925926 0.6697916666666667 0.3527777777777778 0.6671875 0.362962962962963 0.6630208333333333 0.3592592592592593 0.6614583333333334 0.35 0.6614583333333334 0.33425925925925926 0.665625 0.3296296296296296
2 0.5703125 0.5990740740740741 0.5734375 0.6046296296296296 0.5729166666666666 0.6129629629629629 0.5703125 0.6166666666666667 0.5677083333333334 0.6148148148148148 0.5666666666666667 0.6074074074074074 0.5671875 0.6018518518518519 0.5697916666666667 0.5990740740740741
2 0.5953125 0.6046296296296296 0.5927083333333333 0.5814814814814815 0.5979166666666667 0.5675925925925925 0.6020833333333333 0.5703703703703704 0.6046875 0.5861111111111111 0.6015625 0.6046296296296296 0.5994791666666667 0.6074074074074074 0.5958333333333333 0.6046296296296296
2 0.6151041666666667 0.17222222222222222 0.61875 0.18425925925925926 0.61875 0.19444444444444445 0.6151041666666667 0.2037037037037037 0.6114583333333333 0.2 0.609375 0.18888888888888888 0.6104166666666667 0.17407407407407408 0.6145833333333334 0.17222222222222222
1 0.6338541666666667 0.8444444444444444 0.6734375 0.8583333333333333 0.6885416666666667 0.8592592592592593 0.6953125 0.8657407407407407 0.6989583333333333 0.8740740740740741 0.7041666666666667 0.8768518518518519 0.70625 0.8833333333333333 0.7041666666666667 0.899074074074074 0.6958333333333333 0.899074074074074 0.6911458333333333 0.9055555555555556 0.6364583333333333 0.887962962962963 0.6333333333333333 0.8851851851851852 0.6328125 0.8796296296296297 0.6338541666666667 0.8453703703703703
1 0.6369791666666667 0.8 0.6494791666666667 0.8064814814814815 0.6807291666666667 0.812037037037037 0.7088541666666667 0.8296296296296296 0.7098958333333333 0.8425925925925926 0.7072916666666667 0.850925925925926 0.6963541666666667 0.8490740740740741 0.6786458333333333 0.8546296296296296 0.6541666666666667 0.85 0.634375 0.8398148148148148 0.6328125 0.8314814814814815 0.6328125 0.8046296296296296 0.634375 0.799074074074074 0.6364583333333333 0.8