0 0.5744791666666667 0.4666666666666667 0.5802083333333333 0.47685185185185186 0.5776041666666667 0.49166666666666664 0.5447916666666667 0.487962962962963 0.5322916666666667 0.4981481481481482 0.528125 0.49722222222222223 0.5244791666666667 0.48518518518518516 0.525 0.4666666666666667 0.528125 0.46111111111111114 0.5375 0.4601851851851852 0.5401041666666667 0.4666666666666667 0.5427083333333333 0.4675925925925926 0.5739583333333333 0.4666666666666667
0 0.6083333333333333 0.5296296296296297 0.6109375 0.5342592592592592 0.6078125 0.5444444444444444 0.6098958333333333 0.5962962962962963 0.6078125 0.600925925925926 0.6046875 0.6018518518518519 0.6 0.5981481481481481 0.5989583333333334 0.5527777777777778 0.5947916666666667 0.5342592592592592 0.6026041666666667 0.5287037037037037 0.6078125 0.5296296296296297
0 0.5864583333333333 0.7379629629629629 0.5927083333333333 0.7435185185185185 0.5953125 0.7518518518518519 0.5895833333333333 0.7648148148148148 0.584375 0.7953703703703704 0.5807291666666666 0.8055555555555556 0.5734375 0.8027777777777778 0.5713541666666667 0.7935185185185185 0.5770833333333333 0.7638888888888888 0.5791666666666667 0.7416666666666667 0.58125 0.7379629629629629 0.5859375 0.7379629629629629
0 0.5979166666666667 0.4388888888888889 0.6 0.44166666666666665 0.6005208333333333 0.4527777777777778 0.5911458333333334 0.4583333333333333 0.5859375 0.45740740740740743 0.5859375 0.44907407407407407 0.5911458333333334 0.44166666666666665 0.5973958333333333 0.4388888888888889
0 0.6630208333333333 0.4842592592592593 0.6640625 0.5157407407407407 0.6614583333333334 0.5222222222222223 0.6588541666666666 0.5212962962962963 0.6567708333333333 0.5157407407407407 0.653125 0.4888888888888889 0.6572916666666667 0.48333333333333334 0.6625 0.4842592592592593
0 0.5791666666666667 0.5398148148148149 0.5828125 0.5462962962962963 0.5828125 0.5537037037037037 0.5729166666666666 0.5648148148148148 0.5697916666666667 0.5648148148148148 0.56875 0.5574074074074075 0.5729166666666666 0.5444444444444444 0.5786458333333333 0.5398148148148149
0 0.5911458333333334 0.275 0.59375 0.28055555555555556 0.59375 0.2898148148148148 0.5916666666666667 0.2953703703703704 0.5708333333333333 0.3 0.5609375 0.30833333333333335 0.5567708333333333 0.3074074074074074 0.5541666666666667 0.3 0.5541666666666667 0.28425925925925927 0.5578125 0.27685185185185185 0.571875 0.27870370370370373 0.590625 0.275
0 0.6192708333333333 0.6370370370370371 0.6213541666666667 0.6398148148148148 0.6203125 0.6703703703703704 0.6229166666666667 0.7444444444444445 0.6229166666666667 0.7601851851851852 0.6203125 0.7657407407407407 0.6166666666666667 0.7620370370370371 0.6161458333333333 0.7555555555555555 0.615625 0.712037037037037 0.6109375 0.6462962962962963 0.6119791666666666 0.6388888888888888 0.61875 0.6370370370370371
0 0.5666666666666667 0.6277777777777778 0.5713541666666667 0.6277777777777778 0.584375 0.6425925925925926 0.5848958333333333 0.6509259259259259 0.5791666666666667 0.6620370370370371 0.5739583333333333 0.6601851851851852 0.5609375 0.6407407407407407 0.5609375 0.6333333333333333 0.5661458333333333 0.6277777777777778
0 0.6 0.45555555555555555 0.6041666666666666 0.46296296296296297 0.6041666666666666 0.4703703703703704 0.5984375 0.47962962962962963 0.59375 0.49722222222222223 0.5901041666666667 0.5018518518518519 0.5848958333333333 0.49722222222222223 0.584375 0.48703703703703705 0.5895833333333333 0.4740740740740741 0.5916666666666667 0.4583333333333333 0.5953125 0.4546296296296296 0.5994791666666667 0.45555555555555555
0 0.5614583333333333 0.4898148148148148 0.5630208333333333 0.49722222222222223 0.559375 0.5018518518518519 0.5536458333333333 0.5 0.5520833333333334 0.49074074074074076 0.5609375 0.4898148148148148
0 0.6302083333333334 0.5342592592592592 0.6296875 0.5675925925925925 0.6338541666666667 0.6611111111111111 0.6296875 0.6703703703703704 0.6276041666666666 0.6694444444444444 0.625 0.6592592592592592 0.6239583333333333 0.562962962962963 0.6213541666666667 0.5407407407407407 0.6229166666666667 0.5342592592592592 0.6296875 0.5342592592592592
0 0.6625 0.28888888888888886 0.6666666666666666 0.29259259259259257 0.66875 0.3074074074074074 0.6588541666666666 0.33055555555555555 0.6359375 0.43333333333333335 0.628125 0.42962962962962964 0.6255208333333333 0.42314814814814816 0.6364583333333333 0.3768518518518518 0.64375 0.35833333333333334 0.653125 0.3194444444444444 0.6536458333333334 0.29814814814814816 0.6619791666666667 0.28888888888888886
2 0.5830729166666667 0.5027777777777778 0.009895833333333333 0.025925925925925925
2 0.621875 0.6601851851851852 0.6270833333333333 0.6648148148148149 0.6260416666666667 0.6759259259259259 0.621875 0.6796296296296296 0.621875 0.6611111111111111
2 0.5916666666666667 0.40185185185185185 0.011458333333333333 0.03888888888888889
2 0.6239583333333333 0.42314814814814816 0.6265625 0.42685185185185187 0.6265625 0.4351851851851852 0.6239583333333333 0.43796296296296294 0.6239583333333333 0.42407407407407405
2 0.55 0.45185185185185184 0.005208333333333333 0.014814814814814815
2 0.5848958333333333 0.3314814814814815 0.5864583333333333 0.33425925925925926 0.5864583333333333 0.3425925925925926 0.5848958333333333 0.34444444444444444 0.5828125 0.3425925925925926 0.5828125 0.3333333333333333 0.584375 0.3314814814814815
2 0.5572916666666666 0.7416666666666667 0.5609375 0.75 0.5614583333333333 0.7638888888888888 0.559375 0.7759259259259259 0.5541666666666667 0.7833333333333333 0.5494791666666666 0.7759259259259259 0.5489583333333333 0.7601851851851852 0.5515625 0.7453703703703703 0.5567708333333333 0.7416666666666667
2 0.5802083333333333 0.5736111111111111 0.007291666666666667 0.023148148148148147
2 0.6364583333333333 0.49907407407407406 0.005208333333333333 0.020370370370370372
2 0.6458333333333334 0.6949074074074074 0.008333333333333333 0.03425925925925926
2 0.621875 0.35555555555555557 0.6255208333333333 0.3675925925925926 0.625 0.3851851851851852 0.621875 0.39166666666666666 0.6177083333333333 0.38796296296296295 0.6161458333333333 0.38055555555555554 0.6166666666666667 0.36203703703703705 0.6213541666666667 0.35555555555555557
2 0.6135416666666667 0.32685185185185184 0.6177083333333333 0.3425925925925926 0.6166666666666667 0.35648148148148145 0.6140625 0.36203703703703705 0.6098958333333333 0.3592592592592593 0.6083333333333333 0.3509259259259259 0.6088541666666667 0.3314814814814815 0.6130208333333333 0.32685185185185184
2 0.5825520833333333 0.6990740740740741 0.009895833333333333 0.03333333333333333
2 0.5692708333333333 0.37592592592592594 0.5723958333333333 0.38425925925925924 0.571875 0.39351851851851855 0.5692708333333333 0.39814814814814814 0.565625 0.3925925925925926 0.565625 0.38055555555555554 0.56875 0.37592592592592594
2 0.6453125 0.6425925925925926 0.6479166666666667 0.6444444444444445 0.6479166666666667 0.6518518518518519 0.6453125 0.6527777777777778 0.6453125 0.6435185185185185
2 0.5729166666666666 0.662962962962963 0.5770833333333333 0.674074074074074 0.5770833333333333 0.6861111111111111 0.5755208333333334 0.6944444444444444 0.571875 0.7 0.5692708333333333 0.7 0.5661458333333333 0.6944444444444444 0.565625 0.6787037037037037 0.5677083333333334 0.6675925925925926 0.5723958333333333 0.662962962962963
2 0.6276041666666666 0.6592592592592592 0.6322916666666667 0.6583333333333333 0.6322916666666667 0.6444444444444445 0.6338541666666667 0.6444444444444445 0.634375 0.6592592592592592 0.6322916666666667 0.6703703703703704 0.6270833333333333 0.6712962962962963 0.6244791666666667 0.6638888888888889 0.6270833333333333 0.6601851851851852
2 0.5338541666666666 0.5574074074074075 0.5359375 0.562037037037037 0.5354166666666667 0.5694444444444444 0.5317708333333333 0.5694444444444444 0.5317708333333333 0.5601851851851852 0.5333333333333333 0.5583333333333333
2 0.5447916666666667 0.42777777777777776 0.5463541666666667 0.43703703703703706 0.5442708333333334 0.44074074074074077 0.5421875 0.43703703703703706 0.5421875 0.43148148148148147 0.5442708333333334 0.42777777777777776
2 0.578125 0.4564814814814815 0.58125 0.462037037037037 0.5822916666666667 0.47314814814814815 0.5807291666666666 0.487962962962963 0.5770833333333333 0.4962962962962963 0.5734375 0.49537037037037035 0.571875 0.49074074074074076 0.5776041666666667 0.4925925925925926 0.5807291666666666 0.4842592592592593 0.5802083333333333 0.47314814814814815 0.5729166666666666 0.4638888888888889 0.5755208333333334 0.45555555555555555 0.5776041666666667 0.4564814814814815
1 0.6760416666666667 0.025 0.6822916666666666 0.03148148148148148 0.6901041666666666 0.030555555555555555 0.6916666666666667 0.03796296296296296 0.6901041666666666 0.05277777777777778 0.6838541666666667 0.05648148148148148 0.6755208333333333 0.07037037037037037 0.65 0.075 0.63125 0.08425925925925926 0.6239583333333333 0.08425925925925926 0.6223958333333334 0.08148148148148149 0.6208333333333333 0.053703703703703705 0.621875 0.04351851851851852 0.6463541666666667 0.03796296296296296 0.6494791666666667 0.03425925925925926 0.6755208333333333 0.025
1 0.6927083333333334 0.07777777777777778 0.6953125 0.0824074074074074 0.6953125 0.0962962962962963 0.6921875 0.10185185185185185 0.684375 0.1037037037037037 0.6671875 0.1175925925925926 0.6380208333333334 0.12407407407407407 0.621875 0.12314814814814815 0.621875 0.09259259259259259 0.6515625 0.07777777777777778 0.66875 0.07685185185185185 0.6817708333333333 0.08148148148148149 0.6921875 0.07777777777777778