0 0.5552083333333333 0.26296296296296295 0.5604166666666667 0.2657407407407407 0.5901041666666667 0.2657407407407407 0.5817708333333333 0.275 0.5604166666666667 0.2777777777777778 0.5557291666666667 0.2814814814814815 0.553125 0.2814814814814815 0.5515625 0.27685185185185185 0.5515625 0.2657407407407407 0.5546875 0.26296296296296295
0 0.45416666666666666 0.4111111111111111 0.46510416666666665 0.4185185185185185 0.4666666666666667 0.42592592592592593 0.46458333333333335 0.42962962962962964 0.44947916666666665 0.42592592592592593 0.4479166666666667 0.41388888888888886 0.44895833333333335 0.4111111111111111 0.45364583333333336 0.4111111111111111
0 0.4244791666666667 0.2175925925925926 0.03229166666666667 0.027777777777777776
0 0.45989583333333334 0.39444444444444443 0.4666666666666667 0.3972222222222222 0.465625 0.4101851851851852 0.4453125 0.4101851851851852 0.4401041666666667 0.4148148148148148 0.4375 0.41388888888888886 0.4354166666666667 0.4083333333333333 0.4375 0.3861111111111111 0.4421875 0.3851851851851852 0.44479166666666664 0.3925925925925926 0.459375 0.39444444444444443
0 0.421875 0.262037037037037 0.43385416666666665 0.26851851851851855 0.43645833333333334 0.275 0.43333333333333335 0.2796296296296296 0.4244791666666667 0.27870370370370373 0.42083333333333334 0.2722222222222222 0.421875 0.26296296296296295
0 0.5885416666666666 0.26944444444444443 0.5927083333333333 0.2712962962962963 0.5963541666666666 0.27870370370370373 0.5942708333333333 0.2898148148148148 0.575 0.30462962962962964 0.5703125 0.30462962962962964 0.5666666666666667 0.29907407407407405 0.565625 0.287962962962963 0.56875 0.27870370370370373 0.5791666666666667 0.27685185185185185 0.5880208333333333 0.27037037037037037
0 0.5567708333333333 0.21944444444444444 0.5619791666666667 0.22870370370370371 0.6526041666666667 0.25092592592592594 0.6546875 0.25277777777777777 0.6552083333333333 0.2601851851851852 0.6520833333333333 0.2657407407407407 0.6302083333333334 0.26481481481481484 0.60625 0.25462962962962965 0.575 0.24814814814814815 0.5604166666666667 0.2462962962962963 0.553125 0.2490740740740741 0.5505208333333333 0.2462962962962963 0.5484375 0.2324074074074074 0.553125 0.22037037037037038 0.55625 0.21944444444444444
0 0.5432291666666667 0.21296296296296297 0.5473958333333333 0.2222222222222222 0.5494791666666666 0.23981481481481481 0.5484375 0.2518518518518518 0.5395833333333333 0.25833333333333336 0.5364583333333334 0.2564814814814815 0.5317708333333333 0.24537037037037038 0.5380208333333333 0.21666666666666667 0.5427083333333333 0.21388888888888888
0 0.39088541666666665 0.43425925925925923 0.013020833333333334 0.025925925925925925
0 0.4270833333333333 0.2861111111111111 0.43125 0.2916666666666667 0.446875 0.2916666666666667 0.44947916666666665 0.29444444444444445 0.44947916666666665 0.3037037037037037 0.4479166666666667 0.3055555555555556 0.4317708333333333 0.30648148148148147 0.428125 0.31203703703703706 0.4244791666666667 0.31203703703703706 0.421875 0.3037037037037037 0.42239583333333336 0.28888888888888886 0.4265625 0.2861111111111111
0 0.5989583333333334 0.2972222222222222 0.5947916666666667 0.29259259259259257 0.5942708333333333 0.287962962962963 0.5953125 0.2796296296296296 0.6005208333333333 0.2759259259259259 0.6171875 0.275 0.6276041666666666 0.27037037037037037 0.6317708333333333 0.2759259259259259 0.6322916666666667 0.28703703703703703 0.6302083333333334 0.2898148148148148 0.5994791666666667 0.2962962962962963
0 0.5104166666666666 0.22777777777777777 0.5302083333333333 0.23796296296296296 0.5317708333333333 0.2490740740740741 0.5083333333333333 0.2462962962962963 0.5098958333333333 0.22777777777777777
0 0.5515625 0.262037037037037 0.6130208333333333 0.26296296296296295 0.6171875 0.2638888888888889 0.6182291666666667 0.26851851851851855 0.5994791666666667 0.27037037037037037 0.5807291666666666 0.26666666666666666 0.5776041666666667 0.275 0.5630208333333333 0.2759259259259259 0.5541666666666667 0.28055555555555556 0.5520833333333334 0.2777777777777778 0.5515625 0.26296296296296295
0 0.625 0.2675925925925926 0.6213541666666667 0.27314814814814814 0.596875 0.27685185185185185 0.5916666666666667 0.27037037037037037 0.5796875 0.27685185185185185 0.578125 0.2759259259259259 0.5786458333333333 0.26944444444444443 0.6244791666666667 0.2675925925925926
2 0.653125 0.3699074074074074 0.014583333333333334 0.012037037037037037
2 0.6447916666666667 0.3675925925925926 0.646875 0.37222222222222223 0.6453125 0.37592592592592594 0.6401041666666667 0.37592592592592594 0.6380208333333334 0.37222222222222223 0.6395833333333333 0.3675925925925926 0.6442708333333333 0.3675925925925926
2 0.6848958333333334 0.462037037037037 0.6932291666666667 0.4675925925925926 0.6973958333333333 0.47685185185185186 0.6958333333333333 0.4842592592592593 0.6895833333333333 0.4888888888888889 0.678125 0.4861111111111111 0.6713541666666667 0.4759259259259259 0.6734375 0.46574074074074073 0.684375 0.462037037037037
2 0.5776041666666667 0.39166666666666666 0.5802083333333333 0.3962962962962963 0.5802083333333333 0.4 0.5776041666666667 0.4027777777777778 0.5703125 0.40185185185185185 0.5677083333333334 0.39814814814814814 0.5677083333333334 0.39444444444444443 0.5708333333333333 0.3907407407407407 0.5770833333333333 0.39166666666666666
2 0.48385416666666664 0.2861111111111111 0.4875 0.29074074074074074 0.484375 0.2962962962962963 0.4796875 0.2962962962962963 0.4765625 0.29259259259259257 0.47760416666666666 0.287962962962963 0.48333333333333334 0.2861111111111111
2 0.4088541666666667 0.26481481481481484 0.4114583333333333 0.2657407407407407 0.4109375 0.27037037037037037 0.40625 0.26851851851851855 0.4083333333333333 0.26481481481481484
2 0.6296875 0.43333333333333335 0.6364583333333333 0.43703703703703706 0.6395833333333333 0.4425925925925926 0.6395833333333333 0.44814814814814813 0.6359375 0.4537037037037037 0.628125 0.4537037037037037 0.6208333333333333 0.44722222222222224 0.6197916666666666 0.44074074074074077 0.6213541666666667 0.43703703703703706 0.6291666666666667 0.43333333333333335
2 0.421875 0.2388888888888889 0.42552083333333335 0.24259259259259258 0.42135416666666664 0.24444444444444444 0.4197916666666667 0.24259259259259258 0.42135416666666664 0.23981481481481481
2 0.48385416666666664 0.30648148148148147 0.48489583333333336 0.3111111111111111 0.4828125 0.3138888888888889 0.47760416666666666 0.31296296296296294 0.47708333333333336 0.30833333333333335 0.4791666666666667 0.3055555555555556 0.48333333333333334 0.30648148148148147
2 0.6932291666666667 0.4148148148148148 0.6979166666666666 0.41759259259259257 0.7005208333333334 0.42314814814814816 0.6994791666666667 0.43148148148148147 0.6942708333333333 0.43703703703703706 0.6848958333333334 0.4351851851851852 0.678125 0.42592592592592593 0.6786458333333333 0.4203703703703704 0.6828125 0.4148148148148148 0.6927083333333334 0.4148148148148148
2 0.4640625 0.34444444444444444 0.4703125 0.3490740740740741 0.471875 0.35555555555555557 0.46770833333333334 0.362962962962963 0.4630208333333333 0.3648148148148148 0.4552083333333333 0.3638888888888889 0.44947916666666665 0.35555555555555557 0.45416666666666666 0.34629629629629627 0.4635416666666667 0.34444444444444444
2 0.40208333333333335 0.387037037037037 0.007291666666666667 0.007407407407407408
2 0.6682291666666667 0.362962962962963 0.6744791666666666 0.36574074074074076 0.678125 0.3731481481481482 0.6760416666666667 0.37962962962962965 0.6723958333333333 0.3814814814814815 0.6645833333333333 0.37962962962962965 0.659375 0.3731481481481482 0.6604166666666667 0.36574074074074076 0.6677083333333333 0.362962962962963
2 0.7072916666666667 0.41574074074074074 0.7109375 0.4212962962962963 0.7098958333333333 0.42592592592592593 0.7072916666666667 0.42685185185185187 0.7010416666666667 0.4222222222222222 0.7020833333333333 0.4166666666666667 0.7067708333333333 0.41574074074074074
2 0.5317708333333333 0.4388888888888889 0.534375 0.4351851851851852 0.5385416666666667 0.4361111111111111 0.5385416666666667 0.4425925925925926 0.5333333333333333 0.4425925925925926 0.5322916666666667 0.4398148148148148
2 0.6 0.41388888888888886 0.6088541666666667 0.4185185185185185 0.6114583333333333 0.42407407407407405 0.609375 0.43425925925925923 0.6026041666666667 0.4388888888888889 0.5942708333333333 0.4361111111111111 0.5880208333333333 0.42685185185185187 0.590625 0.41759259259259257 0.5994791666666667 0.41388888888888886
2 0.6661458333333333 0.44074074074074077 0.675 0.45092592592592595 0.675 0.45740740740740743 0.6682291666666667 0.4648148148148148 0.6546875 0.4601851851851852 0.6505208333333333 0.4527777777777778 0.6510416666666666 0.44537037037037036 0.6541666666666667 0.44166666666666665 0.665625 0.44074074074074077
2 0.6515625 0.39537037037037037 0.6640625 0.40370370370370373 0.6645833333333333 0.412962962962963 0.6588541666666666 0.4185185185185185 0.6515625 0.4185185185185185 0.6421875 0.4111111111111111 0.6421875 0.4009259259259259 0.6510416666666666 0.39537037037037037
2 0.5265625 0.22037037037037038 0.5296875 0.225 0.5291666666666667 0.2361111111111111 0.5104166666666666 0.23148148148148148 0.5104166666666666 0.22685185185185186 0.5135416666666667 0.2222222222222222 0.5260416666666666 0.22037037037037038
2 0.5140625 0.24259259259259258 0.528125 0.24444444444444444 0.5286458333333334 0.24722222222222223 0.5270833333333333 0.25092592592592594 0.5223958333333333 0.2518518518518518 0.5161458333333333 0.24814814814814815 0.5140625 0.24351851851851852
1 0.8606770833333334 0.5361111111111111 0.058854166666666666 0.14814814814814814
1 0.24739583333333334 0.16018518518518518 0.25 0.1712962962962963 0.2578125 0.18796296296296297 0.2604166666666667 0.22962962962962963 0.26614583333333336 0.2722222222222222 0.26458333333333334 0.2824074074074074 0.24895833333333334 0.28425925925925927 0.24270833333333333 0.2824074074074074 0.24010416666666667 0.24166666666666667 0.2375 0.2324074074074074 0.23229166666666667 0.18888888888888888 0.2328125 0.1824074074074074 0.2359375 0.17592592592592593 0.23541666666666666 0.16111111111111112 0.24010416666666667 0.15833333333333333 0.246875 0.16018518518518518
1 0.8544270833333333 0.48055555555555557 0.04739583333333333 0.12407407407407407
1 0.27291666666666664 0.15185185185185185 0.2755208333333333 0.1574074074074074 0.2760416666666667 0.1712962962962963 0.28072916666666664 0.18518518518518517 0.28489583333333335 0.2074074074074074 0.28802083333333334 0.2638888888888889 0.28802083333333334 0.2824074074074074 0.28541666666666665 0.2833333333333333 0.26979166666666665 0.2824074074074074 0.26614583333333336 0.26481481481481484 0.26197916666666665 0.22592592592592592 0.26145833333333335 0.20277777777777778 0.2640625 0.17407407407407408 0.26197916666666665 0.15648148148148147 0.26458333333333334 0.15185185185185185 0.27239583333333334 0.15185185185185185