0 0.5640625 0.175 0.5682291666666667 0.17685185185185184 0.5692708333333333 0.21944444444444444 0.5666666666666667 0.23055555555555557 0.5598958333333334 0.22685185185185186 0.5640625 0.17592592592592593
0 0.5260416666666666 0.28055555555555556 0.5307291666666667 0.2796296296296296 0.5354166666666667 0.28888888888888886 0.5348958333333333 0.2972222222222222 0.5291666666666667 0.3 0.5255208333333333 0.29259259259259257 0.5244791666666667 0.2861111111111111 0.5260416666666666 0.2814814814814815
0 0.453125 0.3074074074074074 0.45625 0.31574074074074077 0.4557291666666667 0.3287037037037037 0.4421875 0.33240740740740743 0.434375 0.33796296296296297 0.4276041666666667 0.33611111111111114 0.4265625 0.3277777777777778 0.428125 0.32407407407407407 0.4432291666666667 0.31574074074074077 0.44895833333333335 0.3055555555555556 0.45260416666666664 0.3074074074074074
0 0.475 0.362962962962963 0.4765625 0.3685185185185185 0.475 0.37407407407407406 0.46875 0.38425925925925924 0.4635416666666667 0.3824074074074074 0.46197916666666666 0.3731481481481482 0.46770833333333334 0.3648148148148148 0.4744791666666667 0.362962962962963
0 0.48385416666666664 0.19444444444444445 0.49114583333333334 0.1962962962962963 0.49114583333333334 0.2064814814814815 0.47604166666666664 0.20833333333333334 0.4708333333333333 0.21203703703703702 0.46875 0.20555555555555555 0.46927083333333336 0.19537037037037036 0.48333333333333334 0.19444444444444445
0 0.446875 0.3685185185185185 0.4510416666666667 0.3712962962962963 0.453125 0.37777777777777777 0.45260416666666664 0.38425925925925924 0.44895833333333335 0.3888888888888889 0.4453125 0.38796296296296295 0.43854166666666666 0.3731481481481482 0.44114583333333335 0.3675925925925926 0.44635416666666666 0.3685185185185185
0 0.3807291666666667 0.22314814814814815 0.3875 0.23055555555555557 0.41875 0.23333333333333334 0.42135416666666664 0.24074074074074073 0.42135416666666664 0.25 0.41875 0.25277777777777777 0.390625 0.25092592592592594 0.3807291666666667 0.2564814814814815 0.3765625 0.25462962962962965 0.37552083333333336 0.24722222222222223 0.3765625 0.22685185185185186 0.3802083333333333 0.22314814814814815
0 0.6171875 0.3055555555555556 0.6197916666666666 0.30648148148148147 0.6213541666666667 0.31203703703703706 0.6197916666666666 0.3212962962962963 0.6119791666666666 0.32222222222222224 0.55625 0.3527777777777778 0.5520833333333334 0.35 0.5520833333333334 0.3453703703703704 0.5546875 0.34074074074074073 0.6104166666666667 0.31203703703703706 0.6166666666666667 0.3055555555555556
0 0.39791666666666664 0.3277777777777778 0.4010416666666667 0.33425925925925926 0.4005208333333333 0.3453703703703704 0.3765625 0.3712962962962963 0.3723958333333333 0.3712962962962963 0.36770833333333336 0.3638888888888889 0.36614583333333334 0.3574074074074074 0.3671875 0.34444444444444444 0.3703125 0.3398148148148148 0.3770833333333333 0.3398148148148148 0.390625 0.3296296296296296 0.39739583333333334 0.3277777777777778
0 0.5161458333333333 0.2388888888888889 0.5197916666666667 0.24444444444444444 0.525 0.275 0.5239583333333333 0.2814814814814815 0.5192708333333333 0.2861111111111111 0.5119791666666667 0.2759259259259259 0.50625 0.2518518518518518 0.509375 0.24074074074074073 0.515625 0.2388888888888889
0 0.6375 0.3 0.6427083333333333 0.30277777777777776 0.6536458333333334 0.3 0.6557291666666667 0.30462962962962964 0.65625 0.3138888888888889 0.6546875 0.32314814814814813 0.6520833333333333 0.32592592592592595 0.6479166666666667 0.32592592592592595 0.6427083333333333 0.31851851851851853 0.628125 0.3138888888888889 0.6260416666666667 0.3074074074074074 0.628125 0.30092592592592593 0.6369791666666667 0.3
0 0.4119791666666667 0.2564814814814815 0.415625 0.26481481481481484 0.4354166666666667 0.2824074074074074 0.4354166666666667 0.2953703703703704 0.40572916666666664 0.27870370370370373 0.4041666666666667 0.2759259259259259 0.40520833333333334 0.262037037037037 0.40677083333333336 0.2574074074074074 0.4114583333333333 0.2564814814814815
0 0.6078125 0.3314814814814815 0.6161458333333333 0.337037037037037 0.6182291666666667 0.3435185185185185 0.6182291666666667 0.3527777777777778 0.6135416666666667 0.36203703703703705 0.6052083333333333 0.36203703703703705 0.5963541666666666 0.37037037037037035 0.5395833333333333 0.45092592592592595 0.5322916666666667 0.44907407407407407 0.5302083333333333 0.4444444444444444 0.5302083333333333 0.4361111111111111 0.5354166666666667 0.42592592592592593 0.6 0.34814814814814815 0.6072916666666667 0.3314814814814815
2 0.54375 0.35694444444444445 0.008333333333333333 0.008333333333333333
2 0.4901041666666667 0.36944444444444446 0.4979166666666667 0.375 0.49947916666666664 0.38425925925925924 0.4953125 0.3907407407407407 0.48854166666666665 0.39444444444444443 0.4796875 0.3907407407407407 0.4765625 0.3861111111111111 0.47604166666666664 0.3787037037037037 0.4796875 0.37222222222222223 0.4895833333333333 0.36944444444444446
2 0.5489583333333333 0.29444444444444445 0.55 0.30277777777777776 0.546875 0.30462962962962964 0.540625 0.3037037037037037 0.5375 0.3 0.5375 0.2962962962962963 0.5427083333333333 0.29259259259259257 0.5484375 0.29444444444444445
2 0.7078125 0.4074074074074074 0.7140625 0.41203703703703703 0.7177083333333333 0.4222222222222222 0.715625 0.4287037037037037 0.7098958333333333 0.43148148148148147 0.6984375 0.4287037037037037 0.6921875 0.4212962962962963 0.6921875 0.4148148148148148 0.6942708333333333 0.4101851851851852 0.7072916666666667 0.4074074074074074
2 0.6276041666666666 0.2601851851851852 0.6317708333333333 0.2657407407407407 0.6317708333333333 0.2712962962962963 0.6270833333333333 0.2759259259259259 0.6177083333333333 0.2759259259259259 0.6119791666666666 0.26944444444444443 0.6125 0.26296296296296295 0.6151041666666667 0.2601851851851852 0.6270833333333333 0.2601851851851852
2 0.6989583333333333 0.3509259259259259 0.7026041666666667 0.35555555555555557 0.7036458333333333 0.36203703703703705 0.696875 0.36944444444444446 0.6848958333333334 0.36666666666666664 0.6807291666666667 0.3611111111111111 0.6802083333333333 0.35462962962962963 0.6822916666666666 0.35 0.6869791666666667 0.34814814814814815 0.6984375 0.3509259259259259
2 0.496875 0.24259259259259258 0.5 0.24444444444444444 0.5026041666666666 0.25092592592592594 0.5015625 0.25462962962962965 0.4979166666666667 0.2564814814814815 0.4890625 0.25555555555555554 0.4869791666666667 0.2518518518518518 0.4890625 0.24444444444444444 0.49635416666666665 0.24259259259259258
2 0.5208333333333334 0.30925925925925923 0.5229166666666667 0.3101851851851852 0.5223958333333333 0.3175925925925926 0.5171875 0.31574074074074077 0.5171875 0.31203703703703706 0.5203125 0.30925925925925923
2 0.4041666666666667 0.42407407407407405 0.40625 0.42777777777777776 0.40572916666666664 0.43148148148148147 0.4015625 0.43425925925925923 0.3984375 0.43148148148148147 0.3984375 0.42777777777777776 0.4036458333333333 0.42407407407407405
2 0.5328125 0.33425925925925926 0.5354166666666667 0.33796296296296297 0.5354166666666667 0.3453703703703704 0.5291666666666667 0.3509259259259259 0.5203125 0.34814814814814815 0.5177083333333333 0.33796296296296297 0.5234375 0.33240740740740743 0.5322916666666667 0.33425925925925926
2 0.6088541666666667 0.21203703703703702 0.6151041666666667 0.21851851851851853 0.6151041666666667 0.22314814814814815 0.6098958333333333 0.22777777777777777 0.6 0.22685185185185186 0.596875 0.2222222222222222 0.5984375 0.21388888888888888 0.6083333333333333 0.21203703703703702
2 0.4859375 0.25092592592592594 0.4869791666666667 0.2611111111111111 0.48125 0.26666666666666666 0.47239583333333335 0.2638888888888889 0.4703125 0.25462962962962965 0.47552083333333334 0.2490740740740741 0.48541666666666666 0.25092592592592594
2 0.5895833333333333 0.3037037037037037 0.5921875 0.30833333333333335 0.5901041666666667 0.3138888888888889 0.5833333333333334 0.3101851851851852 0.5854166666666667 0.3037037037037037 0.5890625 0.3037037037037037
2 0.559375 0.2111111111111111 0.5609375 0.21481481481481482 0.5604166666666667 0.22314814814814815 0.5598958333333334 0.22685185185185186 0.5572916666666666 0.22777777777777777 0.5489583333333333 0.22314814814814815 0.546875 0.21574074074074073 0.5526041666666667 0.2101851851851852 0.5588541666666667 0.2111111111111111
2 0.6744791666666666 0.3712962962962963 0.6817708333333333 0.3787037037037037 0.6822916666666666 0.3861111111111111 0.6802083333333333 0.3907407407407407 0.6739583333333333 0.39351851851851855 0.6635416666666667 0.3907407407407407 0.6583333333333333 0.3824074074074074 0.6588541666666666 0.3768518518518518 0.6625 0.37222222222222223 0.6739583333333333 0.3712962962962963
2 0.5927083333333333 0.2518518518518518 0.5973958333333333 0.25555555555555554 0.5973958333333333 0.2601851851851852 0.5947916666666667 0.26296296296296295 0.5880208333333333 0.262037037037037 0.5864583333333333 0.25833333333333336 0.5880208333333333 0.25277777777777777 0.5921875 0.2518518518518518
2 0.6015625 0.28425925925925927 0.6057291666666667 0.28703703703703703 0.6072916666666667 0.29259259259259257 0.6052083333333333 0.2953703703703704 0.5989583333333334 0.2953703703703704 0.5958333333333333 0.2916666666666667 0.5953125 0.287962962962963 0.5973958333333333 0.28425925925925927 0.6010416666666667 0.28425925925925927
2 0.60625 0.29444444444444445 0.609375 0.2972222222222222 0.609375 0.30277777777777776 0.603125 0.3055555555555556 0.596875 0.3 0.5979166666666667 0.2962962962962963 0.6057291666666667 0.2953703703703704
1 0.8625 0.4324074074074074 0.8671875 0.45925925925925926 0.8552083333333333 0.46111111111111114 0.8463541666666666 0.4703703703703704 0.8416666666666667 0.5027777777777778 0.8380208333333333 0.5185185185185185 0.8354166666666667 0.5203703703703704 0.8328125 0.5185185185185185 0.8296875 0.5009259259259259 0.83125 0.4759259259259259 0.8395833333333333 0.4564814814814815 0.8484375 0.44722222222222224 0.8526041666666667 0.43425925925925923 0.8619791666666666 0.4324074074074074
1 0.26875 0.1287037037037037 0.2734375 0.13333333333333333 0.28177083333333336 0.175 0.2869791666666667 0.23981481481481481 0.28958333333333336 0.24722222222222223 0.28854166666666664 0.2611111111111111 0.27708333333333335 0.262037037037037 0.2713541666666667 0.262037037037037 0.26875 0.25833333333333336 0.2640625 0.23796296296296296 0.2635416666666667 0.22407407407407406 0.25833333333333336 0.1935185185185185 0.25885416666666666 0.1712962962962963 0.26197916666666665 0.14814814814814814 0.2604166666666667 0.13333333333333333 0.2630208333333333 0.12962962962962962 0.2682291666666667 0.1287037037037037
1 0.24427083333333333 0.13703703703703704 0.25625 0.1638888888888889 0.25625 0.18888888888888888 0.2630208333333333 0.22962962962962963 0.2635416666666667 0.2462962962962963 0.26666666666666666 0.25833333333333336 0.265625 0.262037037037037 0.2578125 0.26296296296296295 0.24114583333333334 0.2611111111111111 0.2375 0.21666666666666667 0.23072916666666668 0.1712962962962963 0.23072916666666668 0.16111111111111112 0.23385416666666667 0.15462962962962962 0.23385416666666667 0.1398148148148148 0.23854166666666668 0.1361111111111111 0.24375 0.13703703703703704
1 0.86875 0.46296296296296297 0.8765625 0.4861111111111111 0.8880208333333334 0.5333333333333333 0.8838541666666667 0.5722222222222222 0.8796875 0.5851851851851851 0.8734375 0.5888888888888889 0.8619791666666666 0.5851851851851851 0.8458333333333333 0.5740740740740741 0.8333333333333334 0.5611111111111111 0.8296875 0.5527777777777778 0.8427083333333333 0.5027777777777778 0.846875 0.46944444444444444 0.8583333333333333 0.46111111111111114 0.8682291666666667 0.46296296296296297