0 0.5020833333333333 0.5907407407407408 0.5072916666666667 0.6083333333333333 0.5046875 0.6138888888888889 0.496875 0.6074074074074074 0.4942708333333333 0.6 0.4947916666666667 0.5935185185185186 0.5015625 0.5907407407407408
0 0.4010416666666667 0.6453703703703704 0.40520833333333334 0.65 0.40677083333333336 0.6666666666666666 0.4010416666666667 0.6712962962962963 0.3984375 0.6675925925925926 0.39791666666666664 0.6537037037037037 0.4005208333333333 0.6462962962962963
0 0.5622395833333333 0.7726851851851851 0.016145833333333335 0.03611111111111111
0 0.5713541666666667 0.6453703703703704 0.5822916666666667 0.6703703703703704 0.5822916666666667 0.6805555555555556 0.5786458333333333 0.6851851851851852 0.5635416666666667 0.6712962962962963 0.5572916666666666 0.6611111111111111 0.5578125 0.6509259259259259 0.5609375 0.6435185185185185 0.5677083333333334 0.6416666666666667 0.5708333333333333 0.6453703703703704
0 0.36614583333333334 0.5351851851851852 0.375 0.5462962962962963 0.39739583333333334 0.5638888888888889 0.4005208333333333 0.5703703703703704 0.39947916666666666 0.5787037037037037 0.4015625 0.5842592592592593 0.4161458333333333 0.5962962962962963 0.41770833333333335 0.6027777777777777 0.4114583333333333 0.6064814814814815 0.4078125 0.6037037037037037 0.403125 0.5935185185185186 0.36614583333333334 0.5712962962962963 0.340625 0.5518518518518518 0.3390625 0.5481481481481482 0.340625 0.5388888888888889 0.35625 0.5462962962962963 0.3609375 0.5361111111111111 0.365625 0.5351851851851852
0 0.4109375 0.5648148148148148 0.44114583333333335 0.5851851851851851 0.4421875 0.5990740740740741 0.43645833333333334 0.6111111111111112 0.43072916666666666 0.6101851851851852 0.42604166666666665 0.600925925925926 0.403125 0.5851851851851851 0.4005208333333333 0.5805555555555556 0.40208333333333335 0.5703703703703704 0.40677083333333336 0.5648148148148148 0.41041666666666665 0.5648148148148148
0 0.3140625 0.5888888888888889 0.3875 0.6055555555555555 0.39739583333333334 0.612037037037037 0.4010416666666667 0.6101851851851852 0.409375 0.6148148148148148 0.4317708333333333 0.6148148148148148 0.43333333333333335 0.6185185185185185 0.43385416666666665 0.6351851851851852 0.4328125 0.6435185185185185 0.42916666666666664 0.6518518518518519 0.425 0.6509259259259259 0.421875 0.6425925925925926 0.41822916666666665 0.6407407407407407 0.4015625 0.637962962962963 0.37552083333333336 0.6268518518518519 0.3072916666666667 0.6101851851851852 0.30520833333333336 0.6046296296296296 0.3067708333333333 0.5898148148148148 0.31354166666666666 0.5888888888888889
0 0.39166666666666666 0.7537037037037037 0.40572916666666664 0.7564814814814815 0.4046875 0.7731481481481481 0.39947916666666666 0.7685185185185185 0.38385416666666666 0.7638888888888888 0.38333333333333336 0.7546296296296297 0.39114583333333336 0.7537037037037037
0 0.5471354166666667 0.6282407407407408 0.009895833333333333 0.030555555555555555
0 0.5119791666666667 0.6638888888888889 0.5166666666666667 0.6666666666666666 0.5203125 0.6759259259259259 0.5213541666666667 0.6861111111111111 0.5197916666666667 0.6935185185185185 0.5145833333333333 0.6990740740740741 0.5052083333333334 0.6981481481481482 0.49114583333333334 0.7129629629629629 0.48541666666666666 0.7064814814814815 0.48541666666666666 0.6972222222222222 0.5010416666666667 0.6777777777777778 0.5083333333333333 0.6648148148148149 0.5114583333333333 0.6638888888888889
0 0.3671875 0.5342592592592592 0.37916666666666665 0.5481481481481482 0.39895833333333336 0.5638888888888889 0.4010416666666667 0.5685185185185185 0.4010416666666667 0.575925925925926 0.3984375 0.5814814814814815 0.37552083333333336 0.5657407407407408 0.359375 0.5611111111111111 0.3567708333333333 0.549074074074074 0.3572916666666667 0.5435185185185185 0.359375 0.5361111111111111 0.36666666666666664 0.5342592592592592
0 0.3385416666666667 0.5787037037037037 0.36302083333333335 0.5842592592592593 0.38177083333333334 0.5925925925925926 0.41458333333333336 0.5990740740740741 0.41822916666666665 0.600925925925926 0.41875 0.6046296296296296 0.41822916666666665 0.6101851851851852 0.415625 0.6129629629629629 0.33489583333333334 0.5907407407407408 0.33125 0.5879629629629629 0.33125 0.5805555555555556 0.3380208333333333 0.5787037037037037
0 0.3723958333333333 0.6277777777777778 0.37916666666666665 0.6333333333333333 0.3765625 0.6472222222222223 0.3734375 0.649074074074074 0.36666666666666664 0.6416666666666667 0.3515625 0.6407407407407407 0.34739583333333335 0.6351851851851852 0.3484375 0.6259259259259259 0.3515625 0.6240740740740741 0.371875 0.6277777777777778
2 0.39427083333333335 0.674074074074074 0.39895833333333336 0.6777777777777778 0.3963541666666667 0.6833333333333333 0.390625 0.6814814814814815 0.39010416666666664 0.6768518518518518 0.39375 0.674074074074074
2 0.3958333333333333 0.725 0.39947916666666666 0.7305555555555555 0.3963541666666667 0.7388888888888889 0.38645833333333335 0.7388888888888889 0.3802083333333333 0.7305555555555555 0.38125 0.7268518518518519 0.3875 0.7231481481481481 0.3953125 0.725
2 0.39739583333333334 0.7203703703703703 0.4046875 0.7194444444444444 0.40729166666666666 0.7222222222222222 0.40625 0.7268518518518519 0.4005208333333333 0.7287037037037037 0.3963541666666667 0.7231481481481481 0.39739583333333334 0.7212962962962963
2 0.6036458333333333 0.6342592592592593 0.6057291666666667 0.6398148148148148 0.6010416666666667 0.6453703703703704 0.5953125 0.6444444444444445 0.5932291666666667 0.6388888888888888 0.5953125 0.6342592592592593 0.603125 0.6342592592592593
2 0.5744791666666667 0.6398148148148148 0.5765625 0.6416666666666667 0.5744791666666667 0.6472222222222223 0.5692708333333333 0.6435185185185185 0.5697916666666667 0.6407407407407407 0.5739583333333333 0.6398148148148148
2 0.47760416666666666 0.6907407407407408 0.4822916666666667 0.6944444444444444 0.4828125 0.7 0.47604166666666664 0.7064814814814815 0.4666666666666667 0.7046296296296296 0.4635416666666667 0.700925925925926 0.4630208333333333 0.6953703703703704 0.4661458333333333 0.6907407407407408 0.47708333333333336 0.6907407407407408
2 0.365625 0.6666666666666666 0.3697916666666667 0.6685185185185185 0.3729166666666667 0.674074074074074 0.371875 0.6787037037037037 0.36822916666666666 0.6814814814814815 0.3609375 0.6814814814814815 0.35520833333333335 0.6759259259259259 0.35572916666666665 0.6685185185185185 0.3651041666666667 0.6666666666666666
2 0.390625 0.7486111111111111 0.01875 0.013888888888888888
2 0.5229166666666667 0.6907407407407408 0.5270833333333333 0.6935185185185185 0.5260416666666666 0.7 0.51875 0.6972222222222222 0.5223958333333333 0.6907407407407408
2 0.5807291666666666 0.5990740740740741 0.584375 0.6055555555555555 0.5838541666666667 0.6111111111111112 0.5796875 0.6166666666666667 0.5723958333333333 0.6194444444444445 0.5640625 0.6157407407407407 0.5614583333333333 0.6092592592592593 0.5625 0.6027777777777777 0.5703125 0.5972222222222222 0.5802083333333333 0.5990740740740741
2 0.45677083333333335 0.762962962962963 0.4625 0.7666666666666667 0.4609375 0.7712962962962963 0.453125 0.7703703703703704 0.45260416666666664 0.7638888888888888 0.45625 0.762962962962963
2 0.5572916666666666 0.6638888888888889 0.5578125 0.6675925925925926 0.5552083333333333 0.6694444444444444 0.5510416666666667 0.6685185185185185 0.5505208333333333 0.6648148148148149 0.5567708333333333 0.6638888888888889
2 0.45729166666666665 0.7518518518518519 0.4630208333333333 0.7537037037037037 0.46458333333333335 0.7574074074074074 0.45989583333333334 0.7648148148148148 0.45260416666666664 0.762962962962963 0.45 0.7583333333333333 0.4510416666666667 0.7527777777777778 0.45677083333333335 0.7518518518518519
2 0.41302083333333334 0.6805555555555556 0.421875 0.6842592592592592 0.4244791666666667 0.6888888888888889 0.4239583333333333 0.6935185185185185 0.4192708333333333 0.6981481481481482 0.4114583333333333 0.6981481481481482 0.4046875 0.6916666666666667 0.4041666666666667 0.6861111111111111 0.40572916666666664 0.6833333333333333 0.4125 0.6805555555555556
2 0.48125 0.774074074074074 0.48489583333333336 0.7787037037037037 0.48489583333333336 0.7824074074074074 0.48072916666666665 0.7870370370370371 0.4708333333333333 0.7861111111111111 0.4671875 0.7796296296296297 0.4739583333333333 0.7722222222222223 0.48072916666666665 0.774074074074074
2 0.4453125 0.7560185185185185 0.008333333333333333 0.008333333333333333
2 0.63125 0.5814814814814815 0.63125 0.5879629629629629 0.625 0.5861111111111111 0.6260416666666667 0.5814814814814815 0.6307291666666667 0.5814814814814815
2 0.39739583333333334 0.6898148148148148 0.4015625 0.6916666666666667 0.4046875 0.6981481481481482 0.4036458333333333 0.7037037037037037 0.39895833333333336 0.7074074074074074 0.39114583333333336 0.7064814814814815 0.38645833333333335 0.7 0.3875 0.6925925925925925 0.396875 0.6898148148148148
2 0.45989583333333334 0.5601851851851852 0.4625 0.5555555555555556 0.4666666666666667 0.5564814814814815 0.4666666666666667 0.562962962962963 0.4625 0.5638888888888889 0.46041666666666664 0.5611111111111111
1 0.12864583333333332 0.38981481481481484 0.146875 0.4 0.16458333333333333 0.41574074074074074 0.16822916666666668 0.4212962962962963 0.16875 0.4287037037037037 0.15625 0.4722222222222222 0.15208333333333332 0.5083333333333333 0.14375 0.5157407407407407 0.13333333333333333 0.5157407407407407 0.1296875 0.5222222222222223 0.1265625 0.5388888888888889 0.12291666666666666 0.5416666666666666 0.11614583333333334 0.537962962962963 0.11302083333333333 0.5324074074074074 0.11197916666666667 0.5166666666666667 0.11354166666666667 0.5055555555555555 0.10520833333333333 0.49444444444444446 0.10104166666666667 0.48518518518518516 0.10052083333333334 0.47685185185185186 0.11041666666666666 0.4425925925925926 0.11666666666666667 0.3972222222222222 0.12083333333333333 0.3907407407407407 0.128125 0.38981481481481484
1 0.06041666666666667 0.5555555555555556 0.0640625 0.5555555555555556 0.07395833333333333 0.5638888888888889 0.07708333333333334 0.5712962962962963 0.07395833333333333 0.5944444444444444 0.065625 0.6240740740740741 0.0609375 0.6555555555555556 0.051041666666666666 0.6592592592592592 0.036458333333333336 0.6546296296296297 0.029166666666666667 0.6444444444444445 0.0296875 0.6333333333333333 0.04010416666666667 0.6333333333333333 0.04479166666666667 0.6277777777777778 0.04635416666666667 0.612037037037037 0.0515625 0.5944444444444444 0.05416666666666667 0.575925925925926 0.06041666666666667 0.5564814814814815
1 0.0421875 0.6574074074074074 0.052083333333333336 0.6611111111111111 0.04895833333333333 0.6962962962962963 0.04739583333333333 0.7027777777777777 0.04375 0.7055555555555556 0.029166666666666667 0.7027777777777777 0.023958333333333335 0.6925925925925925 0.025520833333333333 0.6824074074074075 0.030729166666666665 0.674074074074074 0.03333333333333333 0.6601851851851852 0.035416666666666666 0.6564814814814814 0.041666666666666664 0.6574074074074074
1 0.10572916666666667 0.4027777777777778 0.11354166666666667 0.4074074074074074 0.10885416666666667 0.44537037037037036 0.1 0.4759259259259259 0.1 0.48333333333333334 0.10677083333333333 0.5009259259259259 0.10104166666666667 0.5074074074074074 0.09791666666666667 0.5185185185185185 0.09114583333333333 0.5277777777777778 0.08802083333333334 0.5407407407407407 0.08489583333333334 0.5407407407407407 0.0828125 0.5361111111111111 0.08177083333333333 0.5 0.07708333333333334 0.48703703703703705 0.07604166666666666 0.4601851851851852 0.0875 0.4083333333333333 0.09427083333333333 0.4027777777777778 0.10520833333333333 0.4027777777777778
1 0.75 0.7782407407407408 0.035416666666666666 0.12685185185185185
1 0.16458333333333333 0.45740740740740743 0.16822916666666668 0.4638888888888889 0.16927083333333334 0.48518518518518516 0.16770833333333332 0.5 0.1625 0.5157407407407407 0.15572916666666667 0.5259259259259259 0.14947916666666666 0.5305555555555556 0.14583333333333334 0.5407407407407407 0.1390625 0.5509259259259259 0.13697916666666668 0.5768518518518518 0.12395833333333334 0.5805555555555556 0.11041666666666666 0.5768518518518518 0.1078125 0.5731481481481482 0.11145833333333334 0.5666666666666667 0.1203125 0.562962962962963 0.1234375 0.5462962962962963 0.12708333333333333 0.5398148148148149 0.1328125 0.5185185185185185 0.14375 0.5175925925925926 0.15260416666666668 0.5083333333333333 0.16041666666666668 0.4601851851851852 0.1640625 0.4583333333333333
1 0.7083333333333334 0.7166666666666667 0.7291666666666666 0.7166666666666667 0.734375 0.7472222222222222 0.7385416666666667 0.7888888888888889 0.7354166666666667 0.8240740740740741 0.7375 0.8416666666666667 0.734375 0.8472222222222222 0.7260416666666667 0.8462962962962963 0.7145833333333333 0.7925925925925926 0.7088541666666667 0.7175925925925926
1 0.027083333333333334 0.6333333333333333 0.028645833333333332 0.6351851851851852 0.028645833333333332 0.6435185185185185 0.03333333333333333 0.6546296296296297 0.030208333333333334 0.6722222222222223 0.0203125 0.6805555555555556 0.013020833333333334 0.6787037037037037 0.011458333333333333 0.6685185185185185 0.022395833333333334 0.6342592592592593 0.0265625 0.6333333333333333
1 0.16666666666666666 0.45925925925925926 0.16927083333333334 0.47685185185185186 0.16666666666666666 0.5046296296296297 0.16145833333333334 0.5185185185185185 0.14479166666666668 0.5361111111111111 0.14375 0.5425925925925926 0.14479166666666668 0.5175925925925926 0.15052083333333333 0.5120370370370371 0.153125 0.5055555555555555 0.1609375 0.4583333333333333 0.16614583333333333 0.45925925925925926
1 0.06041666666666667 0.5425925925925926 0.058854166666666666 0.5648148148148148 0.04791666666666667 0.6055555555555555 0.044270833333333336 0.6296296296296297 0.03802083333333333 0.6333333333333333 0.022916666666666665 0.6314814814814815 0.025520833333333333 0.6129629629629629 0.036458333333333336 0.5777777777777777 0.05677083333333333 0.5416666666666666 0.059895833333333336 0.5425925925925926