0 0.49270833333333336 0.387037037037037 0.4979166666666667 0.3861111111111111 0.5052083333333334 0.3990740740740741 0.5046875 0.40555555555555556 0.4973958333333333 0.4083333333333333 0.4947916666666667 0.4027777777777778 0.49270833333333336 0.38796296296296295
0 0.5984375 0.3277777777777778 0.6020833333333333 0.33796296296296297 0.6005208333333333 0.3509259259259259 0.5984375 0.3537037037037037 0.5953125 0.35185185185185186 0.5921875 0.33796296296296297 0.5947916666666667 0.3287037037037037 0.5979166666666667 0.3287037037037037
0 0.43776041666666665 0.2273148148148148 0.016145833333333335 0.03611111111111111
0 0.425 0.31574074074074077 0.4421875 0.33796296296296297 0.440625 0.35185185185185186 0.4354166666666667 0.3574074074074074 0.4270833333333333 0.3527777777777778 0.41822916666666665 0.3333333333333333 0.4166666666666667 0.325 0.41770833333333335 0.31666666666666665 0.42083333333333334 0.3138888888888889 0.4244791666666667 0.31574074074074077
0 0.5895833333333333 0.39351851851851855 0.5963541666666666 0.40555555555555556 0.6333333333333333 0.42777777777777776 0.6588541666666666 0.44722222222222224 0.6604166666666667 0.45092592592592595 0.6588541666666666 0.4601851851851852 0.6432291666666666 0.4527777777777778 0.6375 0.4638888888888889 0.6333333333333333 0.4638888888888889 0.6244791666666667 0.4527777777777778 0.6020833333333333 0.4351851851851852 0.5989583333333334 0.4287037037037037 0.6 0.4203703703703704 0.5979166666666667 0.4148148148148148 0.5833333333333334 0.4027777777777778 0.5817708333333333 0.3962962962962963 0.5890625 0.39351851851851855
0 0.5671875 0.38796296296296295 0.5734375 0.39814814814814814 0.5921875 0.4101851851851852 0.5989583333333334 0.4185185185185185 0.5973958333333333 0.4287037037037037 0.5927083333333333 0.43425925925925923 0.5885416666666666 0.43425925925925923 0.5682291666666667 0.41944444444444445 0.5598958333333334 0.4166666666666667 0.5572916666666666 0.4111111111111111 0.5572916666666666 0.4 0.5619791666666667 0.3888888888888889 0.5666666666666667 0.38796296296296295
0 0.5734375 0.3472222222222222 0.5776041666666667 0.35648148148148145 0.58125 0.35833333333333334 0.5979166666666667 0.3611111111111111 0.6239583333333333 0.37222222222222223 0.6921875 0.3888888888888889 0.6942708333333333 0.3990740740740741 0.6927083333333334 0.40925925925925927 0.6901041666666666 0.4111111111111111 0.6119791666666666 0.39351851851851855 0.6020833333333333 0.387037037037037 0.5984375 0.3888888888888889 0.5901041666666667 0.38425925925925924 0.5677083333333334 0.38425925925925924 0.565625 0.375 0.5661458333333333 0.3592592592592593 0.56875 0.3490740740740741 0.5729166666666666 0.3472222222222222
0 0.596875 0.22592592592592592 0.6 0.23055555555555557 0.615625 0.2351851851851852 0.6166666666666667 0.24166666666666667 0.6151041666666667 0.24537037037037038 0.59375 0.24259259259259258 0.59375 0.22777777777777777 0.5963541666666666 0.22592592592592592
0 0.4546875 0.3574074074074074 0.45729166666666665 0.36574074074074076 0.45729166666666665 0.38055555555555554 0.45364583333333336 0.3861111111111111 0.44947916666666665 0.37777777777777777 0.4479166666666667 0.362962962962963 0.44947916666666665 0.35833333333333334 0.45416666666666666 0.3574074074074074
0 0.5083333333333333 0.2861111111111111 0.5140625 0.29259259259259257 0.5140625 0.30185185185185187 0.4984375 0.3212962962962963 0.49114583333333334 0.33425925925925926 0.48541666666666666 0.33425925925925926 0.48072916666666665 0.3287037037037037 0.478125 0.31666666666666665 0.4796875 0.3055555555555556 0.48489583333333336 0.3 0.4942708333333333 0.30092592592592593 0.5078125 0.28703703703703703
0 0.6036458333333333 0.4185185185185185 0.6239583333333333 0.43333333333333335 0.6401041666666667 0.43796296296296294 0.6427083333333333 0.4527777777777778 0.6401041666666667 0.46296296296296297 0.6369791666666667 0.46574074074074073 0.6333333333333333 0.46574074074074073 0.6203125 0.45092592592592595 0.6005208333333333 0.4351851851851852 0.5984375 0.4305555555555556 0.5989583333333334 0.41944444444444445 0.603125 0.4185185185185185
0 0.5880208333333333 0.3861111111111111 0.6015625 0.3925925925925926 0.6364583333333333 0.3990740740740741 0.6645833333333333 0.4083333333333333 0.66875 0.41388888888888886 0.6661458333333333 0.4203703703703704 0.5848958333333333 0.4 0.58125 0.39814814814814814 0.5807291666666666 0.3907407407407407 0.5822916666666667 0.387037037037037 0.5875 0.3861111111111111
0 0.6229166666666667 0.35185185185185186 0.6265625 0.35 0.6328125 0.3574074074074074 0.6505208333333333 0.3592592592592593 0.6520833333333333 0.3638888888888889 0.6510416666666666 0.3731481481481482 0.6479166666666667 0.375 0.6244791666666667 0.37037037037037035 0.6203125 0.36574074074074076 0.6229166666666667 0.3527777777777778
2 0.6052083333333333 0.32083333333333336 0.009375 0.010185185185185186
2 0.615625 0.262037037037037 0.6192708333333333 0.26851851851851855 0.6182291666666667 0.2722222222222222 0.6119791666666666 0.2759259259259259 0.6020833333333333 0.27314814814814814 0.6 0.26666666666666666 0.603125 0.2601851851851852 0.6151041666666667 0.262037037037037
2 0.6010416666666667 0.27314814814814814 0.603125 0.2759259259259259 0.6005208333333333 0.2796296296296296 0.5921875 0.27685185185185185 0.5947916666666667 0.2712962962962963 0.5989583333333334 0.27037037037037037 0.6005208333333333 0.27314814814814814
2 0.4041666666666667 0.35462962962962963 0.40625 0.3592592592592593 0.40572916666666664 0.362962962962963 0.4015625 0.36574074074074076 0.3958333333333333 0.3648148148148148 0.39375 0.3592592592592593 0.3984375 0.3537037037037037 0.4036458333333333 0.35462962962962963
2 0.42604166666666665 0.35185185185185186 0.43020833333333336 0.35555555555555557 0.4270833333333333 0.3592592592592593 0.42291666666666666 0.3574074074074074 0.42552083333333335 0.35185185185185186
2 0.53125 0.2935185185185185 0.5359375 0.29814814814814816 0.5364583333333334 0.3037037037037037 0.5296875 0.30925925925925923 0.51875 0.30648148148148147 0.5166666666666667 0.3037037037037037 0.5166666666666667 0.29907407407407405 0.5234375 0.29259259259259257 0.5307291666666667 0.2935185185185185
2 0.6385416666666667 0.3175925925925926 0.6427083333333333 0.32037037037037036 0.6447916666666667 0.32592592592592595 0.6411458333333333 0.33240740740740743 0.63125 0.3314814814814815 0.6265625 0.325 0.6291666666666667 0.31851851851851853 0.6380208333333334 0.3175925925925926
2 0.609375 0.2513888888888889 0.01875 0.013888888888888888
2 0.47239583333333335 0.3 0.478125 0.29907407407407405 0.48072916666666665 0.30185185185185187 0.4765625 0.30833333333333335 0.47291666666666665 0.30648148148148147 0.47239583333333335 0.30092592592592593
2 0.42916666666666664 0.37962962962962965 0.4354166666666667 0.38333333333333336 0.43802083333333336 0.38981481481481484 0.43645833333333334 0.3972222222222222 0.42916666666666664 0.40185185185185185 0.42135416666666664 0.40185185185185185 0.41510416666666666 0.39351851851851855 0.41770833333333335 0.38425925925925924 0.42864583333333334 0.37962962962962965
2 0.5463541666666667 0.22870370370370371 0.5473958333333333 0.23333333333333334 0.5458333333333333 0.2361111111111111 0.5369791666666667 0.2324074074074074 0.5385416666666667 0.22777777777777777 0.5458333333333333 0.22870370370370371
2 0.4473958333333333 0.3296296296296296 0.44895833333333335 0.33425925925925926 0.446875 0.33611111111111114 0.4432291666666667 0.33611111111111114 0.44166666666666665 0.3314814814814815 0.446875 0.3296296296296296
2 0.5453125 0.2351851851851852 0.5494791666666666 0.24074074074074073 0.5484375 0.2462962962962963 0.5453125 0.24722222222222223 0.5364583333333334 0.24537037037037038 0.5348958333333333 0.24166666666666667 0.5380208333333333 0.2351851851851852 0.5447916666666667 0.2351851851851852
2 0.5901041666666667 0.30185185185185187 0.5947916666666667 0.3074074074074074 0.5953125 0.31296296296296294 0.5885416666666666 0.31851851851851853 0.5776041666666667 0.3148148148148148 0.575 0.3074074074074074 0.5802083333333333 0.30092592592592593 0.5895833333333333 0.30185185185185187
2 0.5286458333333334 0.21296296296296297 0.5322916666666667 0.22037037037037038 0.5255208333333333 0.22685185185185186 0.5161458333333333 0.22314814814814815 0.5145833333333333 0.21666666666666667 0.51875 0.21203703703703702 0.528125 0.21296296296296297
2 0.5567708333333333 0.23981481481481481 0.5583333333333333 0.24351851851851852 0.5567708333333333 0.24722222222222223 0.5505208333333333 0.24444444444444444 0.5515625 0.23981481481481481 0.55625 0.23981481481481481
2 0.37109375 0.4152777777777778 0.0078125 0.008333333333333333
2 0.6057291666666667 0.2916666666666667 0.6130208333333333 0.29907407407407405 0.6125 0.3055555555555556 0.6083333333333333 0.30925925925925923 0.5979166666666667 0.3074074074074074 0.5947916666666667 0.30092592592592593 0.5973958333333333 0.2935185185185185 0.6052083333333333 0.2916666666666667
2 0.5380208333333333 0.4361111111111111 0.5395833333333333 0.4388888888888889 0.5369791666666667 0.44351851851851853 0.5328125 0.4425925925925926 0.5317708333333333 0.43796296296296294 0.5375 0.4361111111111111
1 0.8765625 0.45740740740740743 0.8833333333333333 0.46111111111111114 0.8864583333333333 0.4666666666666667 0.8875 0.4824074074074074 0.8859375 0.4935185185185185 0.8942708333333333 0.5046296296296297 0.8989583333333333 0.5166666666666667 0.8984375 0.5259259259259259 0.8890625 0.5564814814814815 0.8828125 0.6018518518518519 0.8770833333333333 0.6092592592592593 0.8625 0.6055555555555555 0.8348958333333333 0.5833333333333334 0.8307291666666666 0.575 0.83125 0.5675925925925925 0.8432291666666667 0.5268518518518519 0.8473958333333333 0.49074074074074076 0.8557291666666667 0.48333333333333334 0.8661458333333333 0.48333333333333334 0.8697916666666666 0.47685185185185186 0.8729166666666667 0.4601851851851852 0.8760416666666667 0.4583333333333333
1 0.9515625 0.34074074074074073 0.9671875 0.34814814814814815 0.9703125 0.35462962962962963 0.9703125 0.3648148148148148 0.959375 0.36574074074074076 0.9546875 0.3712962962962963 0.953125 0.387037037037037 0.9390625 0.44351851851851853 0.9354166666666667 0.44351851851851853 0.9255208333333333 0.4351851851851852 0.9223958333333333 0.42777777777777776 0.9223958333333333 0.4212962962962963 0.9338541666666667 0.375 0.9385416666666667 0.3435185185185185 0.9458333333333333 0.3398148148148148 0.9510416666666667 0.34074074074074073
1 0.9630208333333333 0.2935185185185185 0.9703125 0.2962962962962963 0.9755208333333333 0.30648148148148147 0.9739583333333334 0.31666666666666665 0.96875 0.325 0.9640625 0.3425925925925926 0.9473958333333333 0.33796296296296297 0.9520833333333333 0.2962962962962963 0.9625 0.2935185185185185
1 0.9145833333333333 0.4583333333333333 0.9171875 0.4666666666666667 0.9177083333333333 0.49907407407407406 0.9213541666666667 0.5074074074074074 0.9234375 0.5194444444444445 0.9234375 0.5388888888888889 0.9145833333333333 0.5842592592592593 0.9114583333333334 0.5916666666666667 0.9052083333333333 0.5962962962962963 0.8875 0.5935185185185186 0.8859375 0.5916666666666667 0.8859375 0.5824074074074074 0.890625 0.5537037037037037 0.8994791666666667 0.5231481481481481 0.8994791666666667 0.5157407407407407 0.8927083333333333 0.4981481481481482 0.8984375 0.49166666666666664 0.9015625 0.48055555555555557 0.9083333333333333 0.47129629629629627 0.9104166666666667 0.4601851851851852 0.9140625 0.4583333333333333
1 0.24479166666666666 0.15833333333333333 0.24791666666666667 0.16111111111111112 0.25 0.1712962962962963 0.2578125 0.18796296296296297 0.259375 0.21851851851851853 0.2671875 0.2712962962962963 0.26614583333333336 0.2824074074074074 0.24895833333333334 0.28425925925925927 0.24270833333333333 0.2814814814814815 0.24010416666666667 0.24166666666666667 0.2375 0.23333333333333334 0.23229166666666667 0.19074074074074074 0.2328125 0.1814814814814815 0.2359375 0.175 0.23541666666666666 0.16203703703703703 0.24427083333333333 0.15833333333333333
1 0.8869791666666667 0.4212962962962963 0.8916666666666667 0.425 0.890625 0.42962962962962964 0.8791666666666667 0.4361111111111111 0.8760416666666667 0.4527777777777778 0.8723958333333334 0.45925925925925926 0.8666666666666667 0.48055555555555557 0.8557291666666667 0.48148148148148145 0.846875 0.49074074074074076 0.8390625 0.5388888888888889 0.8348958333333333 0.5416666666666666 0.83125 0.5351851851851852 0.8302083333333333 0.5138888888888888 0.8317708333333333 0.49907407407407406 0.8369791666666667 0.48333333333333334 0.84375 0.47314814814814815 0.85 0.4685185185185185 0.8536458333333333 0.4583333333333333 0.8604166666666667 0.44814814814814813 0.8625 0.4222222222222222 0.86875 0.4185185185185185 0.8864583333333333 0.4212962962962963
1 0.27239583333333334 0.15185185185185185 0.2755208333333333 0.1574074074074074 0.27708333333333335 0.175 0.28489583333333335 0.2064814814814815 0.28802083333333334 0.25925925925925924 0.29010416666666666 0.26481481481481484 0.2911458333333333 0.2824074074074074 0.2875 0.2833333333333333 0.2703125 0.2824074074074074 0.26197916666666665 0.22777777777777777 0.2609375 0.20185185185185187 0.2640625 0.175 0.26197916666666665 0.1574074074074074 0.26510416666666664 0.15185185185185185 0.271875 0.15185185185185185
1 0.984375 0.31851851851851853 0.9880208333333333 0.32314814814814813 0.9880208333333333 0.33055555555555555 0.9755208333333333 0.36574074074074076 0.9708333333333333 0.3638888888888889 0.9708333333333333 0.35555555555555557 0.9661458333333334 0.34444444444444444 0.9713541666666666 0.32314814814814813 0.9838541666666667 0.31851851851851853
1 0.8557291666666667 0.4564814814814815 0.8546875 0.48148148148148145 0.8489583333333334 0.48703703703703705 0.8463541666666666 0.4935185185185185 0.8385416666666666 0.5407407407407407 0.834375 0.5416666666666666 0.8322916666666667 0.5388888888888889 0.8302083333333333 0.5222222222222223 0.8307291666666666 0.5046296296296297 0.8348958333333333 0.487962962962963 0.8427083333333333 0.4740740740740741 0.8546875 0.46296296296296297 0.8557291666666667 0.45740740740740743
1 0.9734375 0.36666666666666664 0.9765625 0.3675925925925926 0.9770833333333333 0.3712962962962963 0.9630208333333333 0.4212962962962963 0.9427083333333334 0.45740740740740743 0.9390625 0.4564814814814815 0.9385416666666667 0.44814814814814813 0.9515625 0.39351851851851855 0.9552083333333333 0.36944444444444446 0.9614583333333333 0.36574074074074076 0.9729166666666667 0.36666666666666664