1 0.8963541666666667 0.4425925925925926 0.8973958333333333 0.44537037037037036 0.8927083333333333 0.4537037037037037 0.8895833333333333 0.46574074074074073 0.8890625 0.4777777777777778 0.8848958333333333 0.4842592592592593 0.8859375 0.4898148148148148 0.88125 0.5046296296296297 0.8697916666666666 0.5055555555555555 0.859375 0.5157407407407407 0.8520833333333333 0.562037037037037 0.8494791666666667 0.5657407407407408 0.8447916666666667 0.5638888888888889 0.8416666666666667 0.5435185185185185 0.8453125 0.512962962962963 0.8526041666666667 0.4981481481481482 0.8598958333333333 0.4925925925925926 0.86875 0.475 0.8744791666666667 0.4685185185185185 0.875 0.44537037037037036 0.8770833333333333 0.44166666666666665 0.8885416666666667 0.4388888888888889 0.8958333333333334 0.4425925925925926
0 0.5328125 0.33611111111111114 0.5375 0.3416666666666667 0.5364583333333334 0.35555555555555557 0.5177083333333333 0.38055555555555554 0.5119791666666667 0.37962962962962965 0.5067708333333333 0.3675925925925926 0.5067708333333333 0.3592592592592593 0.5098958333333333 0.35185185185185186 0.5192708333333333 0.34814814814814815 0.5291666666666667 0.337037037037037 0.5322916666666667 0.337037037037037
0 0.3921875 0.23425925925925925 0.39114583333333336 0.2212962962962963 0.4171875 0.20925925925925926 0.4203125 0.20462962962962963 0.4244791666666667 0.20555555555555555 0.42604166666666665 0.20925925925925926 0.4270833333333333 0.22407407407407406 0.42552083333333335 0.22685185185185186 0.4171875 0.22592592592592592 0.39739583333333334 0.2351851851851852 0.3927083333333333 0.23425925925925925
0 0.6354166666666666 0.43703703703703706 0.0125 0.025925925925925925
0 0.6390625 0.16666666666666666 0.0125 0.1259259259259259
0 0.5328125 0.4185185185185185 0.5359375 0.42407407407407405 0.5364583333333334 0.4351851851851852 0.5239583333333333 0.4388888888888889 0.51875 0.43703703703703706 0.5177083333333333 0.42962962962962964 0.5322916666666667 0.4185185185185185
0 0.4666666666666667 0.20555555555555555 0.471875 0.2064814814814815 0.4734375 0.21203703703703702 0.471875 0.22314814814814815 0.46822916666666664 0.22407407407407406 0.4666666666666667 0.2212962962962963 0.4666666666666667 0.2064814814814815
0 0.60625 0.2324074074074074 0.6114583333333333 0.23425925925925925 0.6145833333333334 0.23981481481481481 0.6145833333333334 0.24537037037037038 0.6109375 0.25462962962962965 0.609375 0.29074074074074074 0.6067708333333334 0.2972222222222222 0.6005208333333333 0.2962962962962963 0.5989583333333334 0.29259259259259257 0.6005208333333333 0.25277777777777777 0.5984375 0.24351851851851852 0.5994791666666667 0.23703703703703705 0.6057291666666667 0.2324074074074074
0 0.47760416666666666 0.11574074074074074 0.48125 0.11944444444444445 0.48854166666666665 0.2972222222222222 0.4921875 0.31851851851851853 0.49166666666666664 0.3287037037037037 0.4869791666666667 0.3333333333333333 0.48020833333333335 0.33240740740740743 0.4765625 0.32592592592592595 0.47760416666666666 0.29074074074074074 0.47291666666666665 0.225 0.47291666666666665 0.1935185185185185 0.46875 0.12222222222222222 0.4703125 0.11851851851851852 0.47708333333333336 0.11574074074074074
0 0.38125 0.2490740740740741 0.384375 0.2537037037037037 0.3828125 0.27870370370370373 0.38385416666666666 0.3175925925925926 0.38125 0.32222222222222224 0.3770833333333333 0.32222222222222224 0.375 0.31574074074074077 0.37552083333333336 0.25462962962962965 0.3765625 0.25092592592592594 0.3807291666666667 0.2490740740740741
0 0.5380208333333333 0.19537037037037036 0.5395833333333333 0.1962962962962963 0.540625 0.20462962962962963 0.540625 0.21388888888888888 0.5380208333333333 0.21851851851851853 0.5328125 0.21388888888888888 0.5177083333333333 0.21574074074074073 0.515625 0.2111111111111111 0.5166666666666667 0.20277777777777778 0.5307291666666667 0.20185185185185187 0.5375 0.19537037037037036
2 0.5661458333333333 0.3 0.5713541666666667 0.29814814814814816 0.575 0.3037037037037037 0.5703125 0.30833333333333335 0.5671875 0.30648148148148147 0.5661458333333333 0.30092592592592593
2 0.5713541666666667 0.32407407407407407 0.5770833333333333 0.32685185185185184 0.5791666666666667 0.3314814814814815 0.578125 0.337037037037037 0.575 0.3398148148148148 0.5666666666666667 0.3388888888888889 0.5619791666666667 0.33425925925925926 0.5640625 0.32592592592592595 0.5708333333333333 0.32407407407407407
2 0.6869791666666667 0.3648148148148148 0.690625 0.36944444444444446 0.6911458333333333 0.37777777777777777 0.6864583333333333 0.38425925925925924 0.6755208333333333 0.3824074074074074 0.6708333333333333 0.37407407407407406 0.6713541666666667 0.3685185185185185 0.6755208333333333 0.362962962962963 0.6864583333333333 0.3648148148148148
2 0.36354166666666665 0.3351851851851852 0.36614583333333334 0.33796296296296297 0.36614583333333334 0.3425925925925926 0.3640625 0.3453703703703704 0.3567708333333333 0.3425925925925926 0.35833333333333334 0.33611111111111114 0.36302083333333335 0.3351851851851852
2 0.5 0.28055555555555556 0.5010416666666667 0.28703703703703703 0.49583333333333335 0.2861111111111111 0.49583333333333335 0.2814814814814815 0.49947916666666664 0.28055555555555556
2 0.6572916666666667 0.4185185185185185 0.6625 0.41759259259259257 0.6645833333333333 0.4203703703703704 0.6635416666666667 0.425 0.6588541666666666 0.425 0.6572916666666667 0.41944444444444445
2 0.42291666666666666 0.28425925925925927 0.4265625 0.2898148148148148 0.42552083333333335 0.2935185185185185 0.42135416666666664 0.2953703703703704 0.4161458333333333 0.2935185185185185 0.41458333333333336 0.28888888888888886 0.4161458333333333 0.2851851851851852 0.42239583333333336 0.28425925925925927
2 0.6395833333333333 0.28425925925925927 0.6447916666666667 0.2861111111111111 0.6494791666666667 0.29259259259259257 0.6489583333333333 0.29907407407407405 0.6442708333333333 0.30277777777777776 0.6359375 0.30185185185185187 0.6291666666666667 0.2962962962962963 0.6307291666666667 0.28703703703703703 0.6390625 0.28425925925925927
2 0.5651041666666666 0.3972222222222222 0.5713541666666667 0.3962962962962963 0.5744791666666667 0.4009259259259259 0.5734375 0.40555555555555556 0.5671875 0.4064814814814815 0.5645833333333333 0.40370370370370373 0.5651041666666666 0.39814814814814814
2 0.35989583333333336 0.4027777777777778 0.36302083333333335 0.4064814814814815 0.3640625 0.41574074074074074 0.3614583333333333 0.4212962962962963 0.3541666666666667 0.425 0.34375 0.42407407407407405 0.340625 0.4203703703703704 0.33958333333333335 0.412962962962963 0.3453125 0.40370370370370373 0.359375 0.4027777777777778
2 0.5713541666666667 0.20462962962962963 0.5744791666666667 0.20925925925925926 0.5729166666666666 0.21203703703703702 0.5661458333333333 0.2101851851851852 0.5661458333333333 0.2064814814814815 0.5708333333333333 0.20462962962962963
2 0.4375 0.42777777777777776 0.44114583333333335 0.43148148148148147 0.44166666666666665 0.43703703703703706 0.43697916666666664 0.44166666666666665 0.43072916666666666 0.44074074074074077 0.428125 0.4361111111111111 0.43020833333333336 0.42962962962962964 0.43697916666666664 0.42777777777777776
2 0.6135416666666667 0.34814814814814815 0.6223958333333334 0.35185185185185186 0.6260416666666667 0.3611111111111111 0.6234375 0.3675925925925926 0.6166666666666667 0.37037037037037035 0.6088541666666667 0.3675925925925926 0.6036458333333333 0.36018518518518516 0.6036458333333333 0.35555555555555557 0.60625 0.3509259259259259 0.6130208333333333 0.34814814814814815
2 0.44947916666666665 0.3 0.453125 0.3037037037037037 0.45364583333333336 0.3101851851851852 0.446875 0.31574074074074077 0.4354166666666667 0.3138888888888889 0.43333333333333335 0.3055555555555556 0.4395833333333333 0.29907407407407405 0.44895833333333335 0.3
2 0.61875 0.37592592592592594 0.6229166666666667 0.38055555555555554 0.6229166666666667 0.3851851851851852 0.6197916666666666 0.38796296296296295 0.6135416666666667 0.387037037037037 0.6104166666666667 0.38333333333333336 0.6119791666666666 0.3768518518518518 0.6182291666666667 0.37592592592592594
2 0.46875 0.48703703703703705 0.4713541666666667 0.49074074074074076 0.46927083333333336 0.4962962962962963 0.4630208333333333 0.4935185185185185 0.4640625 0.487962962962963 0.46822916666666664 0.48703703703703705
2 0.5197916666666667 0.38333333333333336 0.5270833333333333 0.38796296296296295 0.5296875 0.39351851851851855 0.5270833333333333 0.4027777777777778 0.5203125 0.4064814814814815 0.5083333333333333 0.40185185185185185 0.50625 0.3962962962962963 0.5088541666666667 0.387037037037037 0.5192708333333333 0.38333333333333336
2 0.5677083333333334 0.23981481481481481 0.5729166666666666 0.24444444444444444 0.5729166666666666 0.25092592592592594 0.5640625 0.25462962962962965 0.55625 0.2518518518518518 0.5541666666666667 0.24444444444444444 0.5598958333333334 0.2388888888888889 0.5671875 0.23981481481481481
2 0.446875 0.34814814814814815 0.4546875 0.35185185185185186 0.45677083333333335 0.35833333333333334 0.4546875 0.36666666666666664 0.44947916666666665 0.37037037037037035 0.44114583333333335 0.37037037037037035 0.434375 0.36203703703703705 0.4354166666666667 0.35462962962962963 0.44635416666666666 0.34814814814814815
2 0.45364583333333336 0.49166666666666664 0.45364583333333336 0.49907407407407406 0.446875 0.49722222222222223 0.4479166666666667 0.49166666666666664 0.453125 0.49166666666666664
0 0.6546875 0.3416666666666667 0.6598958333333333 0.3425925925925926 0.6625 0.35 0.6609375 0.35648148148148145 0.6515625 0.3675925925925926 0.6473958333333333 0.3611111111111111 0.6536458333333334 0.35 0.6546875 0.3425925925925926
2 0.6489583333333333 0.36574074074074076 0.6505208333333333 0.3675925925925926 0.6489583333333333 0.37222222222222223 0.6458333333333334 0.37222222222222223 0.6427083333333333 0.3675925925925926 0.6442708333333333 0.3648148148148148 0.6484375 0.36574074074074076
1 0.8911458333333333 0.48055555555555557 0.8979166666666667 0.4861111111111111 0.9026041666666667 0.49444444444444446 0.9036458333333334 0.5018518518518519 0.9010416666666666 0.5194444444444445 0.909375 0.5314814814814814 0.9140625 0.5444444444444444 0.9125 0.5564814814814815 0.9041666666666667 0.5805555555555556 0.8973958333333333 0.6287037037037037 0.8911458333333333 0.6388888888888888 0.8838541666666667 0.6388888888888888 0.8635416666666667 0.6268518518518519 0.8489583333333334 0.6138888888888889 0.8421875 0.6018518518518519 0.8432291666666667 0.5916666666666667 0.8541666666666666 0.5564814814814815 0.8609375 0.5138888888888888 0.8692708333333333 0.5074074074074074 0.8807291666666667 0.5083333333333333 0.8869791666666667 0.49166666666666664 0.8869791666666667 0.48333333333333334 0.890625 0.48055555555555557
1 0.9296875 0.48055555555555557 0.9328125 0.49074074074074076 0.9328125 0.525 0.9390625 0.5425925925925926 0.9395833333333333 0.5638888888888889 0.928125 0.6166666666666667 0.9229166666666667 0.6231481481481481 0.9177083333333333 0.625 0.9046875 0.6240740740740741 0.9 0.6194444444444445 0.9057291666666667 0.5777777777777777 0.9145833333333333 0.5509259259259259 0.9145833333333333 0.5425925925925926 0.90625 0.5212962962962963 0.9125 0.5175925925925926 0.9166666666666666 0.5055555555555555 0.9239583333333333 0.49537037037037035 0.9255208333333333 0.48333333333333334 0.9291666666666667 0.48055555555555557
1 0.24427083333333333 0.1787037037037037 0.24947916666666667 0.18518518518518517 0.2520833333333333 0.1935185185185185 0.25729166666666664 0.25925925925925924 0.2625 0.28425925925925927 0.2625 0.2898148148148148 0.24583333333333332 0.2916666666666667 0.2375 0.2916666666666667 0.2359375 0.287962962962963 0.2328125 0.25277777777777777 0.22395833333333334 0.1925925925925926 0.22760416666666666 0.1814814814814815 0.22760416666666666 0.1675925925925926 0.23020833333333332 0.1638888888888889 0.23958333333333334 0.1638888888888889 0.24375 0.1787037037037037
1 0.26458333333333334 0.15462962962962962 0.26875 0.16018518518518518 0.26927083333333335 0.1712962962962963 0.278125 0.20555555555555555 0.2838541666666667 0.2657407407407407 0.2864583333333333 0.2740740740740741 0.2859375 0.28888888888888886 0.278125 0.29074074074074074 0.2640625 0.28888888888888886 0.2557291666666667 0.2351851851851852 0.2552083333333333 0.1925925925925926 0.25729166666666664 0.175 0.2552083333333333 0.15925925925925927 0.2578125 0.15555555555555556 0.2640625 0.15462962962962962
1 0.9973958333333334 0.33055555555555555 0.9994791666666667 0.33240740740740743 0.9994791666666667 0.3768518518518518 0.996875 0.3787037037037037 0.9890625 0.3787037037037037 0.9875 0.36574074074074076 0.9828125 0.35555555555555557 0.9875 0.3351851851851852 0.9911458333333333 0.33055555555555555 0.996875 0.33055555555555555
1 0.9666666666666667 0.35185185185185186 0.9848958333333333 0.36018518518518516 0.9880208333333333 0.36574074074074076 0.9880208333333333 0.375 0.9859375 0.3787037037037037 0.9755208333333333 0.38055555555555554 0.971875 0.3861111111111111 0.9703125 0.40370370370370373 0.9625 0.4287037037037037 0.9609375 0.4425925925925926 0.9541666666666667 0.46111111111111114 0.9411458333333333 0.45 0.9385416666666667 0.44537037037037036 0.9380208333333333 0.4351851851851852 0.9552083333333333 0.35833333333333334 0.9583333333333334 0.3537037037037037 0.9661458333333334 0.35185185185185186
1 0.9817708333333334 0.30185185185185187 0.9916666666666667 0.30925925925925923 0.9932291666666667 0.31851851851851853 0.9916666666666667 0.32592592592592595 0.9864583333333333 0.3333333333333333 0.9822916666666667 0.35185185185185186 0.9791666666666666 0.35462962962962963 0.9635416666666666 0.3509259259259259 0.9625 0.3472222222222222 0.9677083333333333 0.30648148148148147 0.9739583333333334 0.30092592592592593 0.98125 0.30185185185185187
1 0.9890625 0.37962962962962965 0.9994791666666667 0.3824074074074074 0.9994791666666667 0.4462962962962963 0.9947916666666666 0.4527777777777778 0.9911458333333333 0.46944444444444444 0.9864583333333333 0.47685185185185186 0.9838541666666667 0.48703703703703705 0.9770833333333333 0.49166666666666664 0.9692708333333333 0.49074074074074076 0.959375 0.4842592592592593 0.9552083333333333 0.4759259259259259 0.9552083333333333 0.46574074074074073 0.9630208333333333 0.4287037037037037 0.9713541666666666 0.4009259259259259 0.9729166666666667 0.3851851851851852 0.9765625 0.3814814814814815 0.9885416666666667 0.37962962962962965