0 0.7088541666666667 0.2935185185185185 0.7135416666666666 0.30277777777777776 0.7135416666666666 0.3138888888888889 0.7067708333333333 0.32222222222222224 0.69375 0.3296296296296296 0.6880208333333333 0.3296296296296296 0.6854166666666667 0.325 0.6854166666666667 0.3175925925925926 0.7 0.30277777777777776 0.7046875 0.29444444444444445 0.7083333333333334 0.2935185185185185
0 0.5713541666666667 0.23148148148148148 0.5734375 0.23796296296296296 0.571875 0.2712962962962963 0.5734375 0.3 0.5713541666666667 0.3055555555555556 0.5677083333333334 0.3074074074074074 0.5619791666666667 0.30648148148148147 0.559375 0.2962962962962963 0.5625 0.28055555555555556 0.5640625 0.23333333333333334 0.5671875 0.22962962962962963 0.5708333333333333 0.23148148148148148
0 0.4401041666666667 0.20462962962962963 0.45 0.2037037037037037 0.453125 0.2064814814814815 0.4510416666666667 0.21574074074074073 0.4421875 0.21944444444444444 0.4395833333333333 0.21388888888888888 0.4401041666666667 0.20555555555555555
0 0.7572916666666667 0.35462962962962963 0.7604166666666666 0.3592592592592593 0.7609375 0.36944444444444446 0.7557291666666667 0.3787037037037037 0.7432291666666667 0.3907407407407407 0.7364583333333333 0.387037037037037 0.7375 0.3787037037037037 0.7526041666666666 0.35462962962962963 0.7567708333333333 0.35462962962962963
0 0.3958333333333333 0.3435185185185185 0.4005208333333333 0.3527777777777778 0.4010416666666667 0.362962962962963 0.39739583333333334 0.3814814814814815 0.39895833333333336 0.41388888888888886 0.39427083333333335 0.4203703703703704 0.3890625 0.41944444444444445 0.3854166666666667 0.4101851851851852 0.3848958333333333 0.37592592592592594 0.3802083333333333 0.36574074074074076 0.3796875 0.35833333333333334 0.38385416666666666 0.34444444444444444 0.3953125 0.3435185185185185
0 0.4739583333333333 0.22777777777777777 0.4703125 0.22407407407407406 0.46979166666666666 0.21481481481481482 0.47291666666666665 0.2111111111111111 0.47708333333333336 0.21203703703703702 0.4786458333333333 0.22407407407407406 0.4744791666666667 0.22685185185185186
0 0.46197916666666666 0.16944444444444445 0.4666666666666667 0.175 0.4864583333333333 0.1787037037037037 0.4864583333333333 0.1935185185185185 0.48489583333333336 0.1962962962962963 0.4578125 0.1935185185185185 0.45625 0.18888888888888888 0.45677083333333335 0.17222222222222222 0.4583333333333333 0.1685185185185185 0.46145833333333336 0.16944444444444445
0 0.515625 0.3574074074074074 0.5192708333333333 0.36203703703703705 0.51875 0.36944444444444446 0.515625 0.37222222222222223 0.4546875 0.39166666666666666 0.4421875 0.4009259259259259 0.4390625 0.4 0.43645833333333334 0.39444444444444443 0.4359375 0.3814814814814815 0.4375 0.3787037037037037 0.446875 0.3814814814814815 0.5151041666666667 0.3574074074074074
0 0.5901041666666667 0.1574074074074074 0.5911458333333334 0.20555555555555555 0.5895833333333333 0.2111111111111111 0.5864583333333333 0.21296296296296297 0.578125 0.2111111111111111 0.5776041666666667 0.19814814814814816 0.5796875 0.1925925925925926 0.5822916666666667 0.15925925925925927 0.584375 0.15648148148148147 0.5895833333333333 0.1574074074074074
0 0.6822916666666666 0.2361111111111111 0.7036458333333333 0.23796296296296296 0.709375 0.23425925925925925 0.709375 0.25277777777777777 0.703125 0.24722222222222223 0.690625 0.24722222222222223 0.6833333333333333 0.23796296296296296 0.6640625 0.23796296296296296 0.6588541666666666 0.24814814814814815 0.6536458333333334 0.24814814814814815 0.6505208333333333 0.24259259259259258 0.6364583333333333 0.24259259259259258 0.6354166666666666 0.23796296296296296 0.6817708333333333 0.2361111111111111
0 0.6375 0.24259259259259258 0.653125 0.24444444444444444 0.6526041666666667 0.2537037037037037 0.6401041666666667 0.2537037037037037 0.6380208333333334 0.25092592592592594 0.6375 0.24351851851851852
0 0.6692708333333334 0.2361111111111111 0.6848958333333334 0.2388888888888889 0.6890625 0.24537037037037038 0.6890625 0.25092592592592594 0.6859375 0.2564814814814815 0.6666666666666666 0.2611111111111111 0.6614583333333334 0.2574074074074074 0.6604166666666667 0.2462962962962963 0.6640625 0.23703703703703705 0.66875 0.2361111111111111
2 0.6520833333333333 0.21481481481481482 0.6541666666666667 0.21944444444444444 0.6520833333333333 0.22407407407407406 0.6432291666666666 0.2212962962962963 0.6447916666666667 0.21481481481481482 0.6515625 0.21481481481481482
2 0.5015625 0.42777777777777776 0.5083333333333333 0.4305555555555556 0.5130208333333334 0.43796296296296294 0.5119791666666667 0.44814814814814813 0.5057291666666667 0.4537037037037037 0.49375 0.4527777777777778 0.48854166666666665 0.44537037037037036 0.4895833333333333 0.43425925925925923 0.5010416666666667 0.42777777777777776
2 0.4401041666666667 0.28055555555555556 0.4421875 0.2833333333333333 0.4427083333333333 0.2898148148148148 0.43802083333333336 0.2962962962962963 0.4270833333333333 0.29444444444444445 0.425 0.29074074074074074 0.425 0.2851851851851852 0.43125 0.2796296296296296 0.4395833333333333 0.28055555555555556
2 0.6734375 0.28703703703703703 0.6796875 0.2898148148148148 0.6828125 0.2962962962962963 0.6828125 0.3 0.678125 0.30462962962962964 0.6708333333333333 0.3037037037037037 0.6651041666666667 0.2972222222222222 0.6671875 0.28888888888888886 0.6729166666666667 0.28703703703703703
2 0.428125 0.40185185185185185 0.43072916666666666 0.40925925925925927 0.4276041666666667 0.41388888888888886 0.421875 0.412962962962963 0.4203125 0.40925925925925927 0.42239583333333336 0.4027777777777778 0.4276041666666667 0.40185185185185185
2 0.5161458333333333 0.3851851851851852 0.5166666666666667 0.39351851851851855 0.5130208333333334 0.3962962962962963 0.5083333333333333 0.39444444444444443 0.5067708333333333 0.3888888888888889 0.509375 0.38425925925925924 0.515625 0.3851851851851852
2 0.6854166666666667 0.4185185185185185 0.6921875 0.42407407407407405 0.6958333333333333 0.43425925925925923 0.6942708333333333 0.44166666666666665 0.690625 0.4444444444444444 0.675 0.44074074074074077 0.6697916666666667 0.4305555555555556 0.6703125 0.425 0.6744791666666666 0.41944444444444445 0.6848958333333334 0.4185185185185185
2 0.7645833333333333 0.44537037037037036 0.7708333333333334 0.44814814814814813 0.778125 0.45925925925925926 0.778125 0.4685185185185185 0.7708333333333334 0.4740740740740741 0.759375 0.47129629629629627 0.7510416666666667 0.4601851851851852 0.7515625 0.45185185185185184 0.7541666666666667 0.44722222222222224 0.7640625 0.44537037037037036
2 0.5401041666666667 0.4212962962962963 0.5473958333333333 0.425 0.5515625 0.43425925925925923 0.5510416666666667 0.4425925925925926 0.5442708333333334 0.44907407407407407 0.5322916666666667 0.44722222222222224 0.5270833333333333 0.4388888888888889 0.528125 0.42777777777777776 0.5395833333333333 0.4212962962962963
2 0.4791666666666667 0.26851851851851855 0.4791666666666667 0.26481481481481484 0.48385416666666664 0.2601851851851852 0.48802083333333335 0.2611111111111111 0.490625 0.26851851851851855 0.48802083333333335 0.2722222222222222 0.4796875 0.26851851851851855
2 0.4557291666666667 0.42592592592592593 0.45729166666666665 0.4324074074074074 0.4546875 0.43425925925925923 0.45 0.4324074074074074 0.45 0.42777777777777776 0.4552083333333333 0.42592592592592593
2 0.5916666666666667 0.29907407407407405 0.5953125 0.30185185185185187 0.5953125 0.30648148148148147 0.5895833333333333 0.30648148148148147 0.5890625 0.30092592592592593 0.5911458333333334 0.3
2 0.4817708333333333 0.31203703703703706 0.48333333333333334 0.3138888888888889 0.4817708333333333 0.31851851851851853 0.4765625 0.31666666666666665 0.47760416666666666 0.31203703703703706 0.48125 0.31203703703703706
2 0.5307291666666667 0.2814814814814815 0.5328125 0.28703703703703703 0.5296875 0.29074074074074074 0.5234375 0.2861111111111111 0.5260416666666666 0.28055555555555556 0.5302083333333333 0.2814814814814815
2 0.6223958333333334 0.325 0.6234375 0.3314814814814815 0.6203125 0.33425925925925926 0.6145833333333334 0.33240740740740743 0.6135416666666667 0.32685185185185184 0.615625 0.32407407407407407 0.621875 0.325
2 0.625 0.425 0.6333333333333333 0.4287037037037037 0.6390625 0.4388888888888889 0.6390625 0.44537037037037036 0.6364583333333333 0.45 0.6296875 0.4537037037037037 0.6197916666666666 0.45092592592592595 0.6135416666666667 0.4398148148148148 0.6151041666666667 0.4305555555555556 0.6244791666666667 0.425
2 0.5505208333333333 0.32407407407407407 0.5510416666666667 0.3277777777777778 0.5489583333333333 0.33055555555555555 0.5447916666666667 0.3287037037037037 0.5442708333333334 0.325 0.55 0.32407407407407407
2 0.621875 0.26851851851851855 0.6276041666666666 0.2777777777777778 0.6270833333333333 0.2824074074074074 0.6229166666666667 0.28703703703703703 0.6125 0.2861111111111111 0.6088541666666667 0.2833333333333333 0.60625 0.2759259259259259 0.6109375 0.26851851851851855 0.6213541666666667 0.26851851851851855
2 0.6791666666666667 0.3787037037037037 0.6838541666666667 0.3851851851851852 0.6833333333333333 0.3907407407407407 0.6802083333333333 0.3925925925925926 0.6729166666666667 0.3907407407407407 0.6703125 0.3861111111111111 0.671875 0.37962962962962965 0.6786458333333333 0.3787037037037037
2 0.45625 0.31296296296296294 0.4609375 0.3175925925925926 0.46041666666666664 0.32407407407407407 0.45260416666666664 0.32592592592592595 0.44947916666666665 0.32314814814814813 0.44895833333333335 0.3175925925925926 0.4505208333333333 0.3148148148148148 0.4557291666666667 0.3138888888888889
2 0.51875 0.19907407407407407 0.5255208333333333 0.20462962962962963 0.5255208333333333 0.21203703703703702 0.51875 0.21666666666666667 0.5083333333333333 0.21203703703703702 0.5083333333333333 0.20277777777777778 0.5182291666666666 0.2
1 0.9494791666666667 0.4962962962962963 0.9598958333333333 0.5101851851851852 0.9609375 0.5194444444444445 0.9578125 0.5370370370370371 0.9682291666666667 0.5537037037037037 0.9713541666666666 0.5694444444444444 0.9614583333333333 0.5925925925925926 0.9494791666666667 0.6509259259259259 0.9427083333333334 0.6592592592592592 0.9286458333333333 0.6546296296296297 0.9036458333333334 0.6342592592592593 0.89375 0.6203703703703703 0.8932291666666666 0.6111111111111112 0.9072916666666667 0.5675925925925925 0.9140625 0.5305555555555556 0.9177083333333333 0.525 0.9239583333333333 0.5222222222222223 0.9375 0.5231481481481481 0.940625 0.5175925925925926 0.9442708333333333 0.4981481481481482 0.9458333333333333 0.49537037037037035 0.9489583333333333 0.4962962962962963
1 0.9901041666666667 0.5 0.9921875 0.5074074074074074 0.9916666666666667 0.5462962962962963 0.996875 0.5648148148148148 0.9973958333333334 0.5851851851851851 0.9833333333333333 0.6370370370370371 0.978125 0.6435185185185185 0.9729166666666667 0.6453703703703704 0.9619791666666667 0.6453703703703704 0.9541666666666667 0.6407407407407407 0.9552083333333333 0.6240740740740741 0.959375 0.6046296296296296 0.971875 0.5722222222222222 0.9703125 0.5574074074074075 0.9614583333333333 0.5388888888888889 0.971875 0.5314814814814814 0.9760416666666667 0.5212962962962963 0.9822916666666667 0.5138888888888888 0.9848958333333333 0.5009259259259259 0.9895833333333334 0.5
1 0.9432291666666667 0.45092592592592595 0.9630208333333333 0.4583333333333333 0.9635416666666666 0.46574074074074073 0.9567708333333333 0.46574074074074073 0.9510416666666667 0.4703703703703704 0.9463541666666667 0.48703703703703705 0.9473958333333333 0.49444444444444446 0.9427083333333334 0.4981481481481482 0.9421875 0.5074074074074074 0.9369791666666667 0.5212962962962963 0.9234375 0.5203703703703704 0.9135416666666667 0.5287037037037037 0.9078125 0.5611111111111111 0.9010416666666666 0.5814814814814815 0.8973958333333333 0.5805555555555556 0.8942708333333333 0.5703703703703704 0.89375 0.5527777777777778 0.8973958333333333 0.5296296296296297 0.9046875 0.5120370370370371 0.9161458333333333 0.5037037037037037 0.9223958333333333 0.4898148148148148 0.9296875 0.4824074074074074 0.934375 0.4527777777777778 0.9427083333333334 0.45092592592592595
1 0.2911458333333333 0.15 0.296875 0.1648148148148148 0.3026041666666667 0.2351851851851852 0.30572916666666666 0.25462962962962965 0.30572916666666666 0.262037037037037 0.29739583333333336 0.2638888888888889 0.2838541666666667 0.26296296296296295 0.28125 0.25833333333333336 0.2713541666666667 0.1648148148148148 0.275 0.15185185185185185 0.27447916666666666 0.1388888888888889 0.27708333333333335 0.13425925925925927 0.2859375 0.13425925925925927 0.290625 0.15
1 0.3140625 0.1287037037037037 0.31614583333333335 0.15 0.3234375 0.17592592592592593 0.3265625 0.2064814814814815 0.3302083333333333 0.2611111111111111 0.32447916666666665 0.2638888888888889 0.30885416666666665 0.262037037037037 0.303125 0.22592592592592592 0.3 0.18518518518518517 0.30052083333333335 0.1638888888888889 0.303125 0.15092592592592594 0.3015625 0.13333333333333333 0.30572916666666666 0.12685185185185185 0.31354166666666666 0.1287037037037037