0 0.49270833333333336 0.35833333333333334 0.4947916666666667 0.3611111111111111 0.49270833333333336 0.41944444444444445 0.4979166666666667 0.4351851851851852 0.4984375 0.4462962962962963 0.4953125 0.4527777777777778 0.49114583333333334 0.45555555555555555 0.4796875 0.4537037037037037 0.47708333333333336 0.4462962962962963 0.47708333333333336 0.4324074074074074 0.48072916666666665 0.42777777777777776 0.48125 0.42314814814814816 0.48020833333333335 0.3685185185185185 0.484375 0.3574074074074074 0.4921875 0.35833333333333334
0 0.51875 0.30185185185185187 0.5244791666666667 0.3074074074074074 0.5536458333333333 0.3037037037037037 0.55625 0.3074074074074074 0.5557291666666667 0.32037037037037036 0.5291666666666667 0.32314814814814813 0.51875 0.33055555555555555 0.515625 0.31666666666666665 0.5161458333333333 0.30648148148148147 0.5182291666666666 0.30277777777777776
0 0.6432291666666666 0.33055555555555555 0.6484375 0.3398148148148148 0.665625 0.3490740740740741 0.6713541666666667 0.35555555555555557 0.6697916666666667 0.3685185185185185 0.6661458333333333 0.37222222222222223 0.6338541666666667 0.35648148148148145 0.6333333333333333 0.3453703703703704 0.6354166666666666 0.337037037037037 0.6385416666666667 0.33055555555555555 0.6427083333333333 0.33055555555555555
0 0.47291666666666665 0.32037037037037036 0.47604166666666664 0.337037037037037 0.47552083333333334 0.34629629629629627 0.4739583333333333 0.34814814814814815 0.46979166666666666 0.34444444444444444 0.46510416666666665 0.33055555555555555 0.4666666666666667 0.3212962962962963 0.47239583333333335 0.32037037037037036
0 0.5083333333333333 0.2074074074074074 0.5114583333333333 0.20925925925925926 0.5104166666666666 0.21851851851851853 0.49583333333333335 0.22685185185185186 0.49114583333333334 0.22407407407407406 0.490625 0.20925925925925926 0.5078125 0.20833333333333334
0 0.5296875 0.35185185185185186 0.5359375 0.36944444444444446 0.534375 0.3768518518518518 0.5276041666666667 0.3731481481481482 0.521875 0.3638888888888889 0.521875 0.35833333333333334 0.5244791666666667 0.3527777777777778 0.5291666666666667 0.35185185185185186
0 0.38125 0.33240740740740743 0.38333333333333336 0.3333333333333333 0.3854166666666667 0.34074074074074073 0.38697916666666665 0.3731481481481482 0.39166666666666666 0.3907407407407407 0.39010416666666664 0.4 0.38385416666666666 0.40370370370370373 0.3765625 0.40185185185185185 0.3734375 0.39351851851851855 0.375 0.3712962962962963 0.3729166666666667 0.337037037037037 0.37604166666666666 0.33240740740740743 0.3807291666666667 0.33240740740740743
0 0.6479166666666667 0.2814814814814815 0.6489583333333333 0.2861111111111111 0.646875 0.2916666666666667 0.6067708333333334 0.2953703703703704 0.5817708333333333 0.30185185185185187 0.578125 0.30092592592592593 0.5765625 0.2962962962962963 0.578125 0.2833333333333333 0.5953125 0.2851851851851852 0.6473958333333333 0.2814814814814815
0 0.5854166666666667 0.3490740740740741 0.5901041666666667 0.35555555555555557 0.590625 0.362962962962963 0.5776041666666667 0.39166666666666666 0.571875 0.3861111111111111 0.5713541666666667 0.37222222222222223 0.5744791666666667 0.36666666666666664 0.578125 0.3509259259259259 0.5807291666666666 0.34814814814814815 0.5848958333333333 0.3490740740740741
0 0.48125 0.31296296296296294 0.48802083333333335 0.32407407407407407 0.5 0.33611111111111114 0.5 0.34444444444444444 0.4953125 0.35 0.475 0.33425925925925926 0.4739583333333333 0.32314814814814813 0.47708333333333336 0.31574074074074077 0.48072916666666665 0.31296296296296294
0 0.4979166666666667 0.387037037037037 0.5 0.38981481481481484 0.5005208333333333 0.4 0.496875 0.4064814814814815 0.4942708333333333 0.4064814814814815 0.49322916666666666 0.39351851851851855 0.4947916666666667 0.387037037037037 0.4973958333333333 0.387037037037037
0 0.5901041666666667 0.2611111111111111 0.5932291666666667 0.26296296296296295 0.5953125 0.26944444444444443 0.5890625 0.27685185185185185 0.5348958333333333 0.27870370370370373 0.5223958333333333 0.2833333333333333 0.51875 0.28055555555555556 0.5192708333333333 0.26666666666666666 0.5375 0.26851851851851855 0.5895833333333333 0.2611111111111111
0 0.39114583333333336 0.19907407407407407 0.4041666666666667 0.21666666666666667 0.46197916666666666 0.2574074074074074 0.45989583333333334 0.2712962962962963 0.45625 0.2759259259259259 0.43020833333333336 0.2564814814814815 0.4197916666666667 0.24351851851851852 0.39791666666666664 0.22685185185185186 0.3859375 0.22592592592592592 0.3807291666666667 0.2101851851851852 0.3828125 0.20277777777777778 0.390625 0.19907407407407407
2 0.5020833333333333 0.3435185185185185 0.5083333333333333 0.35 0.5083333333333333 0.35555555555555557 0.5015625 0.36018518518518516 0.49635416666666665 0.35833333333333334 0.4942708333333333 0.3527777777777778 0.5015625 0.3435185185185185
2 0.5963541666666666 0.27314814814814814 0.6005208333333333 0.27870370370370373 0.6005208333333333 0.2824074074074074 0.5979166666666667 0.28425925925925927 0.5895833333333333 0.2824074074074074 0.5921875 0.27314814814814814 0.5958333333333333 0.27314814814814814
2 0.4473958333333333 0.32685185185185184 0.45260416666666664 0.3296296296296296 0.4552083333333333 0.3388888888888889 0.44583333333333336 0.34629629629629627 0.4348958333333333 0.3416666666666667 0.43385416666666665 0.33425925925925926 0.4395833333333333 0.3277777777777778 0.446875 0.32685185185185184
2 0.45625 0.27870370370370373 0.4583333333333333 0.2740740740740741 0.4630208333333333 0.2740740740740741 0.46458333333333335 0.27870370370370373 0.45677083333333335 0.27870370370370373
2 0.4739583333333333 0.4064814814814815 0.4765625 0.4111111111111111 0.4739583333333333 0.4148148148148148 0.46875 0.4111111111111111 0.4734375 0.4064814814814815
2 0.40859375 0.3490740740740741 0.0078125 0.007407407407407408
2 0.6479166666666667 0.38981481481481484 0.6546875 0.39351851851851855 0.6583333333333333 0.4 0.6578125 0.4074074074074074 0.6520833333333333 0.41203703703703703 0.640625 0.4101851851851852 0.6354166666666666 0.4027777777777778 0.6369791666666667 0.39351851851851855 0.6473958333333333 0.38981481481481484
2 0.5432291666666667 0.3509259259259259 0.5473958333333333 0.35555555555555557 0.5447916666666667 0.362962962962963 0.5380208333333333 0.362962962962963 0.5348958333333333 0.35833333333333334 0.5369791666666667 0.35185185185185186 0.5427083333333333 0.3509259259259259
2 0.503125 0.2537037037037037 0.5046875 0.2574074074074074 0.503125 0.2611111111111111 0.49583333333333335 0.2611111111111111 0.49375 0.25833333333333336 0.49635416666666665 0.25277777777777777 0.5026041666666666 0.2537037037037037
2 0.6130208333333333 0.23333333333333334 0.61875 0.23981481481481481 0.6177083333333333 0.24537037037037038 0.6135416666666667 0.24722222222222223 0.6046875 0.2462962962962963 0.6 0.24074074074074073 0.6026041666666667 0.23425925925925925 0.6125 0.23333333333333334
2 0.4348958333333333 0.27685185185185185 0.4375 0.2796296296296296 0.43854166666666666 0.2861111111111111 0.4322916666666667 0.29259259259259257 0.421875 0.2916666666666667 0.41822916666666665 0.2861111111111111 0.41822916666666665 0.2824074074074074 0.425 0.2759259259259259 0.434375 0.27685185185185185
2 0.41510416666666666 0.2898148148148148 0.421875 0.2962962962962963 0.4203125 0.3037037037037037 0.415625 0.30648148148148147 0.4046875 0.3055555555555556 0.4015625 0.3 0.40520833333333334 0.29259259259259257 0.41458333333333336 0.2898148148148148
2 0.6130208333333333 0.34444444444444444 0.6208333333333333 0.35185185185185186 0.6208333333333333 0.35648148148148145 0.6161458333333333 0.3611111111111111 0.6072916666666667 0.36018518518518516 0.603125 0.35555555555555557 0.6036458333333333 0.34814814814814815 0.6125 0.34444444444444444
2 0.4375 0.37037037037037035 0.4421875 0.37592592592592594 0.4390625 0.3824074074074074 0.4296875 0.37962962962962965 0.43125 0.37222222222222223 0.43697916666666664 0.37037037037037035
2 0.5848958333333333 0.2361111111111111 0.5854166666666667 0.24074074074074073 0.5796875 0.24074074074074073 0.5807291666666666 0.2361111111111111 0.584375 0.2361111111111111
2 0.6018229166666667 0.3726851851851852 0.021354166666666667 0.021296296296296296
2 0.5921875 0.2611111111111111 0.5958333333333333 0.26481481481481484 0.5963541666666666 0.2712962962962963 0.5916666666666667 0.2777777777777778 0.5895833333333333 0.275 0.5885416666666666 0.2638888888888889 0.5802083333333333 0.26296296296296295 0.5822916666666667 0.2601851851851852 0.5916666666666667 0.2611111111111111
2 0.5317708333333333 0.4388888888888889 0.534375 0.4351851851851852 0.5385416666666667 0.4361111111111111 0.5385416666666667 0.4425925925925926 0.5333333333333333 0.4425925925925926 0.5322916666666667 0.4398148148148148
2 0.4640625 0.4166666666666667 0.4661458333333333 0.4203703703703704 0.4640625 0.42407407407407405 0.4588541666666667 0.4212962962962963 0.459375 0.41759259259259257 0.4635416666666667 0.4166666666666667
2 0.484375 0.3527777777777778 0.4947916666666667 0.3574074074074074 0.4973958333333333 0.36203703703703705 0.496875 0.3685185185185185 0.4942708333333333 0.3712962962962963 0.4953125 0.3611111111111111 0.490625 0.35555555555555557 0.4875 0.35555555555555557 0.484375 0.35648148148148145 0.48020833333333335 0.3675925925925926 0.47708333333333336 0.36944444444444446 0.4744791666666667 0.3648148148148148 0.47552083333333334 0.35833333333333334 0.478125 0.35462962962962963 0.48385416666666664 0.3537037037037037
1 0.8802083333333334 0.4583333333333333 0.8880208333333334 0.4722222222222222 0.8864583333333333 0.49444444444444446 0.8984375 0.5138888888888888 0.8989583333333333 0.5231481481481481 0.8890625 0.5564814814814815 0.8838541666666667 0.5972222222222222 0.8776041666666666 0.6092592592592593 0.8619791666666666 0.6055555555555555 0.8479166666666667 0.5953703703703703 0.8333333333333334 0.5814814814814815 0.8307291666666666 0.5712962962962963 0.8432291666666667 0.5287037037037037 0.8473958333333333 0.49074074074074076 0.8552083333333333 0.48333333333333334 0.8671875 0.4824074074074074 0.8723958333333334 0.4675925925925926 0.8729166666666667 0.45925925925925926 0.8796875 0.4583333333333333
1 0.9151041666666667 0.45925925925925926 0.9177083333333333 0.475 0.9161458333333333 0.49537037037037035 0.921875 0.5120370370370371 0.9234375 0.5398148148148149 0.9130208333333333 0.587037037037037 0.909375 0.5935185185185186 0.9046875 0.5962962962962963 0.8890625 0.5953703703703703 0.8859375 0.5916666666666667 0.8859375 0.5851851851851851 0.8901041666666667 0.5564814814814815 0.9 0.5222222222222223 0.8989583333333333 0.512962962962963 0.8927083333333333 0.4981481481481482 0.8994791666666667 0.49166666666666664 0.9010416666666666 0.48333333333333334 0.9072916666666667 0.4740740740740741 0.9104166666666667 0.4601851851851852 0.9145833333333333 0.45925925925925926
1 0.24635416666666668 0.15925925925925927 0.25 0.17222222222222222 0.2578125 0.18703703703703703 0.2604166666666667 0.2324074074074074 0.265625 0.2657407407407407 0.265625 0.27870370370370373 0.2640625 0.2814814814814815 0.2484375 0.28425925925925927 0.24270833333333333 0.2824074074074074 0.23958333333333334 0.2388888888888889 0.2375 0.23333333333333334 0.23229166666666667 0.18796296296296297 0.2359375 0.175 0.23541666666666666 0.16111111111111112 0.24583333333333332 0.15925925925925927
1 0.8770833333333333 0.41944444444444445 0.8901041666666667 0.42314814814814816 0.890625 0.42777777777777776 0.8859375 0.42777777777777776 0.8869791666666667 0.43148148148148147 0.8833333333333333 0.43148148148148147 0.8791666666666667 0.4361111111111111 0.8760416666666667 0.4527777777777778 0.8723958333333334 0.45925925925925926 0.8671875 0.48055555555555557 0.8557291666666667 0.48148148148148145 0.846875 0.49074074074074076 0.8427083333333333 0.5222222222222223 0.8380208333333333 0.5407407407407407 0.8328125 0.5388888888888889 0.8307291666666666 0.5259259259259259 0.83125 0.5027777777777778 0.8348958333333333 0.487962962962963 0.840625 0.47685185185185186 0.8494791666666667 0.4685185185185185 0.8536458333333333 0.45740740740740743 0.8604166666666667 0.44907407407407407 0.8630208333333333 0.4212962962962963 0.8765625 0.41944444444444445
1 0.2734375 0.1527777777777778 0.2838541666666667 0.19814814814814816 0.2864583333333333 0.225 0.2875 0.2824074074074074 0.2838541666666667 0.2833333333333333 0.2703125 0.2824074074074074 0.26197916666666665 0.22962962962962963 0.26145833333333335 0.19907407407407407 0.2640625 0.17592592592592593 0.26197916666666665 0.15648148148148147 0.26458333333333334 0.15185185185185185 0.27291666666666664 0.1527777777777778