0 0.646875 0.33611111111111114 0.65 0.34444444444444444 0.6494791666666667 0.3527777777777778 0.6453125 0.35833333333333334 0.634375 0.36203703703703705 0.628125 0.35833333333333334 0.6286458333333333 0.3509259259259259 0.640625 0.33611111111111114 0.6463541666666667 0.33611111111111114
0 0.5161458333333333 0.11296296296296296 0.521875 0.1111111111111111 0.5239583333333333 0.11666666666666667 0.528125 0.27314814814814814 0.528125 0.2814814814814815 0.5260416666666666 0.28425925925925927 0.5182291666666666 0.28425925925925927 0.5171875 0.2814814814814815 0.51875 0.25462962962962965 0.515625 0.15 0.5161458333333333 0.11388888888888889
0 0.6661458333333333 0.5814814814814815 0.6666666666666666 0.6027777777777777 0.6651041666666667 0.6046296296296296 0.6588541666666666 0.6027777777777777 0.6583333333333333 0.5935185185185186 0.6614583333333334 0.5814814814814815 0.665625 0.5814814814814815
0 0.5614583333333333 0.2740740740740741 0.5671875 0.2796296296296296 0.5671875 0.2851851851851852 0.5635416666666667 0.29074074074074074 0.5598958333333334 0.325 0.5578125 0.3287037037037037 0.5526041666666667 0.32685185185185184 0.5520833333333334 0.3148148148148148 0.5552083333333333 0.2777777777777778 0.5572916666666666 0.2740740740740741 0.5609375 0.2740740740740741
0 0.59375 0.5407407407407407 0.5958333333333333 0.5444444444444444 0.5947916666666667 0.5527777777777778 0.5609375 0.5592592592592592 0.553125 0.5657407407407408 0.5494791666666666 0.5657407407407408 0.546875 0.562037037037037 0.5463541666666667 0.5509259259259259 0.5489583333333333 0.5444444444444444 0.5932291666666667 0.5407407407407407
0 0.6421875 0.412962962962963 0.6442708333333333 0.4185185185185185 0.6395833333333333 0.4287037037037037 0.6390625 0.49166666666666664 0.6354166666666666 0.49537037037037035 0.628125 0.49074074074074076 0.628125 0.4212962962962963 0.63125 0.412962962962963 0.6416666666666667 0.412962962962963
0 0.6265625 0.28703703703703703 0.6291666666666667 0.2935185185185185 0.6286458333333333 0.3037037037037037 0.6239583333333333 0.3111111111111111 0.61875 0.30925925925925923 0.6161458333333333 0.31203703703703706 0.6104166666666667 0.31203703703703706 0.6083333333333333 0.30833333333333335 0.609375 0.3 0.621875 0.2861111111111111 0.6260416666666667 0.28703703703703703
0 0.659375 0.5 0.6645833333333333 0.5055555555555555 0.6645833333333333 0.5203703703703704 0.6682291666666667 0.5388888888888889 0.6682291666666667 0.5481481481481482 0.6645833333333333 0.5527777777777778 0.6583333333333333 0.5481481481481482 0.6489583333333333 0.5101851851851852 0.6515625 0.5027777777777778 0.6588541666666666 0.5
0 0.6260416666666667 0.2537037037037037 0.6286458333333333 0.2574074074074074 0.634375 0.2972222222222222 0.6385416666666667 0.30462962962962964 0.6354166666666666 0.3148148148148148 0.6302083333333334 0.31851851851851853 0.6255208333333333 0.3175925925925926 0.6223958333333334 0.31296296296296294 0.6229166666666667 0.30833333333333335 0.628125 0.30185185185185187 0.6291666666666667 0.2935185185185185 0.6270833333333333 0.28888888888888886 0.6213541666666667 0.2851851851851852 0.6177083333333333 0.26944444444444443 0.6182291666666667 0.25925925925925924 0.6255208333333333 0.2537037037037037
0 0.6244791666666667 0.3990740740740741 0.628125 0.40370370370370373 0.6270833333333333 0.412962962962963 0.6114583333333333 0.4564814814814815 0.6041666666666666 0.4546296296296296 0.6036458333333333 0.44351851851851853 0.615625 0.4046296296296296 0.6208333333333333 0.39814814814814814 0.6239583333333333 0.3990740740740741
0 0.6395833333333333 0.225 0.6463541666666667 0.24444444444444444 0.6458333333333334 0.25 0.6427083333333333 0.25277777777777777 0.6380208333333334 0.2518518518518518 0.6364583333333333 0.2462962962962963 0.6354166666666666 0.22870370370370371 0.6390625 0.225
0 0.6708333333333333 0.5092592592592593 0.6776041666666667 0.5120370370370371 0.6755208333333333 0.5314814814814814 0.6708333333333333 0.5342592592592592 0.6708333333333333 0.5101851851851852
2 0.65625 0.11064814814814815 0.010416666666666666 0.03611111111111111
2 0.6119791666666666 0.3333333333333333 0.6119791666666666 0.34444444444444444 0.6098958333333333 0.34444444444444444 0.6088541666666667 0.34074074074074073 0.609375 0.33425925925925926 0.6114583333333333 0.3333333333333333
2 0.66328125 0.10601851851851851 0.0036458333333333334 0.012037037037037037
2 0.5348958333333333 0.24814814814814815 0.5395833333333333 0.25555555555555554 0.5421875 0.27314814814814814 0.540625 0.287962962962963 0.5364583333333334 0.2935185185185185 0.5296875 0.2861111111111111 0.5276041666666667 0.26944444444444443 0.528125 0.2518518518518518 0.534375 0.24814814814814815
2 0.5239583333333333 0.4212962962962963 0.5260416666666666 0.4287037037037037 0.525 0.4351851851851852 0.521875 0.4351851851851852 0.5203125 0.42962962962962964 0.5208333333333334 0.42314814814814816 0.5234375 0.4212962962962963
2 0.5661458333333333 0.03888888888888889 0.5713541666666667 0.04537037037037037 0.5739583333333333 0.058333333333333334 0.5739583333333333 0.07222222222222222 0.5697916666666667 0.08333333333333333 0.5671875 0.08333333333333333 0.5635416666666667 0.07777777777777778 0.5604166666666667 0.06296296296296296 0.5604166666666667 0.046296296296296294 0.5630208333333333 0.03981481481481482 0.565625 0.03888888888888889
2 0.65234375 0.41898148148148145 0.0067708333333333336 0.019444444444444445
2 0.5479166666666667 0.6194444444444445 0.5515625 0.6185185185185185 0.5536458333333333 0.6240740740740741 0.553125 0.6333333333333333 0.5505208333333333 0.6361111111111111 0.546875 0.6268518518518519 0.5479166666666667 0.6203703703703703
2 0.6036458333333333 0.5277777777777778 0.6041666666666666 0.5388888888888889 0.6005208333333333 0.5351851851851852 0.6010416666666667 0.5287037037037037 0.603125 0.5277777777777778
2 0.6151041666666667 0.6064814814814815 0.61875 0.6138888888888889 0.6197916666666666 0.6277777777777778 0.6171875 0.6416666666666667 0.6145833333333334 0.6453703703703704 0.6104166666666667 0.6416666666666667 0.6083333333333333 0.6296296296296297 0.609375 0.6138888888888889 0.6119791666666666 0.6074074074074074 0.6145833333333334 0.6064814814814815
2 0.5463541666666667 0.44814814814814813 0.5510416666666667 0.44814814814814813 0.553125 0.45555555555555555 0.5520833333333334 0.4685185185185185 0.5494791666666666 0.47129629629629627 0.546875 0.46944444444444444 0.5447916666666667 0.46111111111111114 0.5463541666666667 0.44907407407407407
2 0.5619791666666667 0.6074074074074074 0.565625 0.6064814814814815 0.5677083333333334 0.6092592592592593 0.5671875 0.6203703703703703 0.5635416666666667 0.6231481481481481 0.5614583333333333 0.6175925925925926 0.5619791666666667 0.6083333333333333
2 0.5979166666666667 0.2796296296296296 0.5994791666666667 0.2898148148148148 0.5973958333333333 0.2953703703703704 0.59375 0.28888888888888886 0.5942708333333333 0.28055555555555556 0.5973958333333333 0.2796296296296296
2 0.6598958333333333 0.22592592592592592 0.6609375 0.23796296296296296 0.659375 0.24166666666666667 0.6567708333333333 0.24166666666666667 0.6552083333333333 0.2361111111111111 0.6557291666666667 0.22592592592592592 0.659375 0.22592592592592592
2 0.5880208333333333 0.6194444444444445 0.5921875 0.6259259259259259 0.5932291666666667 0.6342592592592593 0.5927083333333333 0.649074074074074 0.5885416666666666 0.6601851851851852 0.584375 0.6592592592592592 0.58125 0.649074074074074 0.5822916666666667 0.6268518518518519 0.5848958333333333 0.6203703703703703 0.5875 0.6194444444444445
2 0.65 0.4935185185185185 0.6515625 0.5037037037037037 0.6489583333333333 0.5092592592592593 0.646875 0.5037037037037037 0.646875 0.49537037037037035 0.6494791666666667 0.4935185185185185
2 0.5619791666666667 0.4027777777777778 0.565625 0.4064814814814815 0.5682291666666667 0.4185185185185185 0.5671875 0.43796296296296294 0.5630208333333333 0.4444444444444444 0.5572916666666666 0.4398148148148148 0.5546875 0.42314814814814816 0.5578125 0.4046296296296296 0.5614583333333333 0.4027777777777778
2 0.5536458333333333 0.37592592592592594 0.5572916666666666 0.3851851851851852 0.5583333333333333 0.3962962962962963 0.5578125 0.40925925925925927 0.5541666666666667 0.41759259259259257 0.55 0.41759259259259257 0.546875 0.412962962962963 0.54375 0.3972222222222222 0.5458333333333333 0.3787037037037037 0.5484375 0.37407407407407406 0.553125 0.37592592592592594
2 0.675 0.30648148148148147 0.6791666666666667 0.31851851851851853 0.6760416666666667 0.3333333333333333 0.6713541666666667 0.325 0.6713541666666667 0.31203703703703706 0.6744791666666666 0.30648148148148147
2 0.5635416666666667 0.1685185185185185 0.5682291666666667 0.17592592592592593 0.5671875 0.19166666666666668 0.5645833333333333 0.1935185185185185 0.5619791666666667 0.18888888888888888 0.5609375 0.17592592592592593 0.5630208333333333 0.16944444444444445
2 0.615625 0.17407407407407408 0.6197916666666666 0.18703703703703703 0.6197916666666666 0.19537037037037036 0.6166666666666667 0.20462962962962963 0.6119791666666666 0.20092592592592592 0.6098958333333333 0.18703703703703703 0.6109375 0.17592592592592593 0.6151041666666667 0.17407407407407408
1 0.6333333333333333 0.8462962962962963 0.6552083333333333 0.850925925925926 0.6723958333333333 0.8583333333333333 0.6880208333333333 0.8601851851851852 0.6942708333333333 0.8657407407407407 0.6984375 0.875 0.7036458333333333 0.8777777777777778 0.7057291666666666 0.8842592592592593 0.7036458333333333 0.9 0.6953125 0.9 0.6885416666666667 0.9074074074074074 0.6572916666666667 0.8944444444444445 0.6348958333333333 0.8888888888888888 0.6328125 0.8861111111111111 0.6333333333333333 0.8472222222222222
1 0.6333333333333333 0.8055555555555556 0.659375 0.8074074074074075 0.6802083333333333 0.812962962962963 0.6984375 0.8268518518518518 0.70625 0.8287037037037037 0.709375 0.837037037037037 0.7088541666666667 0.8481481481481481 0.7057291666666666 0.8527777777777777 0.6973958333333333 0.8490740740740741 0.6744791666666666 0.8555555555555555 0.6380208333333334 0.8444444444444444 0.6328125 0.8379629629629629 0.6333333333333333 0.8064814814814815