0 0.36666666666666664 0.4222222222222222 0.37447916666666664 0.4203703703703704 0.37604166666666666 0.42314814814814816 0.37864583333333335 0.4537037037037037 0.38125 0.4648148148148148 0.38125 0.47314814814814815 0.37864583333333335 0.4777777777777778 0.37135416666666665 0.47962962962962963 0.36666666666666664 0.4759259259259259 0.36666666666666664 0.42314814814814816
0 0.4119791666666667 0.17314814814814813 0.41302083333333334 0.18425925925925926 0.409375 0.19166666666666668 0.4046875 0.18703703703703703 0.403125 0.17777777777777778 0.40729166666666666 0.17314814814814813 0.4114583333333333 0.17314814814814813
0 0.33880208333333334 0.6587962962962963 0.0109375 0.12129629629629629
0 0.4427083333333333 0.6444444444444445 0.45 0.6509259259259259 0.45989583333333334 0.6675925925925926 0.47291666666666665 0.6796296296296296 0.47604166666666664 0.687037037037037 0.475 0.6972222222222222 0.4713541666666667 0.700925925925926 0.4661458333333333 0.700925925925926 0.4473958333333333 0.6814814814814815 0.4401041666666667 0.6814814814814815 0.434375 0.6759259259259259 0.4328125 0.6703703703703704 0.43385416666666665 0.6564814814814814 0.4421875 0.6453703703703704
0 0.3807291666666667 0.2675925925925926 0.3927083333333333 0.29814814814814816 0.39166666666666666 0.3111111111111111 0.3848958333333333 0.3175925925925926 0.3796875 0.3148148148148148 0.371875 0.28055555555555556 0.37395833333333334 0.26851851851851855 0.3802083333333333 0.2675925925925926
0 0.35104166666666664 0.5555555555555556 0.3541666666666667 0.5342592592592592 0.35989583333333336 0.4398148148148148 0.3625 0.4351851851851852 0.365625 0.4398148148148148 0.365625 0.46111111111111114 0.36041666666666666 0.5185185185185185 0.3609375 0.5518518518518518 0.35833333333333334 0.5583333333333333 0.3515625 0.5555555555555556
0 0.3880208333333333 0.2638888888888889 0.39427083333333335 0.2740740740740741 0.3932291666666667 0.2935185185185185 0.3921875 0.2953703703703704 0.390625 0.29259259259259257 0.38333333333333336 0.275 0.38333333333333336 0.26851851851851855 0.3875 0.26481481481481484
0 0.40208333333333335 0.23981481481481481 0.40625 0.24722222222222223 0.40572916666666664 0.2601851851851852 0.4005208333333333 0.26666666666666666 0.39427083333333335 0.26851851851851855 0.38958333333333334 0.26666666666666666 0.3880208333333333 0.262037037037037 0.3890625 0.25462962962962965 0.3953125 0.24074074074074073 0.4015625 0.23981481481481481
0 0.41458333333333336 0.475 0.4171875 0.47962962962962963 0.4192708333333333 0.5 0.41354166666666664 0.5055555555555555 0.409375 0.5027777777777778 0.409375 0.49537037037037035 0.41041666666666665 0.4777777777777778 0.4140625 0.475
0 0.3625 0.27685185185185185 0.3692708333333333 0.2740740740740741 0.3723958333333333 0.2777777777777778 0.38229166666666664 0.32037037037037036 0.38229166666666664 0.33055555555555555 0.3802083333333333 0.3351851851851852 0.37604166666666666 0.33611111111111114 0.3734375 0.33240740740740743 0.36666666666666664 0.3 0.3609375 0.287962962962963 0.3625 0.2777777777777778
0 0.353125 0.4222222222222222 0.35520833333333335 0.42314814814814816 0.35625 0.4287037037037037 0.3536458333333333 0.45925925925925926 0.35104166666666664 0.4638888888888889 0.34791666666666665 0.4638888888888889 0.3463541666666667 0.4601851851851852 0.3458333333333333 0.425 0.35260416666666666 0.4222222222222222
0 0.40260416666666665 0.2111111111111111 0.40572916666666664 0.2175925925925926 0.40520833333333334 0.23055555555555557 0.40260416666666665 0.23425925925925925 0.3921875 0.23703703703703705 0.3880208333333333 0.2351851851851852 0.3880208333333333 0.22592592592592592 0.39427083333333335 0.21296296296296297 0.39947916666666666 0.20925925925925926 0.40208333333333335 0.2111111111111111
0 0.36822916666666666 0.5787037037037037 0.3729166666666667 0.5824074074074074 0.4041666666666667 0.6287037037037037 0.4140625 0.6314814814814815 0.4192708333333333 0.6388888888888888 0.4192708333333333 0.6555555555555556 0.4161458333333333 0.662962962962963 0.4125 0.6657407407407407 0.4083333333333333 0.6657407407407407 0.4036458333333333 0.6611111111111111 0.3963541666666667 0.6398148148148148 0.36302083333333335 0.5953703703703703 0.3619791666666667 0.5814814814814815 0.36770833333333336 0.5787037037037037
2 0.4786458333333333 0.15462962962962962 0.4817708333333333 0.1638888888888889 0.4817708333333333 0.18055555555555555 0.478125 0.19444444444444445 0.4739583333333333 0.19907407407407407 0.4708333333333333 0.19722222222222222 0.46822916666666664 0.18981481481481483 0.46770833333333334 0.17407407407407408 0.4713541666666667 0.1574074074074074 0.4739583333333333 0.1537037037037037 0.478125 0.15462962962962962
2 0.4317708333333333 0.1527777777777778 0.4354166666666667 0.1574074074074074 0.43645833333333334 0.17685185185185184 0.43125 0.19074074074074074 0.4270833333333333 0.18981481481481483 0.4244791666666667 0.17592592592592593 0.4270833333333333 0.1574074074074074 0.43125 0.1527777777777778
2 0.41354166666666664 0.20925925925925926 0.41510416666666666 0.22314814814814815 0.4125 0.23055555555555557 0.409375 0.22870370370370371 0.4083333333333333 0.21851851851851853 0.409375 0.21296296296296297 0.41302083333333334 0.20925925925925926
2 0.3921875 0.5472222222222223 0.39375 0.5518518518518518 0.3921875 0.5666666666666667 0.39010416666666664 0.5666666666666667 0.3880208333333333 0.5611111111111111 0.3880208333333333 0.5518518518518518 0.39166666666666666 0.5472222222222223
2 0.35104166666666664 0.22592592592592592 0.007291666666666667 0.027777777777777776
2 0.44088541666666664 0.2361111111111111 0.013020833333333334 0.04259259259259259
2 0.4395833333333333 0.5694444444444444 0.4390625 0.5805555555555556 0.43645833333333334 0.5787037037037037 0.43645833333333334 0.5703703703703704 0.4390625 0.5694444444444444
2 0.4114583333333333 0.6157407407407407 0.41458333333333336 0.6175925925925926 0.41458333333333336 0.6268518518518519 0.41302083333333334 0.6287037037037037 0.4109375 0.6240740740740741 0.4114583333333333 0.6166666666666667
2 0.34322916666666664 0.2657407407407407 0.3458333333333333 0.26481481481481484 0.346875 0.26851851851851855 0.3458333333333333 0.2777777777777778 0.34375 0.27870370370370373 0.34322916666666664 0.26666666666666666
2 0.4140625 0.5564814814814815 0.004166666666666667 0.012962962962962963
2 0.4244791666666667 0.175 0.4265625 0.1962962962962963 0.425 0.20833333333333334 0.42135416666666664 0.21296296296296297 0.4166666666666667 0.20555555555555555 0.415625 0.19166666666666668 0.41875 0.1787037037037037 0.421875 0.17407407407407408 0.4239583333333333 0.175
2 0.38697916666666665 0.5175925925925926 0.38958333333333334 0.5388888888888889 0.3880208333333333 0.5462962962962963 0.384375 0.55 0.38125 0.5453703703703704 0.3802083333333333 0.5277777777777778 0.38333333333333336 0.5175925925925926 0.38645833333333335 0.5175925925925926
2 0.42942708333333335 0.1486111111111111 0.0067708333333333336 0.01574074074074074
2 0.409375 0.4203703703703704 0.4125 0.4305555555555556 0.4125 0.4462962962962963 0.4083333333333333 0.4583333333333333 0.4036458333333333 0.4527777777777778 0.40260416666666665 0.43333333333333335 0.40520833333333334 0.4222222222222222 0.4088541666666667 0.4203703703703704
2 0.46822916666666664 0.42962962962962964 0.46822916666666664 0.44074074074074077 0.4661458333333333 0.4425925925925926 0.4640625 0.43425925925925923 0.465625 0.4287037037037037 0.46770833333333334 0.42962962962962964
2 0.36614583333333334 0.6453703703703704 0.3692708333333333 0.65 0.37083333333333335 0.6592592592592592 0.36875 0.6787037037037037 0.3645833333333333 0.6796296296296296 0.3614583333333333 0.6666666666666666 0.3625 0.65 0.365625 0.6462962962962963
2 0.3489583333333333 0.24074074074074073 0.3515625 0.23981481481481481 0.35260416666666666 0.24259259259259258 0.35260416666666666 0.25462962962962965 0.3489583333333333 0.2601851851851852 0.34739583333333335 0.25555555555555554 0.3489583333333333 0.24166666666666667
2 0.4786458333333333 0.2611111111111111 0.4817708333333333 0.26666666666666666 0.4822916666666667 0.28425925925925927 0.47760416666666666 0.2972222222222222 0.4739583333333333 0.2962962962962963 0.471875 0.2916666666666667 0.4713541666666667 0.2740740740740741 0.4739583333333333 0.26481481481481484 0.478125 0.2611111111111111
2 0.440625 0.1787037037037037 0.44375 0.18796296296296297 0.44375 0.20277777777777778 0.44166666666666665 0.21388888888888888 0.43697916666666664 0.21944444444444444 0.4328125 0.20925925925925926 0.4322916666666667 0.1962962962962963 0.43645833333333334 0.17962962962962964 0.4401041666666667 0.1787037037037037
2 0.39375 0.525 0.3958333333333333 0.5277777777777778 0.3953125 0.5398148148148149 0.3927083333333333 0.5407407407407407 0.39114583333333336 0.5361111111111111 0.39114583333333336 0.5296296296296297 0.3932291666666667 0.5259259259259259
1 0.3770833333333333 0.9138888888888889 0.37864583333333335 0.925 0.378125 0.9564814814814815 0.3546875 0.962037037037037 0.328125 0.9740740740740741 0.3223958333333333 0.9740740740740741 0.3177083333333333 0.9685185185185186 0.3104166666666667 0.9694444444444444 0.30885416666666665 0.9648148148148148 0.309375 0.9481481481481482 0.315625 0.9435185185185185 0.32083333333333336 0.9333333333333333 0.3260416666666667 0.9287037037037037 0.34010416666666665 0.9268518518518518 0.3765625 0.9138888888888889
1 0.378125 0.8694444444444445 0.37864583333333335 0.9064814814814814 0.3651041666666667 0.9157407407407407 0.3484375 0.9222222222222223 0.33541666666666664 0.9231481481481482 0.3260416666666667 0.9185185185185185 0.3151041666666667 0.9185185185185185 0.3078125 0.9222222222222223 0.3046875 0.9166666666666666 0.30520833333333336 0.9018518518518519 0.3078125 0.8981481481481481 0.3171875 0.8962962962962963 0.334375 0.8824074074074074 0.365625 0.8759259259259259 0.36875 0.8722222222222222 0.3776041666666667 0.8703703703703703
2 0.33125 0.5481481481481482 0.33489583333333334 0.5481481481481482 0.3338541666666667 0.5583333333333333 0.33177083333333335 0.5574074074074075 0.33125 0.549074074074074