0 0.4200520833333333 0.3907407407407407 0.0140625 0.07592592592592592
0 0.4010416666666667 0.32685185185185184 0.40208333333333335 0.34074074074074073 0.4005208333333333 0.3435185185185185 0.37604166666666666 0.34074074074074073 0.33489583333333334 0.3416666666666667 0.33229166666666665 0.33796296296296297 0.3338541666666667 0.33055555555555555 0.39166666666666666 0.33055555555555555 0.4005208333333333 0.32685185185185184
0 0.5244791666666667 0.27685185185185185 0.5260416666666666 0.2796296296296296 0.5260416666666666 0.39444444444444443 0.5276041666666667 0.4064814814814815 0.5239583333333333 0.4101851851851852 0.51875 0.40925925925925927 0.5171875 0.40555555555555556 0.5192708333333333 0.3925925925925926 0.5197916666666667 0.28055555555555556 0.5213541666666667 0.27685185185185185 0.5239583333333333 0.27685185185185185
0 0.296875 0.462037037037037 0.30052083333333335 0.4666666666666667 0.3026041666666667 0.4759259259259259 0.30052083333333335 0.4842592592592593 0.30104166666666665 0.5037037037037037 0.29739583333333336 0.5101851851851852 0.2916666666666667 0.5064814814814815 0.290625 0.48703703703703705 0.2864583333333333 0.47685185185185186 0.2869791666666667 0.46944444444444444 0.28958333333333336 0.4638888888888889 0.29635416666666664 0.462037037037037
0 0.353125 0.5055555555555555 0.35833333333333334 0.5314814814814814 0.35520833333333335 0.537962962962963 0.35104166666666664 0.537962962962963 0.34791666666666665 0.5333333333333333 0.3484375 0.5083333333333333 0.35260416666666666 0.5055555555555555
0 0.4734375 0.18333333333333332 0.47708333333333336 0.18796296296296297 0.4739583333333333 0.33796296296296297 0.4739583333333333 0.35555555555555557 0.4765625 0.36666666666666664 0.475 0.3768518518518518 0.4713541666666667 0.37962962962962965 0.46458333333333335 0.37962962962962965 0.459375 0.3712962962962963 0.4630208333333333 0.3509259259259259 0.4640625 0.32222222222222224 0.46458333333333335 0.18981481481481483 0.4671875 0.18333333333333332 0.47291666666666665 0.18333333333333332
0 0.34375 0.47685185185185186 0.3463541666666667 0.4703703703703704 0.35208333333333336 0.4703703703703704 0.3541666666666667 0.475 0.3546875 0.49537037037037035 0.35 0.49537037037037035 0.34427083333333336 0.4777777777777778
0 0.421875 0.2898148148148148 0.4244791666666667 0.3277777777777778 0.41875 0.33240740740740743 0.415625 0.33055555555555555 0.4166666666666667 0.29259259259259257 0.41822916666666665 0.28888888888888886 0.42135416666666664 0.2898148148148148
0 0.5953125 0.2851851851851852 0.6052083333333333 0.2861111111111111 0.6041666666666666 0.33611111111111114 0.5958333333333333 0.33611111111111114 0.5916666666666667 0.3296296296296296 0.5916666666666667 0.32222222222222224 0.59375 0.3194444444444444 0.5953125 0.2861111111111111
0 0.6083333333333333 0.22407407407407406 0.6104166666666667 0.22685185185185186 0.6104166666666667 0.23148148148148148 0.6072916666666667 0.2675925925925926 0.609375 0.2759259259259259 0.6078125 0.28425925925925927 0.5947916666666667 0.28055555555555556 0.5953125 0.26851851851851855 0.5979166666666667 0.26666666666666666 0.6005208333333333 0.22592592592592592 0.6015625 0.22314814814814815 0.6078125 0.22407407407407406
2 0.33645833333333336 0.36944444444444446 0.3421875 0.37222222222222223 0.34270833333333334 0.38055555555555554 0.33125 0.387037037037037 0.32447916666666665 0.38425925925925924 0.3229166666666667 0.3768518518518518 0.32708333333333334 0.3712962962962963 0.3359375 0.36944444444444446
2 0.6520833333333333 0.3731481481481482 0.6572916666666667 0.375 0.6625 0.3814814814814815 0.6619791666666667 0.38796296296296295 0.6583333333333333 0.3907407407407407 0.6489583333333333 0.3907407407407407 0.6421875 0.38425925925925924 0.6442708333333333 0.37592592592592594 0.6515625 0.3731481481481482
2 0.5083333333333333 0.39444444444444443 0.5104166666666666 0.3972222222222222 0.5098958333333333 0.4 0.5046875 0.40370370370370373 0.49947916666666664 0.40185185185185185 0.49895833333333334 0.39537037037037037 0.5078125 0.39444444444444443
2 0.39947916666666666 0.4134259259259259 0.009375 0.010185185185185186
2 0.6234375 0.39444444444444443 0.6260416666666667 0.3972222222222222 0.6244791666666667 0.4027777777777778 0.6171875 0.4 0.6182291666666667 0.39537037037037037 0.6229166666666667 0.39444444444444443
2 0.5010416666666667 0.5416666666666666 0.5057291666666667 0.5462962962962963 0.5072916666666667 0.5564814814814815 0.5041666666666667 0.5638888888888889 0.4984375 0.5675925925925925 0.490625 0.5675925925925925 0.48385416666666664 0.562962962962963 0.4822916666666667 0.5518518518518518 0.48854166666666665 0.5416666666666666 0.5005208333333333 0.5416666666666666
2 0.546875 0.39537037037037037 0.5494791666666666 0.3972222222222222 0.5473958333333333 0.40185185185185185 0.5432291666666667 0.4009259259259259 0.5432291666666667 0.3972222222222222 0.5463541666666667 0.39537037037037037
2 0.55 0.43703703703703706 0.5541666666666667 0.4351851851851852 0.5578125 0.43796296296296294 0.5552083333333333 0.4425925925925926 0.5515625 0.4425925925925926 0.55 0.43796296296296294
2 0.5447916666666667 0.5027777777777778 0.5484375 0.5046296296296297 0.5505208333333333 0.5101851851851852 0.546875 0.5175925925925926 0.540625 0.5175925925925926 0.5364583333333334 0.5120370370370371 0.5385416666666667 0.5046296296296297 0.5442708333333334 0.5027777777777778
2 0.6145833333333334 0.4638888888888889 0.6203125 0.4666666666666667 0.6239583333333333 0.475 0.6223958333333334 0.48148148148148145 0.6177083333333333 0.48518518518518516 0.6072916666666667 0.4842592592592593 0.6010416666666667 0.47685185185185186 0.6020833333333333 0.4675925925925926 0.6072916666666667 0.4638888888888889 0.6140625 0.4638888888888889
2 0.5536458333333333 0.43148148148148147 0.5552083333333333 0.42777777777777776 0.5598958333333334 0.42777777777777776 0.5614583333333333 0.43148148148148147 0.5604166666666667 0.43425925925925923 0.5557291666666667 0.4351851851851852 0.5541666666666667 0.4324074074074074
2 0.5817708333333333 0.49074074074074076 0.5880208333333333 0.4962962962962963 0.5880208333333333 0.5018518518518519 0.5854166666666667 0.5046296296296297 0.5755208333333334 0.5018518518518519 0.5755208333333334 0.49444444444444446 0.58125 0.49074074074074076
2 0.625 0.4388888888888889 0.6317708333333333 0.4425925925925926 0.6354166666666666 0.44907407407407407 0.6333333333333333 0.45740740740740743 0.6270833333333333 0.4601851851851852 0.6161458333333333 0.45740740740740743 0.6125 0.45 0.6151041666666667 0.4425925925925926 0.6244791666666667 0.4388888888888889
2 0.4713541666666667 0.4981481481481482 0.47708333333333336 0.4962962962962963 0.48072916666666665 0.5009259259259259 0.4791666666666667 0.5064814814814815 0.4734375 0.5083333333333333 0.4708333333333333 0.5046296296296297 0.4713541666666667 0.49907407407407406
2 0.3885416666666667 0.3712962962962963 0.39010416666666664 0.37407407407407406 0.38958333333333334 0.37962962962962965 0.384375 0.38425925925925924 0.37552083333333336 0.38333333333333336 0.3734375 0.37592592592592594 0.3802083333333333 0.36944444444444446 0.3880208333333333 0.3712962962962963
2 0.5666666666666667 0.3490740740740741 0.5671875 0.3537037037037037 0.5645833333333333 0.35648148148148145 0.5604166666666667 0.35555555555555557 0.559375 0.3509259259259259 0.5635416666666667 0.3472222222222222 0.5661458333333333 0.3490740740740741
2 0.434375 0.4759259259259259 0.4390625 0.48148148148148145 0.4390625 0.4888888888888889 0.43645833333333334 0.49444444444444446 0.42864583333333334 0.4981481481481482 0.42135416666666664 0.49537037037037035 0.41875 0.4888888888888889 0.4192708333333333 0.48333333333333334 0.425 0.4759259259259259 0.43385416666666665 0.4759259259259259
2 0.41875 0.5416666666666666 0.4203125 0.55 0.4161458333333333 0.5546296296296296 0.4083333333333333 0.5537037037037037 0.40677083333333336 0.5462962962962963 0.4109375 0.5407407407407407 0.41822916666666665 0.5416666666666666
2 0.3703125 0.36018518518518516 0.3729166666666667 0.3638888888888889 0.371875 0.37037037037037035 0.3640625 0.375 0.3546875 0.3731481481481482 0.35260416666666666 0.36944444444444446 0.353125 0.3648148148148148 0.3609375 0.35833333333333334 0.3697916666666667 0.36018518518518516
2 0.51875 0.3 0.51875 0.31203703703703706 0.5125 0.30925925925925923 0.5130208333333334 0.30185185185185187 0.5182291666666666 0.3
2 0.4421875 0.30185185185185187 0.4432291666666667 0.3055555555555556 0.44166666666666665 0.3074074074074074 0.43802083333333336 0.30648148148148147 0.43802083333333336 0.30277777777777776 0.44166666666666665 0.30185185185185187
2 0.5640625 0.525 0.5697916666666667 0.5277777777777778 0.5744791666666667 0.5342592592592592 0.5744791666666667 0.5425925925925926 0.5682291666666667 0.5509259259259259 0.5552083333333333 0.55 0.55 0.5425925925925926 0.55 0.5333333333333333 0.553125 0.5277777777777778 0.5635416666666667 0.525
1 0.0375 0.44074074074074077 0.041666666666666664 0.4425925925925926 0.04479166666666667 0.44814814814814813 0.046875 0.46944444444444444 0.057291666666666664 0.5120370370370371 0.059375 0.5277777777777778 0.057291666666666664 0.5370370370370371 0.046875 0.5462962962962963 0.0421875 0.5453703703703704 0.0390625 0.5388888888888889 0.028645833333333332 0.49166666666666664 0.027083333333333334 0.475 0.022916666666666665 0.4685185185185185 0.011458333333333333 0.4675925925925926 0.009895833333333333 0.4648148148148148 0.010416666666666666 0.4564814814814815 0.016666666666666666 0.44814814814814813 0.03697916666666667 0.44074074074074077
1 0.022395833333333334 0.3907407407407407 0.028645833333333332 0.39351851851851855 0.03229166666666667 0.40370370370370373 0.034895833333333334 0.4388888888888889 0.018229166666666668 0.4444444444444444 0.0109375 0.42314814814814816 0.00625 0.41574074074074074 0.005208333333333333 0.40555555555555556 0.007291666666666667 0.3990740740740741 0.015104166666666667 0.3925925925925926 0.021875 0.39166666666666666
1 0.11145833333333334 0.5666666666666667 0.11354166666666667 0.5787037037037037 0.11927083333333334 0.5935185185185186 0.13020833333333334 0.5925925925925926 0.13802083333333334 0.5981481481481481 0.1453125 0.6472222222222223 0.15520833333333334 0.6814814814814815 0.15416666666666667 0.6907407407407408 0.14739583333333334 0.7 0.128125 0.7166666666666667 0.11145833333333334 0.725 0.10520833333333333 0.7240740740740741 0.10208333333333333 0.7203703703703703 0.09895833333333333 0.7092592592592593 0.09739583333333333 0.687037037037037 0.09270833333333334 0.662962962962963 0.084375 0.6361111111111111 0.08645833333333333 0.6240740740740741 0.0984375 0.6046296296296296 0.096875 0.5833333333333334 0.09895833333333333 0.575925925925926 0.10572916666666667 0.5666666666666667 0.1109375 0.5666666666666667
1 0.11979166666666667 0.525 0.12447916666666667 0.5324074074074074 0.125 0.5546296296296296 0.13072916666666667 0.5611111111111111 0.13854166666666667 0.5768518518518518 0.14739583333333334 0.5861111111111111 0.15364583333333334 0.6018518518518519 0.15572916666666667 0.6287037037037037 0.15416666666666667 0.6472222222222223 0.15104166666666666 0.6509259259259259 0.14635416666666667 0.6472222222222223 0.13854166666666667 0.5981481481481481 0.13385416666666666 0.5925925925925926 0.11822916666666666 0.5888888888888889 0.11354166666666667 0.5685185185185185 0.10989583333333333 0.5638888888888889 0.10677083333333333 0.5407407407407407 0.10052083333333334 0.5296296296296297 0.109375 0.525 0.11927083333333334 0.525
1 0.07916666666666666 0.587037037037037 0.08541666666666667 0.600925925925926 0.09270833333333334 0.6083333333333333 0.08489583333333334 0.6268518518518519 0.08385416666666666 0.6370370370370371 0.0921875 0.6638888888888889 0.09739583333333333 0.7 0.09635416666666667 0.7074074074074074 0.08541666666666667 0.7111111111111111 0.07447916666666667 0.7101851851851851 0.0703125 0.7046296296296296 0.0578125 0.6509259259259259 0.058854166666666666 0.6296296296296297 0.065625 0.6129629629629629 0.0640625 0.600925925925926 0.06666666666666667 0.5888888888888889 0.06614583333333333 0.5740740740740741 0.06770833333333333 0.5675925925925925 0.07135416666666666 0.5657407407407408 0.07864583333333333 0.587037037037037
1 0.725 0.2388888888888889 0.7307291666666667 0.24444444444444444 0.7291666666666666 0.25833333333333336 0.7322916666666667 0.2824074074074074 0.7317708333333334 0.3138888888888889 0.7244791666666667 0.36666666666666664 0.7203125 0.37037037037037035 0.7010416666666667 0.36944444444444446 0.7 0.3648148148148148 0.7041666666666667 0.3435185185185185 0.7098958333333333 0.2796296296296296 0.7166666666666667 0.2574074074074074 0.7177083333333333 0.24259259259259258 0.7244791666666667 0.2388888888888889
1 0.7552083333333334 0.24722222222222223 0.7572916666666667 0.25092592592592594 0.7572916666666667 0.26481481481481484 0.7604166666666666 0.26851851851851855 0.7614583333333333 0.275 0.753125 0.3398148148148148 0.7515625 0.3685185185185185 0.7489583333333333 0.37037037037037035 0.7270833333333333 0.37037037037037035 0.7255208333333333 0.3685185185185185 0.7255208333333333 0.36203703703703705 0.7291666666666666 0.3453703703703704 0.7354166666666667 0.2722222222222222 0.74375 0.25833333333333336 0.7458333333333333 0.24722222222222223 0.7546875 0.24722222222222223
1 0.008333333333333333 0.4685185185185185 0.022395833333333334 0.46944444444444444 0.026041666666666668 0.47314814814814815 0.034375 0.5231481481481481 0.040625 0.5453703703703704 0.04010416666666667 0.5666666666666667 0.028125 0.5787037037037037 0.022395833333333334 0.575925925925926 0.0036458333333333334 0.49074074074074076 0.0020833333333333333 0.47129629629629627 0.0078125 0.4685185185185185