0 0.6161458333333333 0.5722222222222222 0.621875 0.5833333333333334 0.6208333333333333 0.6138888888888889 0.6171875 0.6203703703703703 0.6052083333333333 0.5861111111111111 0.6078125 0.575 0.615625 0.5722222222222222
0 0.6192708333333333 0.8361111111111111 0.621875 0.8407407407407408 0.6260416666666667 0.8629629629629629 0.6307291666666667 0.8731481481481481 0.6286458333333333 0.8851851851851852 0.6234375 0.887962962962963 0.6197916666666666 0.8870370370370371 0.6166666666666667 0.8805555555555555 0.6171875 0.8694444444444445 0.6130208333333333 0.8444444444444444 0.6151041666666667 0.837037037037037 0.61875 0.8361111111111111
0 0.6265625 0.5203703703703704 0.6291666666666667 0.525 0.6270833333333333 0.5370370370370371 0.6291666666666667 0.5666666666666667 0.6244791666666667 0.5851851851851851 0.6197916666666666 0.5824074074074074 0.6161458333333333 0.5685185185185185 0.6125 0.5259259259259259 0.615625 0.5203703703703704 0.6260416666666667 0.5203703703703704
0 0.6651041666666667 0.3925925925925926 0.6666666666666666 0.3962962962962963 0.665625 0.4166666666666667 0.6614583333333334 0.41574074074074074 0.6578125 0.40370370370370373 0.6588541666666666 0.39444444444444443 0.6645833333333333 0.3925925925925926
0 0.5635416666666667 0.7574074074074074 0.5776041666666667 0.7925925925925926 0.5765625 0.8018518518518518 0.5723958333333333 0.8055555555555556 0.5666666666666667 0.8018518518518518 0.5635416666666667 0.7814814814814814 0.559375 0.7685185185185185 0.5598958333333334 0.7592592592592593 0.5630208333333333 0.7574074074074074
0 0.6734375 0.47314814814814815 0.678125 0.49074074074074076 0.678125 0.4962962962962963 0.675 0.49907407407407406 0.6713541666666667 0.4981481481481482 0.6697916666666667 0.49166666666666664 0.6697916666666667 0.4759259259259259 0.6729166666666667 0.47314814814814815
0 0.615625 0.6638888888888889 0.61875 0.6694444444444444 0.6182291666666667 0.6759259259259259 0.6078125 0.7 0.6015625 0.7064814814814815 0.5947916666666667 0.7055555555555556 0.5921875 0.6907407407407408 0.5932291666666667 0.6824074074074075 0.6046875 0.6675925925925926 0.6151041666666667 0.6638888888888889
0 0.634375 0.5537037037037037 0.6369791666666667 0.5564814814814815 0.6375 0.5638888888888889 0.6192708333333333 0.6342592592592593 0.615625 0.6601851851851852 0.6104166666666667 0.6620370370370371 0.6067708333333334 0.6555555555555556 0.60625 0.649074074074074 0.6166666666666667 0.6203703703703703 0.6203125 0.6157407407407407 0.6223958333333334 0.5944444444444444 0.6270833333333333 0.5805555555555556 0.6317708333333333 0.5564814814814815 0.6338541666666667 0.5546296296296296
0 0.5989583333333334 0.549074074074074 0.5947916666666667 0.5953703703703703 0.5869791666666667 0.649074074074074 0.58125 0.6518518518518519 0.5796875 0.6462962962962963 0.5911458333333334 0.5685185185185185 0.5979166666666667 0.5574074074074075 0.5989583333333334 0.55
0 0.6453125 0.7481481481481481 0.6458333333333334 0.7555555555555555 0.6401041666666667 0.7722222222222223 0.6354166666666666 0.7703703703703704 0.6380208333333334 0.7490740740740741 0.6395833333333333 0.7453703703703703 0.6447916666666667 0.7481481481481481
0 0.6166666666666667 0.725 0.6322916666666667 0.7305555555555555 0.6364583333333333 0.7351851851851852 0.6375 0.7472222222222222 0.6322916666666667 0.7537037037037037 0.609375 0.7407407407407407 0.6078125 0.7379629629629629 0.6078125 0.7287037037037037 0.6104166666666667 0.725 0.6161458333333333 0.725
0 0.6713541666666667 0.6574074074074074 0.675 0.6611111111111111 0.675 0.7175925925925926 0.6791666666666667 0.7268518518518519 0.6791666666666667 0.7314814814814815 0.6760416666666667 0.7342592592592593 0.6609375 0.7314814814814815 0.6614583333333334 0.7222222222222222 0.6651041666666667 0.7148148148148148 0.6645833333333333 0.6620370370370371 0.6671875 0.6574074074074074 0.6708333333333333 0.6574074074074074
2 0.6346354166666667 0.8546296296296296 0.0109375 0.037037037037037035
2 0.5932291666666667 0.7 0.5958333333333333 0.7 0.5989583333333334 0.7064814814814815 0.5984375 0.7166666666666667 0.5947916666666667 0.7185185185185186 0.5932291666666667 0.700925925925926
2 0.6609375 0.5833333333333334 0.6625 0.5962962962962963 0.6598958333333333 0.600925925925926 0.6567708333333333 0.5990740740740741 0.65625 0.5935185185185186 0.6572916666666667 0.5851851851851851 0.6604166666666667 0.5833333333333334
2 0.6614583333333334 0.8888888888888888 0.6635416666666667 0.8888888888888888 0.6645833333333333 0.8962962962962963 0.6630208333333333 0.9 0.6609375 0.8981481481481481 0.6614583333333334 0.8898148148148148
2 0.6041666666666666 0.45925925925925926 0.6052083333333333 0.46574074074074073 0.6036458333333333 0.47129629629629627 0.6010416666666667 0.46944444444444444 0.6010416666666667 0.46111111111111114 0.6036458333333333 0.45925925925925926
2 0.5645833333333333 0.3712962962962963 0.5666666666666667 0.38333333333333336 0.5640625 0.3888888888888889 0.5614583333333333 0.38796296296296295 0.5598958333333334 0.3824074074074074 0.5604166666666667 0.3731481481481482 0.5640625 0.3712962962962963
2 0.5635416666666667 0.512962962962963 0.565625 0.5231481481481481 0.5619791666666667 0.5305555555555556 0.559375 0.5296296296296297 0.5583333333333333 0.5194444444444445 0.5598958333333334 0.5138888888888888 0.5630208333333333 0.512962962962963
2 0.5421875 0.9166666666666666 0.015625 0.04814814814814815
2 0.6651041666666667 0.5138888888888888 0.6682291666666667 0.5203703703703704 0.66875 0.5351851851851852 0.6671875 0.5435185185185185 0.6645833333333333 0.5462962962962963 0.6609375 0.5435185185185185 0.659375 0.5342592592592592 0.6604166666666667 0.5194444444444445 0.6645833333333333 0.5138888888888888
2 0.6453125 0.3907407407407407 0.6489583333333333 0.4046296296296296 0.6484375 0.41759259259259257 0.6453125 0.42407407407407405 0.6416666666666667 0.4222222222222222 0.6395833333333333 0.41388888888888886 0.640625 0.39351851851851855 0.6427083333333333 0.38981481481481484 0.6447916666666667 0.3907407407407407
2 0.5510416666666667 0.36203703703703705 0.553125 0.36666666666666664 0.553125 0.37407407407407406 0.55 0.37962962962962965 0.5473958333333333 0.37777777777777777 0.5463541666666667 0.3675925925925926 0.5484375 0.36203703703703705 0.5505208333333333 0.36203703703703705
2 0.5947916666666667 0.5222222222222223 0.6 0.5324074074074074 0.6010416666666667 0.5425925925925926 0.5989583333333334 0.5592592592592592 0.59375 0.5657407407407408 0.5911458333333334 0.5657407407407408 0.5848958333333333 0.5574074074074075 0.5833333333333334 0.5416666666666666 0.5864583333333333 0.5277777777777778 0.5942708333333333 0.5222222222222223
2 0.659375 0.7555555555555555 0.6609375 0.7685185185185185 0.6588541666666666 0.7731481481481481 0.6557291666666667 0.7722222222222223 0.6546875 0.7675925925925926 0.6557291666666667 0.7583333333333333 0.6588541666666666 0.7555555555555555
2 0.6520833333333333 0.47129629629629627 0.6557291666666667 0.4842592592592593 0.6546875 0.4962962962962963 0.6520833333333333 0.5 0.6484375 0.49722222222222223 0.646875 0.4898148148148148 0.6473958333333333 0.4777777777777778 0.6515625 0.47129629629629627
2 0.615625 0.3537037037037037 0.61875 0.3638888888888889 0.6192708333333333 0.37777777777777777 0.6166666666666667 0.38796296296296295 0.6140625 0.3907407407407407 0.609375 0.3851851851851852 0.6078125 0.3685185185185185 0.6098958333333333 0.35648148148148145 0.6125 0.35185185185185186 0.6151041666666667 0.3537037037037037
2 0.5369791666666667 0.7055555555555556 0.540625 0.712037037037037 0.5416666666666666 0.7287037037037037 0.5385416666666667 0.7435185185185185 0.5338541666666666 0.75 0.5307291666666667 0.75 0.5276041666666667 0.7435185185185185 0.5265625 0.7222222222222222 0.5307291666666667 0.7083333333333334 0.5364583333333334 0.7055555555555556
2 0.5302083333333333 0.5027777777777778 0.5328125 0.5027777777777778 0.5338541666666666 0.5074074074074074 0.5333333333333333 0.5148148148148148 0.5296875 0.5157407407407407 0.5302083333333333 0.5037037037037037
2 0.5484375 0.5259259259259259 0.5515625 0.5333333333333333 0.5510416666666667 0.5453703703703704 0.5489583333333333 0.549074074074074 0.5458333333333333 0.549074074074074 0.5432291666666667 0.5407407407407407 0.5442708333333334 0.5296296296296297 0.5479166666666667 0.5259259259259259
2 0.565625 0.8046296296296296 0.5682291666666667 0.8101851851851852 0.5682291666666667 0.8203703703703704 0.5645833333333333 0.8296296296296296 0.5614583333333333 0.8277777777777777 0.5604166666666667 0.8175925925925925 0.5619791666666667 0.8083333333333333 0.5651041666666666 0.8046296296296296
2 0.6171875 0.7944444444444444 0.6197916666666666 0.8064814814814815 0.61875 0.8175925925925925 0.6151041666666667 0.825 0.6114583333333333 0.8240740740740741 0.6098958333333333 0.8083333333333333 0.6119791666666666 0.7972222222222223 0.6145833333333334 0.7935185185185185 0.6166666666666667 0.7944444444444444
1 0.690625 0.09351851851851851 0.6958333333333333 0.1 0.7041666666666667 0.1 0.70625 0.10648148148148148 0.7057291666666666 0.11944444444444445 0.6989583333333333 0.125 0.6947916666666667 0.13425925925925927 0.6890625 0.1388888888888889 0.6609375 0.14537037037037037 0.634375 0.15648148148148147 0.6328125 0.15092592592592594 0.634375 0.11203703703703703 0.6588541666666666 0.10555555555555556 0.6776041666666667 0.09537037037037037 0.6901041666666666 0.09351851851851851
1 0.6890625 0.14629629629629629 0.696875 0.15 0.7078125 0.14814814814814814 0.7098958333333333 0.15555555555555556 0.7078125 0.17037037037037037 0.6994791666666667 0.17222222222222222 0.6807291666666667 0.18703703703703703 0.64375 0.19537037037037036 0.6359375 0.1935185185185185 0.634375 0.1962962962962963 0.6333333333333333 0.1675925925925926 0.6338541666666667 0.16203703703703703 0.6380208333333334 0.1574074074074074 0.6479166666666667 0.15185185185185185 0.6755208333333333 0.14444444444444443 0.6885416666666667 0.14629629629629629