0 0.5901041666666667 0.23425925925925925 0.5927083333333333 0.23981481481481481 0.5921875 0.2490740740740741 0.5864583333333333 0.2657407407407407 0.5817708333333333 0.2722222222222222 0.5776041666666667 0.26481481481481484 0.5796875 0.24074074074074073 0.5838541666666667 0.2324074074074074 0.5895833333333333 0.23425925925925925
0 0.6286458333333333 0.45 0.715625 0.4564814814814815 0.71875 0.4601851851851852 0.71875 0.4666666666666667 0.7166666666666667 0.47129629629629627 0.6380208333333334 0.46574074074074073 0.6229166666666667 0.4685185185185185 0.6213541666666667 0.4666666666666667 0.6213541666666667 0.4527777777777778 0.6229166666666667 0.44907407407407407 0.628125 0.45
0 0.45364583333333336 0.20277777777777778 0.45416666666666666 0.21203703703703702 0.4473958333333333 0.2175925925925926 0.4421875 0.21666666666666667 0.44166666666666665 0.2037037037037037 0.453125 0.20277777777777778
0 0.6239583333333333 0.37962962962962965 0.6270833333333333 0.38981481481481484 0.6260416666666667 0.4 0.6041666666666666 0.4064814814814815 0.5963541666666666 0.40370370370370373 0.5973958333333333 0.39351851851851855 0.6177083333333333 0.3861111111111111 0.6208333333333333 0.37962962962962965 0.6234375 0.37962962962962965
0 0.47604166666666664 0.3296296296296296 0.47708333333333336 0.36574074074074076 0.47552083333333334 0.375 0.47552083333333334 0.4083333333333333 0.4744791666666667 0.41388888888888886 0.4713541666666667 0.4166666666666667 0.46510416666666665 0.41574074074074074 0.4630208333333333 0.4111111111111111 0.4630208333333333 0.4046296296296296 0.4666666666666667 0.3907407407407407 0.4703125 0.33055555555555555 0.47552083333333334 0.3296296296296296
0 0.546875 0.24259259259259258 0.55 0.25462962962962965 0.546875 0.27037037037037037 0.5229166666666667 0.2722222222222222 0.5052083333333334 0.2712962962962963 0.5026041666666666 0.25833333333333336 0.5046875 0.2518518518518518 0.5401041666666667 0.25092592592592594 0.5463541666666667 0.24259259259259258
0 0.6171875 0.27037037037037037 0.6203125 0.2759259259259259 0.6203125 0.2824074074074074 0.6135416666666667 0.30277777777777776 0.6104166666666667 0.30648148148148147 0.6057291666666667 0.30277777777777776 0.6072916666666667 0.287962962962963 0.60625 0.27870370370370373 0.6104166666666667 0.27037037037037037 0.6166666666666667 0.27037037037037037
0 0.478125 0.2 0.49895833333333334 0.20925925925925926 0.5 0.2175925925925926 0.4984375 0.22962962962962963 0.4947916666666667 0.23425925925925925 0.471875 0.21574074074074073 0.4703125 0.2101851851851852 0.4713541666666667 0.20185185185185187 0.47760416666666666 0.2
0 0.6041666666666666 0.25833333333333336 0.6098958333333333 0.25277777777777777 0.6140625 0.2601851851851852 0.6364583333333333 0.27037037037037037 0.6385416666666667 0.275 0.6369791666666667 0.2861111111111111 0.634375 0.2898148148148148 0.6296875 0.2898148148148148 0.6208333333333333 0.2833333333333333 0.61875 0.27314814814814814 0.6161458333333333 0.26944444444444443 0.6114583333333333 0.2712962962962963 0.6078125 0.28055555555555556 0.6052083333333333 0.2814814814814815 0.6020833333333333 0.27314814814814814 0.6041666666666666 0.25925925925925924
0 0.5552083333333333 0.2722222222222222 0.5572916666666666 0.28425925925925927 0.5536458333333333 0.2935185185185185 0.5296875 0.31574074074074077 0.5260416666666666 0.3148148148148148 0.5244791666666667 0.3101851851851852 0.5260416666666666 0.2972222222222222 0.5489583333333333 0.27314814814814814 0.5546875 0.2722222222222222
0 0.64375 0.2388888888888889 0.653125 0.24814814814814815 0.6546875 0.25092592592592594 0.6541666666666667 0.2564814814814815 0.6473958333333333 0.25833333333333336 0.6401041666666667 0.25462962962962965 0.6390625 0.24537037037037038 0.640625 0.23981481481481481 0.6432291666666666 0.23981481481481481
0 0.4942708333333333 0.18425925925925926 0.49375 0.1962962962962963 0.48072916666666665 0.19537037037037036 0.4822916666666667 0.18703703703703703 0.49375 0.18425925925925926
2 0.7203125 0.21296296296296297 0.725 0.21574074074074073 0.7286458333333333 0.22314814814814815 0.7265625 0.22870370370370371 0.7229166666666667 0.23055555555555557 0.7135416666666666 0.22870370370370371 0.7088541666666667 0.2222222222222222 0.7098958333333333 0.21574074074074073 0.7197916666666667 0.21296296296296297
2 0.5916666666666667 0.29814814814814816 0.59375 0.3 0.5921875 0.3055555555555556 0.5875 0.3037037037037037 0.5880208333333333 0.29907407407407405 0.5911458333333334 0.29814814814814816
2 0.7216145833333333 0.20972222222222223 0.0067708333333333336 0.006481481481481481
2 0.6348958333333333 0.42685185185185187 0.6416666666666667 0.43703703703703706 0.6411458333333333 0.4462962962962963 0.6375 0.45 0.6223958333333334 0.44814814814814813 0.6161458333333333 0.43796296296296294 0.6171875 0.4305555555555556 0.621875 0.425 0.634375 0.42685185185185187
2 0.5401041666666667 0.4527777777777778 0.5427083333333333 0.4537037037037037 0.5442708333333334 0.4601851851851852 0.5395833333333333 0.46296296296296297 0.5364583333333334 0.4601851851851852 0.5364583333333334 0.4546296296296296 0.5395833333333333 0.4527777777777778
2 0.7536458333333333 0.37037037037037035 0.759375 0.3814814814814815 0.7588541666666667 0.387037037037037 0.7552083333333334 0.39166666666666666 0.74375 0.3907407407407407 0.7375 0.3861111111111111 0.734375 0.37962962962962965 0.7348958333333333 0.3731481481481482 0.740625 0.3675925925925926 0.753125 0.37037037037037035
2 0.546875 0.22314814814814815 0.5505208333333333 0.22685185185185186 0.5505208333333333 0.23148148148148148 0.5473958333333333 0.23425925925925925 0.5401041666666667 0.23055555555555557 0.540625 0.22592592592592592 0.5463541666666667 0.22314814814814815
2 0.42864583333333334 0.41574074074074074 0.42552083333333335 0.41388888888888886 0.4234375 0.4074074074074074 0.4265625 0.40370370370370373 0.4317708333333333 0.4046296296296296 0.43385416666666665 0.4111111111111111 0.42916666666666664 0.4148148148148148
2 0.48125 0.31296296296296294 0.484375 0.3148148148148148 0.4828125 0.32037037037037036 0.478125 0.3175925925925926 0.478125 0.3138888888888889 0.48072916666666665 0.31296296296296294
2 0.43385416666666665 0.28703703703703703 0.43802083333333336 0.2898148148148148 0.4401041666666667 0.29814814814814816 0.43802083333333336 0.30277777777777776 0.4317708333333333 0.30648148148148147 0.42135416666666664 0.3037037037037037 0.41822916666666665 0.2953703703703704 0.42552083333333335 0.28703703703703703 0.43333333333333335 0.28703703703703703
2 0.5270833333333333 0.40555555555555556 0.5291666666666667 0.4083333333333333 0.5296875 0.4148148148148148 0.525 0.41944444444444445 0.5177083333333333 0.4166666666666667 0.5161458333333333 0.4111111111111111 0.5203125 0.4046296296296296 0.5265625 0.40555555555555556
2 0.4356770833333333 0.38472222222222224 0.009895833333333333 0.012037037037037037
2 0.6234375 0.32407407407407407 0.6244791666666667 0.3296296296296296 0.621875 0.33240740740740743 0.6161458333333333 0.33055555555555555 0.6151041666666667 0.32592592592592595 0.6182291666666667 0.32222222222222224 0.6229166666666667 0.32407407407407407
2 0.653125 0.21388888888888888 0.6546875 0.2212962962962963 0.6526041666666667 0.22314814814814815 0.6453125 0.22037037037037038 0.6463541666666667 0.21388888888888888 0.6526041666666667 0.21388888888888888
2 0.4244791666666667 0.3333333333333333 0.42916666666666664 0.3351851851851852 0.4328125 0.3425925925925926 0.4317708333333333 0.3490740740740741 0.425 0.35462962962962963 0.4140625 0.3537037037037037 0.40989583333333335 0.3472222222222222 0.4114583333333333 0.33796296296296297 0.41822916666666665 0.3333333333333333 0.4239583333333333 0.3333333333333333
2 0.5020833333333333 0.22962962962962963 0.5036458333333333 0.2324074074074074 0.5026041666666666 0.23796296296296296 0.4979166666666667 0.23796296296296296 0.4947916666666667 0.23425925925925925 0.4979166666666667 0.22962962962962963 0.5015625 0.22962962962962963
2 0.5479166666666667 0.3787037037037037 0.5536458333333333 0.38425925925925924 0.5546875 0.39444444444444443 0.5453125 0.40185185185185185 0.5338541666666666 0.3972222222222222 0.53125 0.387037037037037 0.5364583333333334 0.3787037037037037 0.5473958333333333 0.3787037037037037
2 0.565625 0.39814814814814814 0.5708333333333333 0.4064814814814815 0.5708333333333333 0.412962962962963 0.5619791666666667 0.4212962962962963 0.5489583333333333 0.41574074074074074 0.5463541666666667 0.4101851851851852 0.5463541666666667 0.4027777777777778 0.5526041666666667 0.39537037037037037 0.5651041666666666 0.39814814814814814
2 0.6020833333333333 0.18055555555555555 0.6067708333333334 0.18333333333333332 0.6088541666666667 0.18796296296296297 0.6083333333333333 0.19166666666666668 0.6057291666666667 0.19444444444444445 0.5958333333333333 0.1925925925925926 0.59375 0.18888888888888888 0.5942708333333333 0.18425925925925926 0.6015625 0.1814814814814815
2 0.6791666666666667 0.3768518518518518 0.6859375 0.38333333333333336 0.6859375 0.38796296296296295 0.6822916666666666 0.3907407407407407 0.675 0.3888888888888889 0.6723958333333333 0.38425925925925924 0.6734375 0.37962962962962965 0.6786458333333333 0.3768518518518518
2 0.6796875 0.287962962962963 0.6828125 0.2916666666666667 0.6838541666666667 0.29814814814814816 0.6786458333333333 0.3037037037037037 0.6682291666666667 0.3 0.6661458333333333 0.2916666666666667 0.6713541666666667 0.2861111111111111 0.6791666666666667 0.287962962962963
1 0.9505208333333334 0.49722222222222223 0.9557291666666666 0.5027777777777778 0.9609375 0.5138888888888888 0.9604166666666667 0.524074074074074 0.9578125 0.5324074074074074 0.9567708333333333 0.5555555555555556 0.9536458333333333 0.5703703703703704 0.9479166666666666 0.5814814814814815 0.9375 0.6287037037037037 0.9286458333333333 0.6518518518518519 0.9234375 0.6509259259259259 0.9005208333333333 0.6305555555555555 0.89375 0.6212962962962963 0.8932291666666666 0.6101851851851852 0.9067708333333333 0.5685185185185185 0.9145833333333333 0.5287037037037037 0.9234375 0.5222222222222223 0.9364583333333333 0.524074074074074 0.9401041666666666 0.5194444444444445 0.9427083333333334 0.5083333333333333 0.9421875 0.4981481481481482 0.9442708333333333 0.49537037037037035 0.95 0.49722222222222223
1 0.9895833333333334 0.5 0.9921875 0.5074074074074074 0.9927083333333333 0.5333333333333333 0.9911458333333333 0.5462962962962963 0.996875 0.5638888888888889 0.996875 0.5879629629629629 0.9817708333333334 0.6407407407407407 0.9765625 0.6481481481481481 0.9677083333333333 0.6527777777777778 0.9572916666666667 0.6518518518518519 0.9541666666666667 0.6481481481481481 0.9552083333333333 0.6259259259259259 0.9619791666666667 0.5953703703703703 0.9713541666666666 0.575 0.9708333333333333 0.562962962962963 0.9677083333333333 0.5509259259259259 0.9703125 0.5351851851851852 0.9734375 0.5259259259259259 0.9828125 0.5120370370370371 0.984375 0.5018518518518519 0.9890625 0.5
1 0.2859375 0.13425925925925927 0.2890625 0.14629629629629629 0.2942708333333333 0.1537037037037037 0.29739583333333336 0.1648148148148148 0.2984375 0.1925925925925926 0.30520833333333336 0.25277777777777777 0.30520833333333336 0.262037037037037 0.29791666666666666 0.2638888888888889 0.28177083333333336 0.2611111111111111 0.278125 0.21944444444444444 0.27239583333333334 0.1824074074074074 0.2708333333333333 0.1638888888888889 0.275 0.15185185185185185 0.275 0.13703703703703704 0.2791666666666667 0.13333333333333333 0.28541666666666665 0.13425925925925927
1 0.9458333333333333 0.4527777777777778 0.9640625 0.4601851851851852 0.9609375 0.48055555555555557 0.9505208333333334 0.49444444444444446 0.9458333333333333 0.4925925925925926 0.9416666666666667 0.49537037037037035 0.940625 0.4981481481481482 0.9421875 0.5083333333333333 0.9359375 0.5222222222222223 0.9234375 0.5203703703703704 0.9145833333333333 0.5268518518518519 0.9078125 0.5611111111111111 0.9010416666666666 0.5814814814814815 0.8963541666666667 0.5787037037037037 0.8942708333333333 0.562037037037037 0.8942708333333333 0.5453703703703704 0.8973958333333333 0.5287037037037037 0.9057291666666667 0.5111111111111111 0.9161458333333333 0.5046296296296297 0.9229166666666667 0.4898148148148148 0.9302083333333333 0.48148148148148145 0.9317708333333333 0.46574074074074073 0.9359375 0.4564814814814815 0.9453125 0.4527777777777778
1 0.3125 0.12777777777777777 0.3151041666666667 0.13240740740740742 0.315625 0.14351851851851852 0.32447916666666665 0.18333333333333332 0.328125 0.24444444444444444 0.328125 0.262037037037037 0.3260416666666667 0.26296296296296295 0.30885416666666665 0.262037037037037 0.30416666666666664 0.23703703703703705 0.3 0.18888888888888888 0.30364583333333334 0.14814814814814814 0.3015625 0.13333333333333333 0.30416666666666664 0.12777777777777777 0.31197916666666664 0.12777777777777777