0 0.3953125 0.12037037037037036 0.4 0.13240740740740742 0.4041666666666667 0.15555555555555556 0.4041666666666667 0.16574074074074074 0.39947916666666666 0.1712962962962963 0.3953125 0.16666666666666666 0.39010416666666664 0.14722222222222223 0.38385416666666666 0.13425925925925927 0.384375 0.12685185185185185 0.3880208333333333 0.12129629629629629 0.39479166666666665 0.12037037037037036
0 0.3546875 0.36944444444444446 0.37135416666666665 0.37222222222222223 0.3890625 0.37037037037037035 0.39114583333333336 0.37592592592592594 0.39166666666666666 0.387037037037037 0.3875 0.39444444444444443 0.3765625 0.3888888888888889 0.35 0.3861111111111111 0.34791666666666665 0.38055555555555554 0.3484375 0.375 0.3541666666666667 0.36944444444444446
0 0.3385416666666667 0.5842592592592593 0.3421875 0.5962962962962963 0.3421875 0.6027777777777777 0.33697916666666666 0.6083333333333333 0.3333333333333333 0.6046296296296296 0.3333333333333333 0.5888888888888889 0.33489583333333334 0.5833333333333334 0.3380208333333333 0.5842592592592593
0 0.425 0.03518518518518519 0.4317708333333333 0.04537037037037037 0.43802083333333336 0.06481481481481481 0.43854166666666666 0.07407407407407407 0.43645833333333334 0.07962962962962963 0.4317708333333333 0.07777777777777778 0.41770833333333335 0.049074074074074076 0.41875 0.040740740740740744 0.4244791666666667 0.03518518518518519
0 0.4270833333333333 0.6787037037037037 0.43333333333333335 0.6824074074074075 0.4515625 0.6796296296296296 0.4546875 0.6851851851851852 0.4552083333333333 0.6953703703703704 0.44947916666666665 0.7037037037037037 0.43020833333333336 0.7046296296296296 0.42291666666666666 0.7138888888888889 0.4171875 0.712037037037037 0.4125 0.7064814814814815 0.4114583333333333 0.687037037037037 0.4171875 0.6768518518518518 0.42291666666666666 0.6759259259259259 0.4265625 0.6787037037037037
0 0.34479166666666666 0.537962962962963 0.346875 0.5462962962962963 0.34375 0.5537037037037037 0.33958333333333335 0.5537037037037037 0.3375 0.5435185185185185 0.340625 0.537962962962963 0.34427083333333336 0.537962962962963
0 0.32395833333333335 0.5231481481481481 0.32916666666666666 0.5268518518518519 0.32864583333333336 0.5712962962962963 0.325 0.5777777777777777 0.3182291666666667 0.5777777777777777 0.31354166666666666 0.5740740740740741 0.3171875 0.5592592592592592 0.31875 0.5259259259259259 0.3234375 0.5231481481481481
0 0.43125 0.6083333333333333 0.43333333333333335 0.5944444444444444 0.4197916666666667 0.4740740740740741 0.42135416666666664 0.4666666666666667 0.4265625 0.4666666666666667 0.43125 0.49722222222222223 0.4390625 0.5805555555555556 0.44427083333333334 0.6027777777777777 0.44375 0.6083333333333333 0.440625 0.6129629629629629 0.43333333333333335 0.6138888888888889 0.4317708333333333 0.6092592592592593
0 0.31614583333333335 0.33796296296296297 0.33697916666666666 0.3398148148148148 0.3385416666666667 0.35555555555555557 0.33645833333333336 0.36203703703703705 0.30833333333333335 0.3537037037037037 0.3067708333333333 0.35 0.3072916666666667 0.3398148148148148 0.315625 0.33796296296296297
0 0.35052083333333334 0.12777777777777777 0.3609375 0.12777777777777777 0.3578125 0.1388888888888889 0.3578125 0.16111111111111112 0.35260416666666666 0.17407407407407408 0.35260416666666666 0.20833333333333334 0.35833333333333334 0.2175925925925926 0.35833333333333334 0.22685185185185186 0.35520833333333335 0.2324074074074074 0.35520833333333335 0.2574074074074074 0.353125 0.25925925925925924 0.3515625 0.20555555555555555 0.35260416666666666 0.13796296296296295 0.35052083333333334 0.1287037037037037
0 0.35625 0.22777777777777777 0.3614583333333333 0.22870370370370371 0.3614583333333333 0.25092592592592594 0.3578125 0.25555555555555554 0.35520833333333335 0.25555555555555554 0.35625 0.22870370370370371
0 0.35989583333333336 0.1638888888888889 0.36302083333333335 0.16944444444444445 0.365625 0.2037037037037037 0.3645833333333333 0.2111111111111111 0.3609375 0.21481481481481482 0.3572916666666667 0.21481481481481482 0.3515625 0.2064814814814815 0.35260416666666666 0.17407407407407408 0.3567708333333333 0.1638888888888889 0.359375 0.1638888888888889
2 0.34427083333333336 0.22777777777777777 0.34479166666666666 0.24074074074074073 0.34322916666666664 0.24537037037037038 0.34010416666666665 0.24444444444444444 0.3390625 0.23148148148148148 0.3421875 0.22592592592592592 0.34375 0.22777777777777777
2 0.46979166666666666 0.4777777777777778 0.4734375 0.4861111111111111 0.4739583333333333 0.5074074074074074 0.471875 0.5166666666666667 0.4661458333333333 0.5212962962962963 0.46145833333333336 0.5148148148148148 0.459375 0.49722222222222223 0.46197916666666666 0.48148148148148145 0.46510416666666665 0.47685185185185186 0.46927083333333336 0.4777777777777778
2 0.38177083333333334 0.6018518518518519 0.3854166666666667 0.6101851851851852 0.3854166666666667 0.6240740740740741 0.38229166666666664 0.6333333333333333 0.37916666666666665 0.6333333333333333 0.37604166666666666 0.6222222222222222 0.3765625 0.6064814814814815 0.38125 0.6018518518518519
2 0.3875 0.175 0.39010416666666664 0.18333333333333332 0.39010416666666664 0.1925925925925926 0.3859375 0.2064814814814815 0.38125 0.20277777777777778 0.3802083333333333 0.19166666666666668 0.38177083333333334 0.18055555555555555 0.38697916666666665 0.175
2 0.45 0.6240740740740741 0.4515625 0.6361111111111111 0.44895833333333335 0.6416666666666667 0.4453125 0.637962962962963 0.44479166666666664 0.6277777777777778 0.4473958333333333 0.6231481481481481 0.44947916666666665 0.6240740740740741
2 0.43854166666666666 0.46944444444444444 0.44166666666666665 0.47685185185185186 0.44114583333333335 0.48333333333333334 0.43854166666666666 0.487962962962963 0.4348958333333333 0.48333333333333334 0.4348958333333333 0.47314814814814815 0.43802083333333336 0.46944444444444444
2 0.46510416666666665 0.15185185185185185 0.46822916666666664 0.1574074074074074 0.46875 0.17592592592592593 0.4666666666666667 0.18888888888888888 0.4609375 0.19814814814814816 0.4578125 0.19722222222222222 0.4546875 0.18981481481481483 0.45416666666666666 0.17037037037037037 0.45729166666666665 0.15833333333333333 0.46458333333333335 0.15185185185185185
2 0.4822916666666667 0.005555555555555556 0.48489583333333336 0.013888888888888888 0.48541666666666666 0.028703703703703703 0.4828125 0.04259259259259259 0.47760416666666666 0.053703703703703705 0.47291666666666665 0.05277777777777778 0.4703125 0.04814814814814815 0.46979166666666666 0.023148148148148147 0.47708333333333336 0.005555555555555556 0.4817708333333333 0.005555555555555556
2 0.4666666666666667 0.4083333333333333 0.4713541666666667 0.4212962962962963 0.4713541666666667 0.4361111111111111 0.46979166666666666 0.4444444444444444 0.465625 0.45185185185185184 0.459375 0.45 0.4557291666666667 0.4287037037037037 0.45989583333333334 0.4111111111111111 0.4661458333333333 0.4083333333333333
2 0.3697916666666667 0.5166666666666667 0.371875 0.5212962962962963 0.3697916666666667 0.5370370370370371 0.36770833333333336 0.5370370370370371 0.3651041666666667 0.5287037037037037 0.365625 0.5212962962962963 0.3692708333333333 0.5175925925925926
2 0.46197916666666666 0.575925925925926 0.46197916666666666 0.5888888888888889 0.4583333333333333 0.5861111111111111 0.4583333333333333 0.5787037037037037 0.46145833333333336 0.575925925925926
2 0.38697916666666665 0.337037037037037 0.3885416666666667 0.33055555555555555 0.39114583333333336 0.33055555555555555 0.39114583333333336 0.34074074074074073 0.3880208333333333 0.3416666666666667 0.3875 0.33796296296296297
2 0.3963541666666667 0.5351851851851852 0.004166666666666667 0.012962962962962963
2 0.3802083333333333 0.44166666666666665 0.38229166666666664 0.45092592592592595 0.3796875 0.4583333333333333 0.3765625 0.4537037037037037 0.3765625 0.44722222222222224 0.3796875 0.44166666666666665
2 0.40520833333333334 0.28055555555555556 0.40677083333333336 0.2898148148148148 0.4041666666666667 0.29814814814814816 0.4010416666666667 0.29444444444444445 0.4010416666666667 0.28425925925925927 0.4046875 0.28055555555555556
2 0.4661458333333333 0.275 0.016666666666666666 0.046296296296296294
2 0.4010416666666667 0.4101851851851852 0.403125 0.40925925925925927 0.4046875 0.412962962962963 0.4036458333333333 0.4203703703703704 0.4015625 0.4212962962962963 0.4010416666666667 0.4111111111111111
2 0.3776041666666667 0.2740740740740741 0.3802083333333333 0.2814814814814815 0.3802083333333333 0.2953703703703704 0.378125 0.30648148148148147 0.37395833333333334 0.3111111111111111 0.3703125 0.3055555555555556 0.3692708333333333 0.28703703703703703 0.3734375 0.2740740740740741 0.3770833333333333 0.2740740740740741
2 0.4375 0.17314814814814813 0.4395833333333333 0.18518518518518517 0.4359375 0.19722222222222222 0.4317708333333333 0.1925925925925926 0.4317708333333333 0.1814814814814815 0.434375 0.17407407407407408 0.43697916666666664 0.17314814814814813
2 0.4010416666666667 0.5703703703703704 0.40208333333333335 0.5842592592592593 0.39947916666666666 0.5907407407407408 0.3958333333333333 0.5879629629629629 0.39479166666666665 0.5777777777777777 0.39739583333333334 0.5694444444444444 0.4005208333333333 0.5703703703703704
2 0.33645833333333336 0.4537037037037037 0.3385416666666667 0.45555555555555555 0.340625 0.4666666666666667 0.33958333333333335 0.47962962962962963 0.33645833333333336 0.48703703703703705 0.3328125 0.48518518518518516 0.3307291666666667 0.4666666666666667 0.33229166666666665 0.45740740740740743 0.3359375 0.4537037037037037
1 0.36614583333333334 0.8453703703703703 0.36614583333333334 0.8870370370370371 0.31145833333333334 0.9064814814814814 0.30416666666666664 0.9 0.296875 0.9009259259259259 0.29375 0.8935185185185185 0.2942708333333333 0.8805555555555555 0.3015625 0.875 0.3072916666666667 0.8638888888888889 0.365625 0.8453703703703703
1 0.2911458333333333 0.8305555555555556 0.303125 0.8268518518518518 0.3177083333333333 0.8138888888888889 0.33489583333333334 0.8083333333333333 0.365625 0.8018518518518518 0.3671875 0.812037037037037 0.36614583333333334 0.8398148148148148 0.3458333333333333 0.85 0.3229166666666667 0.8555555555555555 0.3109375 0.8546296296296296 0.30364583333333334 0.85 0.29375 0.8527777777777777 0.29010416666666666 0.8453703703703703 0.2911458333333333 0.8314814814814815