0 0.384375 0.3787037037037037 0.3953125 0.412962962962963 0.39375 0.4222222222222222 0.3880208333333333 0.42777777777777776 0.384375 0.42685185185185187 0.37864583333333335 0.41574074074074074 0.3796875 0.3851851851851852 0.38385416666666666 0.3787037037037037
0 0.3807291666666667 0.11203703703703703 0.38385416666666666 0.11851851851851852 0.38333333333333336 0.12962962962962962 0.3875 0.15462962962962962 0.384375 0.16296296296296298 0.3796875 0.16111111111111112 0.37552083333333336 0.1398148148148148 0.3697916666666667 0.1259259259259259 0.371875 0.11388888888888889 0.3802083333333333 0.11203703703703703
0 0.3796875 0.4148148148148148 0.384375 0.4305555555555556 0.3880208333333333 0.46574074074074073 0.3875 0.475 0.38177083333333334 0.47962962962962963 0.37395833333333334 0.4787037037037037 0.37135416666666665 0.4740740740740741 0.3734375 0.462037037037037 0.37135416666666665 0.4324074074074074 0.37447916666666664 0.4166666666666667 0.37604166666666666 0.41388888888888886 0.37916666666666665 0.4148148148148148
0 0.3380208333333333 0.5824074074074074 0.34270833333333334 0.5953703703703703 0.3421875 0.6037037037037037 0.3385416666666667 0.6064814814814815 0.33541666666666664 0.6064814814814815 0.3338541666666667 0.6027777777777777 0.334375 0.5833333333333334 0.3375 0.5824074074074074
0 0.43125 0.1935185185185185 0.434375 0.19907407407407407 0.43697916666666664 0.2175925925925926 0.44114583333333335 0.23055555555555557 0.44114583333333335 0.23796296296296296 0.4390625 0.24166666666666667 0.43385416666666665 0.23703703703703705 0.428125 0.21666666666666667 0.42291666666666666 0.2064814814814815 0.42291666666666666 0.2 0.425 0.19537037037037036 0.43072916666666666 0.1935185185185185
0 0.32916666666666666 0.5009259259259259 0.33125 0.5148148148148148 0.32916666666666666 0.5259259259259259 0.3255208333333333 0.5231481481481481 0.3223958333333333 0.5083333333333333 0.3223958333333333 0.5027777777777778 0.32864583333333336 0.5009259259259259
0 0.4041666666666667 0.29259259259259257 0.4078125 0.30277777777777776 0.40729166666666666 0.31666666666666665 0.39114583333333336 0.3351851851851852 0.38385416666666666 0.33425925925925926 0.38177083333333334 0.3296296296296296 0.38229166666666664 0.32314814814814813 0.3932291666666667 0.29814814814814816 0.39895833333333336 0.29259259259259257 0.4036458333333333 0.29259259259259257
0 0.39010416666666664 0.337037037037037 0.39375 0.3435185185185185 0.39427083333333335 0.35 0.38385416666666666 0.3787037037037037 0.3802083333333333 0.38333333333333336 0.378125 0.4046296296296296 0.3734375 0.4185185185185185 0.36875 0.4425925925925926 0.36614583333333334 0.44537037037037036 0.36354166666666665 0.4425925925925926 0.36302083333333335 0.4351851851851852 0.38125 0.3648148148148148 0.384375 0.34074074074074073 0.3859375 0.337037037037037 0.38958333333333334 0.337037037037037
0 0.4192708333333333 0.3472222222222222 0.42083333333333334 0.35462962962962963 0.41354166666666664 0.4083333333333333 0.409375 0.4305555555555556 0.40260416666666665 0.44166666666666665 0.4015625 0.45 0.4015625 0.4388888888888889 0.4114583333333333 0.3611111111111111 0.41354166666666664 0.35 0.41875 0.3472222222222222
0 0.3546875 0.24351851851851852 0.36041666666666666 0.22685185185185186 0.3651041666666667 0.22870370370370371 0.3609375 0.2537037037037037 0.35520833333333335 0.25092592592592594 0.3546875 0.24444444444444444
0 0.3703125 0.24537037037037038 0.39114583333333336 0.25833333333333336 0.3932291666666667 0.2675925925925926 0.39010416666666664 0.2740740740740741 0.38385416666666666 0.2740740740740741 0.3651041666666667 0.2657407407407407 0.36302083333333335 0.2611111111111111 0.36302083333333335 0.2518518518518518 0.3651041666666667 0.24722222222222223 0.3697916666666667 0.24537037037037038
0 0.3390625 0.26666666666666666 0.3390625 0.27685185185185185 0.33541666666666664 0.28425925925925927 0.3359375 0.337037037037037 0.3333333333333333 0.3416666666666667 0.3255208333333333 0.33796296296296297 0.3255208333333333 0.2814814814814815 0.321875 0.2740740740740741 0.32135416666666666 0.2675925925925926 0.32447916666666665 0.26481481481481484 0.3385416666666667 0.26666666666666666
2 0.3653645833333333 0.14537037037037037 0.0109375 0.037037037037037035
2 0.4041666666666667 0.2902777777777778 0.00625 0.019444444444444445
2 0.34270833333333334 0.39814814814814814 0.34427083333333336 0.40555555555555556 0.34322916666666664 0.41388888888888886 0.3411458333333333 0.4166666666666667 0.3380208333333333 0.4111111111111111 0.3380208333333333 0.4027777777777778 0.3390625 0.3990740740740741 0.3421875 0.39814814814814814
2 0.3385416666666667 0.09907407407407408 0.3390625 0.11018518518518519 0.33645833333333336 0.10833333333333334 0.3359375 0.10185185185185185 0.3380208333333333 0.09907407407407408
2 0.3971354166666667 0.5342592592592592 0.0046875 0.012962962962962963
2 0.4390625 0.6111111111111112 0.440625 0.6231481481481481 0.43854166666666666 0.6287037037037037 0.4359375 0.6277777777777778 0.43385416666666665 0.6222222222222222 0.4348958333333333 0.612037037037037 0.43854166666666666 0.6111111111111112
2 0.4395833333333333 0.4685185185185185 0.4421875 0.47314814814814815 0.4421875 0.47962962962962963 0.43854166666666666 0.48703703703703705 0.4354166666666667 0.48333333333333334 0.4348958333333333 0.4759259259259259 0.4390625 0.4685185185185185
2 0.4635416666666667 0.062037037037037036 0.465625 0.07037037037037037 0.46510416666666665 0.08703703703703704 0.4625 0.09814814814814815 0.45677083333333335 0.10648148148148148 0.4515625 0.09722222222222222 0.4515625 0.07592592592592592 0.45677083333333335 0.062037037037037036 0.45989583333333334 0.05925925925925926 0.4630208333333333 0.062037037037037036
2 0.3385416666666667 0.4537037037037037 0.340625 0.4601851851851852 0.3411458333333333 0.47314814814814815 0.3375 0.48518518518518516 0.334375 0.4842592592592593 0.33229166666666665 0.4787037037037037 0.33177083333333335 0.4638888888888889 0.334375 0.4537037037037037 0.3380208333333333 0.4537037037037037
2 0.3578125 0.575925925925926 0.3609375 0.5851851851851851 0.36041666666666666 0.6027777777777777 0.3578125 0.6092592592592593 0.3541666666666667 0.6074074074074074 0.3515625 0.5944444444444444 0.353125 0.5777777777777777 0.3572916666666667 0.575925925925926
2 0.4505208333333333 0.6194444444444445 0.45364583333333336 0.6231481481481481 0.45364583333333336 0.6342592592592593 0.4505208333333333 0.637962962962963 0.4473958333333333 0.6324074074074074 0.4473958333333333 0.625 0.45 0.6203703703703703
2 0.4109375 0.4351851851851852 0.415625 0.44166666666666665 0.4171875 0.45740740740740743 0.4140625 0.47129629629629627 0.4078125 0.47685185185185186 0.40572916666666664 0.47685185185185186 0.4005208333333333 0.4666666666666667 0.39947916666666666 0.4564814814814815 0.4015625 0.4398148148148148 0.40677083333333336 0.43333333333333335 0.41041666666666665 0.4351851851851852
2 0.34375 0.22592592592592592 0.3458333333333333 0.23148148148148148 0.34322916666666664 0.24351851851851852 0.3411458333333333 0.24351851851851852 0.33958333333333335 0.2388888888888889 0.33958333333333335 0.23055555555555557 0.34322916666666664 0.22592592592592592
2 0.35104166666666664 0.5 0.3536458333333333 0.5157407407407407 0.35260416666666666 0.5231481481481481 0.3494791666666667 0.5277777777777778 0.346875 0.5259259259259259 0.34479166666666666 0.5120370370370371 0.3458333333333333 0.5027777777777778 0.3484375 0.49907407407407406 0.35052083333333334 0.5
2 0.3890625 0.6092592592592593 0.3921875 0.6194444444444445 0.3927083333333333 0.6305555555555555 0.39166666666666666 0.6388888888888888 0.3880208333333333 0.6472222222222223 0.3848958333333333 0.6453703703703704 0.38229166666666664 0.637962962962963 0.38125 0.6212962962962963 0.384375 0.6101851851851852 0.3885416666666667 0.6092592592592593
2 0.46979166666666666 0.2490740740740741 0.4739583333333333 0.2611111111111111 0.4739583333333333 0.27685185185185185 0.4703125 0.2898148148148148 0.4661458333333333 0.29444444444444445 0.46041666666666664 0.28888888888888886 0.4588541666666667 0.27037037037037037 0.46197916666666666 0.25555555555555554 0.46510416666666665 0.25 0.46927083333333336 0.2490740740740741
2 0.4708333333333333 0.48333333333333334 0.4703125 0.4962962962962963 0.46770833333333334 0.4962962962962963 0.4666666666666667 0.49166666666666664 0.4671875 0.4842592592592593 0.4703125 0.48333333333333334
2 0.4546875 0.45 0.45677083333333335 0.4537037037037037 0.45729166666666665 0.46296296296296297 0.45625 0.46944444444444444 0.453125 0.47314814814814815 0.44947916666666665 0.4685185185185185 0.44895833333333335 0.45740740740740743 0.4505208333333333 0.45092592592592595 0.45416666666666666 0.45
2 0.43802083333333336 0.16944444444444445 0.4401041666666667 0.1814814814814815 0.43854166666666666 0.19074074074074074 0.4359375 0.19444444444444445 0.4322916666666667 0.18888888888888888 0.4322916666666667 0.1787037037037037 0.434375 0.1712962962962963 0.4375 0.16944444444444445
2 0.3890625 0.175 0.390625 0.19074074074074074 0.3885416666666667 0.20185185185185187 0.3859375 0.20555555555555555 0.38333333333333336 0.20462962962962963 0.38125 0.19907407407407407 0.38125 0.18518518518518517 0.384375 0.175 0.3885416666666667 0.175
1 0.36614583333333334 0.8425925925925926 0.36770833333333336 0.8481481481481481 0.3671875 0.8851851851851852 0.3645833333333333 0.887962962962963 0.3416666666666667 0.8935185185185185 0.3229166666666667 0.9037037037037037 0.3098958333333333 0.9055555555555556 0.3046875 0.899074074074074 0.29635416666666664 0.899074074074074 0.2942708333333333 0.8925925925925926 0.2947916666666667 0.8796296296296297 0.31145833333333334 0.8601851851851852 0.33958333333333335 0.8537037037037037 0.365625 0.8435185185185186
1 0.36354166666666665 0.8046296296296296 0.3671875 0.8046296296296296 0.36614583333333334 0.8379629629629629 0.35260416666666666 0.8472222222222222 0.325 0.8546296296296296 0.30364583333333334 0.8490740740740741 0.29270833333333335 0.850925925925926 0.290625 0.8435185185185186 0.29270833333333335 0.8287037037037037 0.30104166666666665 0.8268518518518518 0.31979166666666664 0.812037037037037 0.36302083333333335 0.8046296296296296