0 0.6317708333333333 0.5916666666666667 0.6333333333333333 0.5944444444444444 0.6317708333333333 0.6074074074074074 0.6317708333333333 0.6601851851851852 0.6265625 0.6453703703703704 0.625 0.6074074074074074 0.6229166666666667 0.5990740740740741 0.6239583333333333 0.5925925925925926 0.63125 0.5916666666666667
0 0.5484375 0.4074074074074074 0.55 0.40925925925925927 0.55 0.4185185185185185 0.5442708333333334 0.44074074074074077 0.5395833333333333 0.43703703703703706 0.5401041666666667 0.4212962962962963 0.5416666666666666 0.4101851851851852 0.5479166666666667 0.4074074074074074
0 0.6635416666666667 0.33796296296296297 0.6651041666666667 0.34444444444444444 0.6640625 0.37407407407407406 0.6666666666666666 0.38796296296296295 0.6630208333333333 0.39351851851851855 0.653125 0.39166666666666666 0.6515625 0.3861111111111111 0.6541666666666667 0.37407407407407406 0.6552083333333333 0.3416666666666667 0.6578125 0.33796296296296297 0.6630208333333333 0.33796296296296297
0 0.5619791666666667 0.387037037037037 0.5645833333333333 0.3907407407407407 0.5645833333333333 0.3972222222222222 0.5604166666666667 0.40185185185185185 0.5588541666666667 0.43703703703703706 0.5567708333333333 0.44166666666666665 0.5515625 0.44074074074074077 0.55 0.43703703703703706 0.5505208333333333 0.4027777777777778 0.5479166666666667 0.3907407407407407 0.5515625 0.3851851851851852 0.5614583333333333 0.387037037037037
0 0.6291666666666667 0.3592592592592593 0.6338541666666667 0.3611111111111111 0.6338541666666667 0.36666666666666664 0.6307291666666667 0.37407407407407406 0.6296875 0.38425925925925924 0.6265625 0.387037037037037 0.6239583333333333 0.3814814814814815 0.6244791666666667 0.36574074074074076 0.6286458333333333 0.3592592592592593
0 0.6192708333333333 0.6166666666666667 0.625 0.6240740740740741 0.6255208333333333 0.6407407407407407 0.6296875 0.6574074074074074 0.6286458333333333 0.6648148148148149 0.6244791666666667 0.6712962962962963 0.6166666666666667 0.6648148148148149 0.6098958333333333 0.6333333333333333 0.6104166666666667 0.6231481481481481 0.6130208333333333 0.6185185185185185 0.61875 0.6166666666666667
0 0.6505208333333333 0.5861111111111111 0.6572916666666667 0.5944444444444444 0.6578125 0.600925925925926 0.6526041666666667 0.6101851851851852 0.640625 0.7657407407407407 0.6380208333333334 0.7759259259259259 0.6328125 0.775 0.6317708333333333 0.7703703703703704 0.6322916666666667 0.7314814814814815 0.6390625 0.6759259259259259 0.6427083333333333 0.6074074074074074 0.6411458333333333 0.5944444444444444 0.6427083333333333 0.5898148148148148 0.65 0.5861111111111111
0 0.6473958333333333 0.5583333333333333 0.6515625 0.5638888888888889 0.659375 0.5675925925925925 0.6614583333333334 0.5768518518518518 0.6583333333333333 0.5833333333333334 0.6463541666666667 0.5879629629629629 0.6395833333333333 0.5861111111111111 0.6359375 0.5703703703703704 0.6395833333333333 0.5601851851851852 0.6432291666666666 0.5564814814814815 0.646875 0.5583333333333333
0 0.5385416666666667 0.2953703703703704 0.5442708333333334 0.3101851851851852 0.5432291666666667 0.31666666666666665 0.534375 0.31574074074074077 0.5307291666666667 0.3101851851851852 0.53125 0.29814814814814816 0.5380208333333333 0.2953703703703704
0 0.6127604166666667 0.3861111111111111 0.015104166666666667 0.05
0 0.6239583333333333 0.6694444444444444 0.6260416666666667 0.6787037037037037 0.6265625 0.7083333333333334 0.6291666666666667 0.7222222222222222 0.6286458333333333 0.7296296296296296 0.6239583333333333 0.7351851851851852 0.6197916666666666 0.7351851851851852 0.6182291666666667 0.7314814814814815 0.6140625 0.6759259259259259 0.6177083333333333 0.6675925925925926 0.6234375 0.6694444444444444
0 0.6427083333333333 0.5148148148148148 0.653125 0.5166666666666667 0.6473958333333333 0.5537037037037037 0.6411458333333333 0.5564814814814815 0.6427083333333333 0.5157407407407407
0 0.6333333333333333 0.5916666666666667 0.6328125 0.7083333333333334 0.6296875 0.7101851851851851 0.6291666666666667 0.6972222222222222 0.63125 0.6435185185185185 0.6265625 0.637962962962963 0.6260416666666667 0.612037037037037 0.6234375 0.5981481481481481 0.625 0.5925925925925926 0.6328125 0.5925925925925926
0 0.6260416666666667 0.6388888888888888 0.6296875 0.6398148148148148 0.6307291666666667 0.7166666666666667 0.6307291666666667 0.7240740740740741 0.6291666666666667 0.7203703703703703 0.6270833333333333 0.7074074074074074 0.6255208333333333 0.6712962962962963 0.6286458333333333 0.6666666666666666 0.6291666666666667 0.6564814814814814 0.6255208333333333 0.6444444444444445 0.6260416666666667 0.6398148148148148
2 0.575 0.7592592592592593 0.5765625 0.7768518518518519 0.5755208333333334 0.7824074074074074 0.5723958333333333 0.7842592592592592 0.5703125 0.7824074074074074 0.5703125 0.7648148148148148 0.5744791666666667 0.7592592592592593
2 0.5708333333333333 0.7462962962962963 0.5734375 0.7453703703703703 0.5744791666666667 0.7481481481481481 0.5744791666666667 0.7574074074074074 0.5713541666666667 0.7611111111111111 0.5697916666666667 0.7583333333333333 0.5708333333333333 0.7472222222222222
2 0.5166666666666667 0.8046296296296296 0.5208333333333334 0.8148148148148148 0.5213541666666667 0.8287037037037037 0.5182291666666666 0.8435185185185186 0.5130208333333334 0.850925925925926 0.5098958333333333 0.85 0.5072916666666667 0.8435185185185186 0.50625 0.8268518518518518 0.5088541666666667 0.812962962962963 0.5135416666666667 0.8046296296296296 0.5161458333333333 0.8046296296296296
2 0.559375 0.6203703703703703 0.5614583333333333 0.6259259259259259 0.5614583333333333 0.6342592592592593 0.5583333333333333 0.6425925925925926 0.55625 0.6425925925925926 0.5546875 0.637962962962963 0.5546875 0.6287037037037037 0.55625 0.6212962962962963 0.5588541666666667 0.6203703703703703
2 0.615625 0.45925925925925926 0.61875 0.45925925925925926 0.6203125 0.4638888888888889 0.6197916666666666 0.4740740740740741 0.6166666666666667 0.4777777777777778 0.6145833333333334 0.4722222222222222 0.615625 0.4601851851851852
2 0.6317708333333333 0.33425925925925926 0.6307291666666667 0.3435185185185185 0.6291666666666667 0.3416666666666667 0.6291666666666667 0.3351851851851852 0.63125 0.33425925925925926
2 0.534375 0.7138888888888889 0.5364583333333334 0.7185185185185186 0.5375 0.7305555555555555 0.5354166666666667 0.7425925925925926 0.5322916666666667 0.7481481481481481 0.5265625 0.7444444444444445 0.5260416666666666 0.7277777777777777 0.5286458333333334 0.7166666666666667 0.5338541666666666 0.7138888888888889
2 0.6458333333333334 0.3574074074074074 0.6458333333333334 0.3675925925925926 0.64375 0.36574074074074076 0.6453125 0.3574074074074074
2 0.6078125 0.45925925925925926 0.609375 0.46944444444444444 0.6072916666666667 0.47314814814814815 0.6046875 0.46944444444444444 0.6052083333333333 0.4601851851851852 0.6072916666666667 0.45925925925925926
2 0.5458333333333333 0.8194444444444444 0.5484375 0.8277777777777777 0.5484375 0.8398148148148148 0.5463541666666667 0.8518518518518519 0.5432291666666667 0.8564814814814815 0.5385416666666667 0.8546296296296296 0.5364583333333334 0.85 0.5354166666666667 0.8361111111111111 0.5375 0.8240740740740741 0.540625 0.8175925925925925 0.5453125 0.8194444444444444
2 0.58125 0.4101851851851852 0.5854166666666667 0.4148148148148148 0.5875 0.425 0.5875 0.4361111111111111 0.5848958333333333 0.44722222222222224 0.5802083333333333 0.44907407407407407 0.5765625 0.4388888888888889 0.5765625 0.4203703703703704 0.5807291666666666 0.4111111111111111
2 0.5635416666666667 0.32592592592592595 0.004166666666666667 0.012962962962962963
2 0.575 0.7842592592592592 0.5770833333333333 0.7953703703703704 0.5765625 0.8046296296296296 0.5713541666666667 0.8166666666666667 0.5671875 0.8111111111111111 0.5666666666666667 0.799074074074074 0.5692708333333333 0.7870370370370371 0.5713541666666667 0.7833333333333333 0.5744791666666667 0.7842592592592592
2 0.5458333333333333 0.8574074074074074 0.5473958333333333 0.8685185185185185 0.5442708333333334 0.875 0.5416666666666666 0.8731481481481481 0.5411458333333333 0.8666666666666667 0.5421875 0.8592592592592593 0.5453125 0.8574074074074074
2 0.534375 0.5564814814814815 0.5364583333333334 0.5611111111111111 0.5359375 0.5685185185185185 0.5322916666666667 0.5685185185185185 0.5322916666666667 0.5592592592592592 0.5338541666666666 0.5574074074074075
2 0.5432291666666667 0.6564814814814814 0.5473958333333333 0.6648148148148149 0.5484375 0.6777777777777778 0.5458333333333333 0.6935185185185185 0.5427083333333333 0.6981481481481482 0.5369791666666667 0.6944444444444444 0.534375 0.6824074074074075 0.5375 0.6620370370370371 0.5427083333333333 0.6564814814814814
2 0.5296875 0.7675925925925926 0.5328125 0.774074074074074 0.5338541666666666 0.7916666666666666 0.5322916666666667 0.8009259259259259 0.5276041666666667 0.8111111111111111 0.5239583333333333 0.8111111111111111 0.5213541666666667 0.8064814814814815 0.5197916666666667 0.7962962962962963 0.5223958333333333 0.775 0.5265625 0.7675925925925926 0.5291666666666667 0.7675925925925926
2 0.5541666666666667 0.7509259259259259 0.5578125 0.7583333333333333 0.5588541666666667 0.7694444444444445 0.5567708333333333 0.7842592592592592 0.5520833333333334 0.7935185185185185 0.5489583333333333 0.7925925925925926 0.546875 0.787962962962963 0.5458333333333333 0.7694444444444445 0.5489583333333333 0.7546296296296297 0.5536458333333333 0.7509259259259259
2 0.6528645833333333 0.5365740740740741 0.009895833333333333 0.03611111111111111
2 0.6432291666666666 0.524074074074074 0.6447916666666667 0.525 0.64375 0.55 0.6411458333333333 0.55 0.6395833333333333 0.5425925925925926 0.6432291666666666 0.525
1 0.6770833333333334 0.024074074074074074 0.6822916666666666 0.030555555555555555 0.690625 0.02962962962962963 0.6921875 0.03796296296296296 0.6911458333333333 0.05092592592592592 0.6848958333333334 0.05555555555555555 0.6786458333333333 0.06666666666666667 0.628125 0.08425925925925926 0.6223958333333334 0.08148148148148149 0.6223958333333334 0.04259259259259259 0.6453125 0.03796296296296296 0.6505208333333333 0.03333333333333333 0.6765625 0.024074074074074074
1 0.6671875 0.07592592592592592 0.6833333333333333 0.08055555555555556 0.6932291666666667 0.07685185185185185 0.6953125 0.07962962962962963 0.6963541666666667 0.08796296296296297 0.6947916666666667 0.09907407407407408 0.6848958333333334 0.10185185185185185 0.6671875 0.11666666666666667 0.6328125 0.12314814814814815 0.6223958333333334 0.12314814814814815 0.6223958333333334 0.09074074074074075 0.6322916666666667 0.08425925925925926 0.6541666666666667 0.07685185185185185 0.6666666666666666 0.07592592592592592