0 0.5427083333333333 0.25092592592592594 0.5447916666666667 0.262037037037037 0.5442708333333334 0.2740740740740741 0.5375 0.27314814814814814 0.5359375 0.2611111111111111 0.5369791666666667 0.25092592592592594 0.5421875 0.25092592592592594
0 0.5328125 0.1935185185185185 0.5479166666666667 0.20925925925925926 0.5489583333333333 0.2175925925925926 0.5458333333333333 0.21944444444444444 0.5296875 0.2074074074074074 0.5291666666666667 0.2 0.5322916666666667 0.19444444444444445
0 0.4578125 0.2101851851851852 0.46197916666666666 0.21666666666666667 0.46197916666666666 0.22870370370370371 0.4578125 0.22685185185185186 0.453125 0.2175925925925926 0.45364583333333336 0.21296296296296297 0.45729166666666665 0.2101851851851852
0 0.440625 0.35833333333333334 0.471875 0.3925925925925926 0.49322916666666666 0.4101851851851852 0.4947916666666667 0.42314814814814816 0.490625 0.4287037037037037 0.4864583333333333 0.42777777777777776 0.47760416666666666 0.41203703703703703 0.4354166666666667 0.36666666666666664 0.4348958333333333 0.36018518518518516 0.4401041666666667 0.35833333333333334
0 0.6541666666666667 0.325 0.6614583333333334 0.33796296296296297 0.6614583333333334 0.35462962962962963 0.6552083333333333 0.36203703703703705 0.646875 0.35833333333333334 0.6197916666666666 0.3787037037037037 0.615625 0.37777777777777777 0.6125 0.37222222222222223 0.6119791666666666 0.36574074074074076 0.615625 0.35833333333333334 0.6411458333333333 0.34074074074074073 0.6489583333333333 0.3277777777777778 0.6536458333333334 0.32592592592592595
0 0.4276041666666667 0.225 0.43020833333333336 0.23055555555555557 0.43020833333333336 0.23703703703703705 0.4265625 0.24166666666666667 0.421875 0.23796296296296296 0.4197916666666667 0.22685185185185186 0.4270833333333333 0.225
0 0.51015625 0.38101851851851853 0.0234375 0.03796296296296296
0 0.3729166666666667 0.43148148148148147 0.37135416666666665 0.41759259259259257 0.37395833333333334 0.4064814814814815 0.3796875 0.3962962962962963 0.390625 0.32314814814814813 0.3932291666666667 0.3101851851851852 0.3963541666666667 0.30648148148148147 0.403125 0.30833333333333335 0.4036458333333333 0.3212962962962963 0.390625 0.4009259259259259 0.3927083333333333 0.42592592592592593 0.38697916666666665 0.43796296296296294 0.3796875 0.43796296296296294 0.3734375 0.43148148148148147
0 0.5177083333333333 0.387037037037037 0.5885416666666666 0.40925925925925927 0.5984375 0.4064814814814815 0.5994791666666667 0.4185185185185185 0.5979166666666667 0.425 0.5755208333333334 0.41574074074074074 0.5145833333333333 0.3990740740740741 0.5114583333333333 0.3972222222222222 0.5114583333333333 0.39351851851851855 0.5135416666666667 0.38796296296296295 0.5171875 0.387037037037037
0 0.6020833333333333 0.26666666666666666 0.6026041666666667 0.2777777777777778 0.6 0.2833333333333333 0.5869791666666667 0.287962962962963 0.5765625 0.2962962962962963 0.571875 0.29444444444444445 0.5692708333333333 0.2861111111111111 0.5692708333333333 0.2777777777777778 0.5729166666666666 0.26851851851851855 0.5947916666666667 0.26481481481481484 0.6015625 0.26666666666666666
0 0.5802083333333333 0.18703703703703703 0.5848958333333333 0.19444444444444445 0.6020833333333333 0.20925925925925926 0.6026041666666667 0.21574074074074073 0.6005208333333333 0.22037037037037038 0.596875 0.22037037037037038 0.5828125 0.2074074074074074 0.5734375 0.2037037037037037 0.571875 0.19814814814814816 0.5729166666666666 0.18981481481481483 0.5770833333333333 0.18518518518518517 0.5796875 0.18703703703703703
0 0.47239583333333335 0.1787037037037037 0.4791666666666667 0.19814814814814816 0.47239583333333335 0.18888888888888888 0.45416666666666666 0.20462962962962963 0.4510416666666667 0.21296296296296297 0.4479166666666667 0.2101851851851852 0.44635416666666666 0.19722222222222222 0.4666666666666667 0.18611111111111112 0.46822916666666664 0.18055555555555555 0.471875 0.1787037037037037
0 0.46875 0.1925925925925926 0.47291666666666665 0.19074074074074074 0.4765625 0.19722222222222222 0.478125 0.20555555555555555 0.4765625 0.21388888888888888 0.4703125 0.21203703703703702 0.45989583333333334 0.21666666666666667 0.4578125 0.2111111111111111 0.4557291666666667 0.2111111111111111 0.45260416666666664 0.21481481481481482 0.45208333333333334 0.20925925925925926 0.45416666666666666 0.20462962962962963 0.46822916666666664 0.19722222222222222 0.46927083333333336 0.1935185185185185
2 0.5145833333333333 0.30462962962962964 0.51875 0.30925925925925923 0.5197916666666667 0.31574074074074077 0.5125 0.32314814814814813 0.49947916666666664 0.32037037037037036 0.4973958333333333 0.3175925925925926 0.496875 0.30925925925925923 0.5052083333333334 0.30277777777777776 0.5140625 0.30462962962962964
2 0.4041666666666667 0.20555555555555555 0.4036458333333333 0.2101851851851852 0.39947916666666666 0.2101851851851852 0.3984375 0.2064814814814815 0.4036458333333333 0.20555555555555555
2 0.43854166666666666 0.23796296296296296 0.44427083333333334 0.24074074074074073 0.44583333333333336 0.2490740740740741 0.4375 0.2537037037037037 0.428125 0.25 0.4265625 0.24351851851851852 0.43072916666666666 0.2388888888888889 0.43802083333333336 0.23796296296296296
2 0.48385416666666664 0.2972222222222222 0.49322916666666666 0.30277777777777776 0.4921875 0.31296296296296294 0.4864583333333333 0.3175925925925926 0.47552083333333334 0.3148148148148148 0.4734375 0.3101851851851852 0.4734375 0.3037037037037037 0.47760416666666666 0.29907407407407405 0.48333333333333334 0.29814814814814816
2 0.5932291666666667 0.33796296296296297 0.5953125 0.34444444444444444 0.5916666666666667 0.35 0.5848958333333333 0.34814814814814815 0.5828125 0.3416666666666667 0.5880208333333333 0.33611111111111114 0.5927083333333333 0.33796296296296297
2 0.5130208333333334 0.3351851851851852 0.5182291666666666 0.33796296296296297 0.5208333333333334 0.3435185185185185 0.5197916666666667 0.35185185185185186 0.5135416666666667 0.35555555555555557 0.5046875 0.35462962962962963 0.49895833333333334 0.3472222222222222 0.5010416666666667 0.33796296296296297 0.5052083333333334 0.33425925925925926 0.5125 0.3351851851851852
2 0.48385416666666664 0.2777777777777778 0.4875 0.2861111111111111 0.48072916666666665 0.29444444444444445 0.47291666666666665 0.2916666666666667 0.46979166666666666 0.2861111111111111 0.4703125 0.2824074074074074 0.4744791666666667 0.2777777777777778 0.48333333333333334 0.2777777777777778
2 0.6057291666666667 0.3037037037037037 0.6119791666666666 0.31203703703703706 0.6114583333333333 0.3175925925925926 0.6057291666666667 0.32314814814814813 0.5979166666666667 0.32222222222222224 0.5932291666666667 0.3148148148148148 0.5958333333333333 0.3055555555555556 0.6052083333333333 0.3037037037037037
2 0.4640625 0.29259259259259257 0.4661458333333333 0.2962962962962963 0.4640625 0.30092592592592593 0.45989583333333334 0.29907407407407405 0.45989583333333334 0.2953703703703704 0.4635416666666667 0.29259259259259257
2 0.46145833333333336 0.32407407407407407 0.4635416666666667 0.3277777777777778 0.4630208333333333 0.3351851851851852 0.45625 0.34074074074074073 0.4479166666666667 0.33796296296296297 0.44583333333333336 0.33055555555555555 0.45 0.32407407407407407 0.4609375 0.32407407407407407
2 0.528125 0.2777777777777778 0.5291666666666667 0.2824074074074074 0.5265625 0.28425925925925927 0.5229166666666667 0.2796296296296296 0.5276041666666667 0.2777777777777778
2 0.4296875 0.25 0.4322916666666667 0.2537037037037037 0.44583333333333336 0.2537037037037037 0.44583333333333336 0.25833333333333336 0.44375 0.2611111111111111 0.4359375 0.26481481481481484 0.4296875 0.26296296296296295 0.42552083333333335 0.2574074074074074 0.42552083333333335 0.25277777777777777 0.42916666666666664 0.25
2 0.5369791666666667 0.33611111111111114 0.5385416666666667 0.33796296296296297 0.5385416666666667 0.34444444444444444 0.5338541666666666 0.3472222222222222 0.528125 0.3453703703703704 0.5270833333333333 0.3398148148148148 0.53125 0.3351851851851852 0.5364583333333334 0.33611111111111114
2 0.5088541666666667 0.25462962962962965 0.515625 0.2611111111111111 0.5151041666666667 0.2675925925925926 0.5104166666666666 0.2722222222222222 0.5015625 0.2722222222222222 0.49583333333333335 0.26481481481481484 0.4979166666666667 0.2574074074074074 0.5083333333333333 0.25462962962962965
2 0.5484375 0.33611111111111114 0.5515625 0.3435185185185185 0.55 0.3472222222222222 0.5463541666666667 0.34814814814814815 0.5395833333333333 0.3453703703703704 0.5390625 0.3398148148148148 0.5421875 0.33611111111111114 0.5479166666666667 0.33611111111111114
2 0.5333333333333333 0.2611111111111111 0.5364583333333334 0.2638888888888889 0.5369791666666667 0.26944444444444443 0.5328125 0.2740740740740741 0.5296875 0.2740740740740741 0.5260416666666666 0.26851851851851855 0.5260416666666666 0.26481481481481484 0.5328125 0.2611111111111111
2 0.5416666666666666 0.2722222222222222 0.5479166666666667 0.2722222222222222 0.5510416666666667 0.27685185185185185 0.55 0.2851851851851852 0.5427083333333333 0.2898148148148148 0.5354166666666667 0.287962962962963 0.5307291666666667 0.28055555555555556 0.5359375 0.2712962962962963 0.5411458333333333 0.2722222222222222
1 0.8588541666666667 0.462037037037037 0.8604166666666667 0.4666666666666667 0.8625 0.5842592592592593 0.8390625 0.5675925925925925 0.8296875 0.5537037037037037 0.83125 0.5407407407407407 0.8416666666666667 0.5018518518518519 0.8453125 0.4722222222222222 0.85 0.4648148148148148 0.8583333333333333 0.462037037037037
1 0.24479166666666666 0.13703703703703704 0.2484375 0.15 0.2526041666666667 0.15462962962962962 0.25625 0.1648148148148148 0.25677083333333334 0.1925925925925926 0.2671875 0.25833333333333336 0.26614583333333336 0.262037037037037 0.25729166666666664 0.26296296296296295 0.24114583333333334 0.2611111111111111 0.2375 0.2175925925925926 0.23072916666666668 0.17222222222222222 0.23072916666666668 0.16296296296296298 0.234375 0.1537037037037037 0.23333333333333334 0.14074074074074075 0.23802083333333332 0.1361111111111111 0.24427083333333333 0.13703703703703704
1 0.2708333333333333 0.12962962962962962 0.2734375 0.13333333333333333 0.28229166666666666 0.1787037037037037 0.2869791666666667 0.2388888888888889 0.29010416666666666 0.2574074074074074 0.28958333333333336 0.2611111111111111 0.2869791666666667 0.262037037037037 0.26927083333333335 0.2611111111111111 0.2640625 0.23796296296296296 0.2635416666666667 0.22407407407407406 0.2578125 0.18796296296296297 0.25833333333333336 0.16944444444444445 0.26145833333333335 0.1527777777777778 0.2604166666666667 0.13240740740740742 0.26510416666666664 0.1287037037037037 0.2703125 0.12962962962962962
1 0.8328125 0.5185185185185185 0.8302083333333333 0.5046296296296297 0.8317708333333333 0.475 0.8416666666666667 0.4527777777777778 0.8473958333333333 0.44907407407407407 0.8536458333333333 0.4351851851851852 0.8583333333333333 0.4324074074074074 0.8598958333333333 0.4388888888888889 0.8578125 0.45925925925925926 0.8458333333333333 0.4722222222222222 0.8385416666666666 0.5157407407407407 0.8359375 0.5203703703703704 0.8333333333333334 0.5185185185185185