0 0.41458333333333336 0.4324074074074074 0.4192708333333333 0.4361111111111111 0.4328125 0.4685185185185185 0.4322916666666667 0.4787037037037037 0.42552083333333335 0.487962962962963 0.42083333333333334 0.487962962962963 0.4166666666666667 0.4824074074074074 0.41458333333333336 0.46574074074074073 0.4083333333333333 0.44814814814814813 0.4088541666666667 0.43703703703703706 0.4140625 0.4324074074074074
0 0.34479166666666666 0.6296296296296297 0.3463541666666667 0.6324074074074074 0.346875 0.6583333333333333 0.35104166666666664 0.6824074074074075 0.35052083333333334 0.6916666666666667 0.346875 0.6944444444444444 0.34375 0.6944444444444444 0.3421875 0.6898148148148148 0.33645833333333336 0.6472222222222223 0.3338541666666667 0.6416666666666667 0.334375 0.6342592592592593 0.33645833333333336 0.6314814814814815 0.34427083333333336 0.6296296296296297
0 0.4609375 0.2490740740740741 0.46770833333333334 0.25 0.4713541666666667 0.2564814814814815 0.4713541666666667 0.26481481481481484 0.46822916666666664 0.27037037037037037 0.46197916666666666 0.26851851851851855 0.4578125 0.25925925925925924 0.4578125 0.25092592592592594 0.46041666666666664 0.2490740740740741
0 0.290625 0.24259259259259258 0.33489583333333334 0.25092592592592594 0.3453125 0.2490740740740741 0.34739583333333335 0.2537037037037037 0.34739583333333335 0.2601851851851852 0.3453125 0.2638888888888889 0.3359375 0.2601851851851852 0.2791666666666667 0.2537037037037037 0.27708333333333335 0.25092592592592594 0.278125 0.24259259259259258 0.29010416666666666 0.24259259259259258
0 0.46197916666666666 0.43425925925925923 0.4640625 0.4361111111111111 0.465625 0.4601851851851852 0.46458333333333335 0.4666666666666667 0.46145833333333336 0.46944444444444444 0.459375 0.4666666666666667 0.45416666666666666 0.44351851851851853 0.45625 0.43703703703703706 0.46145833333333336 0.43425925925925923
0 0.34010416666666665 0.5472222222222223 0.34479166666666666 0.5509259259259259 0.34322916666666664 0.5592592592592592 0.334375 0.5592592592592592 0.33489583333333334 0.55 0.33958333333333335 0.5472222222222223
0 0.3567708333333333 0.2962962962962963 0.3619791666666667 0.30277777777777776 0.384375 0.30648148148148147 0.3859375 0.31666666666666665 0.38333333333333336 0.32407407407407407 0.3609375 0.3212962962962963 0.35625 0.325 0.35208333333333336 0.32314814814814813 0.3494791666666667 0.31296296296296294 0.35104166666666664 0.3 0.35625 0.2962962962962963
0 0.4036458333333333 0.5148148148148148 0.40572916666666664 0.5194444444444445 0.40625 0.5305555555555556 0.40208333333333335 0.5416666666666666 0.38229166666666664 0.5398148148148149 0.2921875 0.5555555555555556 0.28541666666666665 0.5527777777777778 0.2838541666666667 0.5398148148148149 0.2859375 0.5333333333333333 0.3859375 0.5203703703703704 0.39791666666666664 0.5138888888888888 0.403125 0.5148148148148148
0 0.36822916666666666 0.7064814814814815 0.39739583333333334 0.7064814814814815 0.4 0.7111111111111111 0.4 0.7185185185185186 0.3963541666666667 0.7222222222222222 0.3619791666666667 0.7212962962962963 0.359375 0.7175925925925926 0.359375 0.7083333333333334 0.3614583333333333 0.7055555555555556 0.36770833333333336 0.7064814814814815
0 0.3390625 0.42777777777777776 0.3411458333333333 0.42962962962962964 0.3416666666666667 0.4361111111111111 0.3390625 0.44166666666666665 0.34010416666666665 0.4685185185185185 0.3375 0.4722222222222222 0.3328125 0.4703703703703704 0.33229166666666665 0.44537037037037036 0.32864583333333336 0.4324074074074074 0.3307291666666667 0.4287037037037037 0.3385416666666667 0.42777777777777776
2 0.38958333333333334 0.36666666666666664 0.3921875 0.3731481481481482 0.39114583333333336 0.38055555555555554 0.3875 0.3824074074074074 0.38645833333333335 0.37777777777777777 0.38697916666666665 0.37037037037037035 0.3890625 0.3675925925925926
2 0.4083333333333333 0.3611111111111111 0.40989583333333335 0.3768518518518518 0.40677083333333336 0.38981481481481484 0.40208333333333335 0.3861111111111111 0.4010416666666667 0.3731481481481482 0.40260416666666665 0.362962962962963 0.40520833333333334 0.3592592592592593 0.4078125 0.3611111111111111
2 0.43125 0.16018518518518518 0.4348958333333333 0.1685185185185185 0.4348958333333333 0.1814814814814815 0.4322916666666667 0.1925925925925926 0.42916666666666664 0.1962962962962963 0.4239583333333333 0.19166666666666668 0.42239583333333336 0.17685185185185184 0.42604166666666665 0.16203703703703703 0.43072916666666666 0.16018518518518518
2 0.41041666666666665 0.7458333333333333 0.00625 0.017592592592592594
2 0.3796875 0.49722222222222223 0.3796875 0.5074074074074074 0.3776041666666667 0.5083333333333333 0.3765625 0.5055555555555555 0.3765625 0.5 0.37916666666666665 0.4981481481481482
2 0.45598958333333334 0.21342592592592594 0.0046875 0.013888888888888888
2 0.3796875 0.6324074074074074 0.38333333333333336 0.6314814814814815 0.3848958333333333 0.6398148148148148 0.38385416666666666 0.649074074074074 0.3796875 0.6509259259259259 0.3796875 0.6333333333333333
2 0.38697916666666665 0.2351851851851852 0.3890625 0.2537037037037037 0.38697916666666665 0.26666666666666666 0.38385416666666666 0.2712962962962963 0.3796875 0.2657407407407407 0.37864583333333335 0.2518518518518518 0.38125 0.23703703703703705 0.38645833333333335 0.2351851851851852
2 0.4421875 0.38425925925925924 0.44166666666666665 0.3731481481481482 0.44427083333333334 0.3675925925925926 0.446875 0.36944444444444446 0.4473958333333333 0.38055555555555554 0.44583333333333336 0.3851851851851852 0.4427083333333333 0.38425925925925924
2 0.45260416666666664 0.7416666666666667 0.4557291666666667 0.7462962962962963 0.4578125 0.7592592592592593 0.4578125 0.775 0.45364583333333336 0.7851851851851852 0.4510416666666667 0.7851851851851852 0.4473958333333333 0.7796296296296297 0.44479166666666664 0.7685185185185185 0.44479166666666664 0.7509259259259259 0.4473958333333333 0.7435185185185185 0.45208333333333334 0.7416666666666667
2 0.33645833333333336 0.3675925925925926 0.3380208333333333 0.37037037037037035 0.3375 0.3814814814814815 0.33489583333333334 0.3824074074074074 0.3338541666666667 0.3768518518518518 0.3359375 0.3685185185185185
2 0.46458333333333335 0.6037037037037037 0.4666666666666667 0.6074074074074074 0.4671875 0.6203703703703703 0.4640625 0.6277777777777778 0.46145833333333336 0.6268518518518519 0.459375 0.6203703703703703 0.45989583333333334 0.6083333333333333 0.4640625 0.6037037037037037
2 0.42109375 0.2953703703703704 0.013020833333333334 0.040740740740740744
2 0.3919270833333333 0.6 0.009895833333333333 0.037037037037037035
2 0.43385416666666665 0.29212962962962963 0.007291666666666667 0.023148148148148147
2 0.49322916666666666 0.5527777777777778 0.49635416666666665 0.5509259259259259 0.4979166666666667 0.5546296296296296 0.4973958333333333 0.5638888888888889 0.4942708333333333 0.5657407407407408 0.49270833333333336 0.5611111111111111 0.49322916666666666 0.5537037037037037
2 0.4421875 0.44722222222222224 0.44635416666666666 0.4546296296296296 0.4473958333333333 0.4675925925925926 0.44479166666666664 0.48518518518518516 0.44166666666666665 0.4888888888888889 0.4375 0.4861111111111111 0.434375 0.4759259259259259 0.4359375 0.45555555555555555 0.4390625 0.44814814814814813 0.44166666666666665 0.44722222222222224
2 0.3578125 0.3861111111111111 0.009375 0.03518518518518519
2 0.42135416666666664 0.5768518518518518 0.425 0.5805555555555556 0.4270833333333333 0.5898148148148148 0.4270833333333333 0.6046296296296296 0.42239583333333336 0.6166666666666667 0.41822916666666665 0.6148148148148148 0.41458333333333336 0.5962962962962963 0.4166666666666667 0.5805555555555556 0.42083333333333334 0.5768518518518518
2 0.4973958333333333 0.587037037037037 0.005208333333333333 0.014814814814814815
0 0.4192708333333333 0.21388888888888888 0.42552083333333335 0.22962962962962963 0.42291666666666666 0.23796296296296296 0.4140625 0.225 0.4109375 0.225 0.4125 0.21388888888888888 0.415625 0.2111111111111111 0.41875 0.21388888888888888
2 0.4276041666666667 0.2324074074074074 0.428125 0.24074074074074073 0.42552083333333335 0.2462962962962963 0.4239583333333333 0.23703703703703705 0.4270833333333333 0.2324074074074074
1 0.38177083333333334 0.9222222222222223 0.38177083333333334 0.9685185185185186 0.32708333333333334 0.9907407407407407 0.32083333333333336 0.9842592592592593 0.31302083333333336 0.9842592592592593 0.3104166666666667 0.975925925925926 0.3109375 0.9629629629629629 0.3171875 0.9592592592592593 0.3229166666666667 0.9453703703703704 0.32760416666666664 0.9407407407407408 0.3645833333333333 0.9314814814814815 0.37552083333333336 0.9231481481481482 0.38125 0.9222222222222223
1 0.38125 0.8805555555555555 0.38125 0.9194444444444444 0.35104166666666664 0.9342592592592592 0.32708333333333334 0.9351851851851852 0.3171875 0.9314814814814815 0.31197916666666664 0.9351851851851852 0.3072916666666667 0.9342592592592592 0.30572916666666666 0.9185185185185185 0.3078125 0.9120370370370371 0.3151041666666667 0.9101851851851852 0.334375 0.8944444444444445 0.36822916666666666 0.8842592592592593 0.3729166666666667 0.8796296296296297 0.3807291666666667 0.8805555555555555