0 0.5395833333333333 0.2601851851851852 0.5432291666666667 0.262037037037037 0.5442708333333334 0.2657407407407407 0.5442708333333334 0.2759259259259259 0.5427083333333333 0.27870370370370373 0.5255208333333333 0.2833333333333333 0.5192708333333333 0.287962962962963 0.5145833333333333 0.287962962962963 0.5119791666666667 0.2833333333333333 0.5109375 0.27037037037037037 0.5130208333333334 0.262037037037037 0.5390625 0.2601851851851852
0 0.6817708333333333 0.3277777777777778 0.6838541666666667 0.33796296296296297 0.6822916666666666 0.34444444444444444 0.675 0.3435185185185185 0.6729166666666667 0.33796296296296297 0.6755208333333333 0.3296296296296296 0.68125 0.3277777777777778
0 0.3802083333333333 0.2037037037037037 0.38333333333333336 0.20833333333333334 0.4427083333333333 0.2111111111111111 0.44427083333333334 0.21574074074074073 0.4427083333333333 0.2222222222222222 0.40260416666666665 0.21944444444444444 0.3796875 0.2222222222222222 0.3765625 0.21296296296296297 0.3770833333333333 0.2064814814814815 0.3796875 0.2037037037037037
0 0.4125 0.3824074074074074 0.41822916666666665 0.3972222222222222 0.41458333333333336 0.4101851851851852 0.40520833333333334 0.42777777777777776 0.3984375 0.45092592592592595 0.39427083333333335 0.4564814814814815 0.3885416666666667 0.4546296296296296 0.3859375 0.4425925925925926 0.39739583333333334 0.40555555555555556 0.39739583333333334 0.3925925925925926 0.40208333333333335 0.38055555555555554 0.4119791666666667 0.3824074074074074
0 0.6276041666666666 0.2722222222222222 0.6307291666666667 0.27870370370370373 0.6296875 0.28888888888888886 0.6130208333333333 0.30833333333333335 0.6078125 0.30833333333333335 0.6046875 0.30462962962962964 0.6020833333333333 0.29444444444444445 0.6026041666666667 0.28703703703703703 0.6213541666666667 0.2722222222222222 0.6270833333333333 0.2722222222222222
0 0.46822916666666664 0.23425925925925925 0.48020833333333335 0.23981481481481481 0.5333333333333333 0.25 0.5359375 0.25462962962962965 0.5333333333333333 0.2601851851851852 0.5213541666666667 0.2601851851851852 0.4890625 0.25092592592592594 0.4703125 0.2518518518518518 0.4666666666666667 0.24722222222222223 0.46822916666666664 0.2351851851851852
0 0.6145833333333334 0.3074074074074074 0.625 0.29259259259259257 0.6296875 0.2916666666666667 0.6322916666666667 0.3 0.6276041666666666 0.3101851851851852 0.6223958333333334 0.31203703703703706 0.6151041666666667 0.30833333333333335
0 0.6359375 0.30092592592592593 0.6416666666666667 0.30648148148148147 0.6463541666666667 0.31666666666666665 0.6453125 0.3277777777777778 0.6416666666666667 0.33240740740740743 0.634375 0.3314814814814815 0.6307291666666667 0.32222222222222224 0.6296875 0.3055555555555556 0.6333333333333333 0.3 0.6354166666666666 0.30092592592592593
0 0.5020833333333333 0.33796296296296297 0.5119791666666667 0.3398148148148148 0.5135416666666667 0.3435185185185185 0.5119791666666667 0.3509259259259259 0.503125 0.35555555555555557 0.4979166666666667 0.35462962962962963 0.49635416666666665 0.3453703703703704 0.4979166666666667 0.33796296296296297 0.5015625 0.33796296296296297
0 0.621875 0.2518518518518518 0.6265625 0.2601851851851852 0.6260416666666667 0.26944444444444443 0.6005208333333333 0.2898148148148148 0.59375 0.28888888888888886 0.5916666666666667 0.2833333333333333 0.5921875 0.27685185185185185 0.6213541666666667 0.2518518518518518
0 0.5416666666666666 0.225 0.5432291666666667 0.23796296296296296 0.5401041666666667 0.24351851851851852 0.5223958333333333 0.2388888888888889 0.5197916666666667 0.23425925925925925 0.5197916666666667 0.22870370370370371 0.521875 0.22592592592592592 0.5411458333333333 0.225
0 0.6484375 0.3 0.6536458333333334 0.3 0.6609375 0.3111111111111111 0.6630208333333333 0.32037037037037036 0.6614583333333334 0.3277777777777778 0.6583333333333333 0.3314814814814815 0.6510416666666666 0.33055555555555555 0.6489583333333333 0.32592592592592595 0.6473958333333333 0.3074074074074074 0.6484375 0.30092592592592593
0 0.4390625 0.26944444444444443 0.4479166666666667 0.2537037037037037 0.45364583333333336 0.2537037037037037 0.4552083333333333 0.26481481481481484 0.453125 0.27314814814814814 0.4270833333333333 0.3287037037037037 0.425 0.34814814814814815 0.42135416666666664 0.35555555555555557 0.4166666666666667 0.3574074074074074 0.4109375 0.35462962962962963 0.40625 0.3435185185185185 0.40625 0.33611111111111114 0.4088541666666667 0.3277777777777778 0.42083333333333334 0.3148148148148148 0.4390625 0.27037037037037037
2 0.6828125 0.44166666666666665 0.6895833333333333 0.44537037037037036 0.6942708333333333 0.4527777777777778 0.69375 0.46111111111111114 0.6885416666666667 0.4666666666666667 0.6791666666666667 0.4666666666666667 0.6692708333333334 0.45555555555555555 0.6708333333333333 0.44537037037037036 0.6755208333333333 0.44166666666666665 0.6822916666666666 0.44166666666666665
2 0.6895833333333333 0.3675925925925926 0.69375 0.37222222222222223 0.6947916666666667 0.37777777777777777 0.6921875 0.38425925925925924 0.6890625 0.3861111111111111 0.68125 0.3861111111111111 0.6734375 0.3768518518518518 0.6739583333333333 0.36944444444444446 0.6770833333333334 0.36666666666666664 0.6822916666666666 0.3648148148148148 0.6890625 0.3675925925925926
2 0.6572916666666667 0.3425925925925926 0.0125 0.012962962962962963
2 0.4703125 0.3 0.47291666666666665 0.3037037037037037 0.47291666666666665 0.3074074074074074 0.4703125 0.3101851851851852 0.46197916666666666 0.3074074074074074 0.4635416666666667 0.30092592592592593 0.46979166666666666 0.3
2 0.6583333333333333 0.22962962962962963 0.6614583333333334 0.23333333333333334 0.6614583333333334 0.23796296296296296 0.6588541666666666 0.24074074074074073 0.6515625 0.24074074074074073 0.6463541666666667 0.23425925925925925 0.6505208333333333 0.22870370370370371 0.6578125 0.22962962962962963
2 0.6494791666666667 0.38333333333333336 0.65625 0.3861111111111111 0.6598958333333333 0.39351851851851855 0.6588541666666666 0.4 0.653125 0.40555555555555556 0.6458333333333334 0.4046296296296296 0.6369791666666667 0.3962962962962963 0.6369791666666667 0.38981481481481484 0.6390625 0.3861111111111111 0.6489583333333333 0.38333333333333336
2 0.45416666666666666 0.387037037037037 0.45989583333333334 0.3861111111111111 0.4609375 0.3888888888888889 0.459375 0.3925925925925926 0.4552083333333333 0.3925925925925926 0.45416666666666666 0.38796296296296295
2 0.434375 0.3416666666666667 0.43333333333333335 0.3472222222222222 0.428125 0.3472222222222222 0.4270833333333333 0.34444444444444444 0.4296875 0.34074074074074073 0.43385416666666665 0.3416666666666667
2 0.63125 0.22037037037037038 0.6317708333333333 0.225 0.6296875 0.22685185185185186 0.6244791666666667 0.225 0.6239583333333333 0.2212962962962963 0.6307291666666667 0.22037037037037038
2 0.4703125 0.34444444444444444 0.4703125 0.35 0.46458333333333335 0.3490740740740741 0.46510416666666665 0.34444444444444444 0.46979166666666666 0.34444444444444444
2 0.6729166666666667 0.3490740740740741 0.6786458333333333 0.3527777777777778 0.6828125 0.36018518518518516 0.6822916666666666 0.3648148148148148 0.6755208333333333 0.3685185185185185 0.6645833333333333 0.36666666666666664 0.6609375 0.3592592592592593 0.6640625 0.35185185185185186 0.6723958333333333 0.3490740740740741
2 0.48489583333333336 0.28703703703703703 0.48802083333333335 0.28888888888888886 0.4901041666666667 0.2962962962962963 0.48854166666666665 0.3 0.48125 0.30277777777777776 0.4734375 0.3 0.4713541666666667 0.29259259259259257 0.478125 0.2861111111111111 0.484375 0.28703703703703703
2 0.6963541666666667 0.3685185185185185 0.7015625 0.3731481481481482 0.7010416666666667 0.3768518518518518 0.6963541666666667 0.37962962962962965 0.6932291666666667 0.3731481481481482 0.6958333333333333 0.3685185185185185
2 0.540625 0.3277777777777778 0.5432291666666667 0.33055555555555555 0.5442708333333334 0.33796296296296297 0.5385416666666667 0.3435185185185185 0.5265625 0.3416666666666667 0.5234375 0.33796296296296297 0.5229166666666667 0.3333333333333333 0.5291666666666667 0.32592592592592595 0.5401041666666667 0.3277777777777778
2 0.5364583333333334 0.4351851851851852 0.5395833333333333 0.43796296296296294 0.5375 0.44351851851851853 0.5322916666666667 0.44166666666666665 0.5322916666666667 0.43703703703703706 0.5359375 0.4351851851851852
2 0.41354166666666664 0.2537037037037037 0.41770833333333335 0.2611111111111111 0.41510416666666666 0.26666666666666666 0.40989583333333335 0.26944444444444443 0.4005208333333333 0.2675925925925926 0.3984375 0.2638888888888889 0.3984375 0.25833333333333336 0.40572916666666664 0.25277777777777777 0.41302083333333334 0.2537037037037037
2 0.64375 0.22870370370370371 0.6458333333333334 0.2324074074074074 0.6442708333333333 0.23703703703703705 0.6375 0.23703703703703705 0.634375 0.23148148148148148 0.6369791666666667 0.22777777777777777 0.6432291666666666 0.22870370370370371
2 0.6265625 0.44814814814814813 0.6317708333333333 0.4527777777777778 0.6338541666666667 0.45925925925925926 0.6322916666666667 0.4648148148148148 0.6286458333333333 0.4675925925925926 0.61875 0.4666666666666667 0.6135416666666667 0.45925925925925926 0.615625 0.45 0.6260416666666667 0.44814814814814813
2 0.6729166666666667 0.38055555555555554 0.6802083333333333 0.38796296296296295 0.6802083333333333 0.39351851851851855 0.675 0.3990740740740741 0.6625 0.3972222222222222 0.6572916666666667 0.387037037037037 0.6645833333333333 0.3787037037037037 0.6723958333333333 0.38055555555555554
2 0.48385416666666664 0.30648148148148147 0.48541666666666666 0.3101851851851852 0.48385416666666664 0.3138888888888889 0.478125 0.3138888888888889 0.4765625 0.3111111111111111 0.4791666666666667 0.3055555555555556 0.48333333333333334 0.30648148148148147
1 0.9536458333333333 0.3685185185185185 0.9526041666666667 0.387037037037037 0.9385416666666667 0.44351851851851853 0.9348958333333334 0.44351851851851853 0.9229166666666667 0.42962962962962964 0.9239583333333333 0.4111111111111111 0.934375 0.3731481481481482 0.953125 0.3685185185185185
1 0.971875 0.36666666666666664 0.9838541666666667 0.375 0.9864583333333333 0.37962962962962965 0.9875 0.38981481481481484 0.9729166666666667 0.44537037037037036 0.9671875 0.4564814814814815 0.9661458333333334 0.46944444444444444 0.9625 0.47314814814814815 0.9526041666666667 0.47314814814814815 0.9453125 0.4685185185185185 0.9411458333333333 0.46296296296296297 0.9385416666666667 0.45092592592592595 0.94375 0.4212962962962963 0.9515625 0.39444444444444443 0.9552083333333333 0.36944444444444446 0.9598958333333333 0.36574074074074076 0.9713541666666666 0.36666666666666664
1 0.24479166666666666 0.15833333333333333 0.24791666666666667 0.16111111111111112 0.25 0.1712962962962963 0.2578125 0.18703703703703703 0.2598958333333333 0.22037037037037038 0.26666666666666666 0.275 0.26510416666666664 0.2824074074074074 0.2484375 0.28425925925925927 0.24270833333333333 0.2824074074074074 0.23958333333333334 0.24074074074074073 0.2328125 0.1935185185185185 0.2328125 0.18333333333333332 0.2359375 0.175 0.23541666666666666 0.16203703703703703 0.24427083333333333 0.15833333333333333
1 0.27239583333333334 0.15185185185185185 0.2755208333333333 0.1574074074074074 0.2765625 0.17407407407407408 0.2838541666666667 0.20092592592592592 0.28802083333333334 0.2601851851851852 0.2916666666666667 0.2824074074074074 0.2765625 0.28425925925925927 0.26979166666666665 0.2824074074074074 0.26197916666666665 0.22962962962962963 0.26145833333333335 0.2064814814814815 0.2640625 0.18981481481481483 0.2640625 0.17037037037037037 0.26197916666666665 0.1574074074074074 0.26510416666666664 0.15185185185185185 0.271875 0.15185185185185185
1 0.9770833333333333 0.3685185185185185 0.984375 0.3675925925925926 0.9921875 0.3712962962962963 0.9994791666666667 0.37962962962962965 0.9994791666666667 0.39351851851851855 0.9973958333333334 0.39537037037037037 0.990625 0.4222222222222222 0.9864583333333333 0.4305555555555556 0.9822916666666667 0.4527777777777778 0.9802083333333333 0.45555555555555555 0.971875 0.4546296296296296 0.9703125 0.45185185185185184 0.9822916666666667 0.412962962962963 0.9875 0.387037037037037 0.984375 0.37592592592592594 0.9770833333333333 0.36944444444444446
2 0.47239583333333335 0.19907407407407407 0.47239583333333335 0.20555555555555555 0.4666666666666667 0.2037037037037037 0.4671875 0.2 0.471875 0.19907407407407407