0 0.5401041666666667 0.08148148148148149 0.5432291666666667 0.08611111111111111 0.54375 0.09166666666666666 0.5401041666666667 0.1037037037037037 0.5348958333333333 0.24074074074074073 0.5328125 0.24722222222222223 0.5270833333333333 0.24444444444444444 0.528125 0.19907407407407407 0.5317708333333333 0.15925925925925927 0.5333333333333333 0.11574074074074074 0.5307291666666667 0.08703703703703704 0.534375 0.08055555555555556 0.5395833333333333 0.08148148148148149
0 0.6328125 0.3685185185185185 0.6515625 0.3861111111111111 0.6520833333333333 0.3990740740740741 0.6463541666666667 0.4074074074074074 0.6432291666666666 0.4074074074074074 0.6385416666666667 0.40185185185185185 0.6260416666666667 0.3824074074074074 0.6270833333333333 0.36944444444444446 0.6322916666666667 0.3685185185185185
0 0.665625 0.5314814814814814 0.6677083333333333 0.5444444444444444 0.6666666666666666 0.5555555555555556 0.6609375 0.5546296296296296 0.659375 0.55 0.6609375 0.5333333333333333 0.6651041666666667 0.5314814814814814
0 0.6510416666666666 0.6518518518518519 0.6583333333333333 0.6518518518518519 0.6572916666666667 0.6694444444444444 0.6552083333333333 0.6722222222222223 0.6494791666666667 0.6685185185185185 0.6489583333333333 0.6583333333333333 0.6510416666666666 0.6527777777777778
0 0.5729166666666666 0.5314814814814814 0.578125 0.5370370370370371 0.578125 0.5453703703703704 0.5708333333333333 0.5583333333333333 0.5651041666666666 0.5583333333333333 0.5645833333333333 0.55 0.56875 0.5361111111111111 0.5723958333333333 0.5324074074074074
0 0.553125 0.7166666666666667 0.5572916666666666 0.7240740740740741 0.55625 0.7342592592592593 0.5421875 0.7564814814814815 0.5338541666666666 0.7638888888888888 0.5260416666666666 0.7509259259259259 0.5270833333333333 0.7342592592592593 0.5364583333333334 0.7240740740740741 0.5526041666666667 0.7166666666666667
0 0.6421875 0.5101851851851852 0.64375 0.5185185185185185 0.6416666666666667 0.5342592592592592 0.6421875 0.5472222222222223 0.640625 0.5509259259259259 0.6328125 0.5481481481481482 0.6317708333333333 0.5398148148148149 0.6375 0.5111111111111111 0.6416666666666667 0.5101851851851852
0 0.6458333333333334 0.18981481481481483 0.6510416666666666 0.19444444444444445 0.6791666666666667 0.24166666666666667 0.6921875 0.2564814814814815 0.6921875 0.26944444444444443 0.6864583333333333 0.2777777777777778 0.6822916666666666 0.275 0.6677083333333333 0.24444444444444444 0.6609375 0.2388888888888889 0.6411458333333333 0.20833333333333334 0.640625 0.1962962962962963 0.6453125 0.18981481481481483
0 0.5791666666666667 0.44351851851851853 0.5822916666666667 0.44814814814814813 0.5848958333333333 0.45925925925925926 0.6020833333333333 0.5416666666666666 0.6072916666666667 0.5527777777777778 0.6072916666666667 0.5611111111111111 0.6041666666666666 0.5657407407407408 0.6 0.5657407407407408 0.596875 0.5601851851851852 0.5921875 0.5259259259259259 0.575 0.4537037037037037 0.575 0.4462962962962963 0.5786458333333333 0.44351851851851853
0 0.6567708333333333 0.3907407407407407 0.6609375 0.39166666666666666 0.6619791666666667 0.3972222222222222 0.6609375 0.41203703703703703 0.6640625 0.45092592592592595 0.6609375 0.45555555555555555 0.6552083333333333 0.45 0.6510416666666666 0.40925925925925927 0.653125 0.3925925925925926 0.65625 0.3907407407407407
0 0.6020833333333333 0.1925925925925926 0.6046875 0.19814814814814816 0.6078125 0.22870370370370371 0.6119791666666666 0.23796296296296296 0.6083333333333333 0.24444444444444444 0.6015625 0.24722222222222223 0.5963541666666666 0.24444444444444444 0.5979166666666667 0.23333333333333334 0.5963541666666666 0.19444444444444445 0.6015625 0.1925925925925926
2 0.6125 0.7129629629629629 0.6151041666666667 0.7194444444444444 0.6130208333333333 0.7287037037037037 0.6104166666666667 0.7277777777777777 0.609375 0.7212962962962963 0.6119791666666666 0.7129629629629629
2 0.5927083333333333 0.612037037037037 0.5921875 0.600925925925926 0.5958333333333333 0.6027777777777777 0.5953125 0.612037037037037 0.5932291666666667 0.612037037037037
2 0.6252604166666667 0.287962962962963 0.008854166666666666 0.03148148148148148
2 0.6052083333333333 0.3194444444444444 0.6067708333333334 0.32407407407407407 0.6052083333333333 0.3351851851851852 0.6015625 0.3296296296296296 0.6020833333333333 0.32037037037037036 0.6046875 0.3194444444444444
2 0.5989583333333334 0.6018518518518519 0.6010416666666667 0.6064814814814815 0.6010416666666667 0.6175925925925926 0.5989583333333334 0.6222222222222222 0.5963541666666666 0.6203703703703703 0.59375 0.6083333333333333 0.5958333333333333 0.6018518518518519 0.5984375 0.6018518518518519
2 0.665625 0.5851851851851851 0.6692708333333334 0.5935185185185186 0.6692708333333334 0.6092592592592593 0.6666666666666666 0.6175925925925926 0.6625 0.6148148148148148 0.6614583333333334 0.6074074074074074 0.6619791666666667 0.5898148148148148 0.6651041666666667 0.5851851851851851
2 0.5651041666666666 0.3 0.56875 0.30648148148148147 0.56875 0.32037037037037036 0.5645833333333333 0.32314814814814813 0.5625 0.31851851851851853 0.5619791666666667 0.3055555555555556 0.5645833333333333 0.30092592592592593
2 0.6354166666666666 0.24166666666666667 0.6385416666666667 0.24444444444444444 0.640625 0.25462962962962965 0.6395833333333333 0.2740740740740741 0.6359375 0.2777777777777778 0.6322916666666667 0.26944444444444443 0.63125 0.25092592592592594 0.6348958333333333 0.24259259259259258
2 0.5536458333333333 0.44907407407407407 0.5567708333333333 0.4546296296296296 0.5567708333333333 0.46111111111111114 0.5541666666666667 0.4666666666666667 0.5505208333333333 0.462037037037037 0.5505208333333333 0.4527777777777778 0.553125 0.44907407407407407
2 0.5895833333333333 0.5916666666666667 0.5911458333333334 0.6018518518518519 0.5885416666666666 0.6055555555555555 0.5869791666666667 0.5962962962962963 0.5890625 0.5916666666666667
2 0.525 0.46944444444444444 0.5286458333333334 0.47314814814814815 0.5317708333333333 0.48518518518518516 0.5307291666666667 0.5055555555555555 0.525 0.5148148148148148 0.5192708333333333 0.5092592592592593 0.5166666666666667 0.4925925925925926 0.5182291666666666 0.4759259259259259 0.5208333333333334 0.4703703703703704 0.5244791666666667 0.46944444444444444
2 0.5692708333333333 0.6814814814814815 0.5729166666666666 0.6851851851851852 0.575 0.6925925925925925 0.575 0.7083333333333334 0.5713541666666667 0.7222222222222222 0.5661458333333333 0.7222222222222222 0.5630208333333333 0.7148148148148148 0.5640625 0.6898148148148148 0.56875 0.6824074074074075
2 0.6125 0.49907407407407406 0.6151041666666667 0.5037037037037037 0.6151041666666667 0.5148148148148148 0.6130208333333333 0.5194444444444445 0.6104166666666667 0.5185185185185185 0.6088541666666667 0.5092592592592593 0.6098958333333333 0.5009259259259259 0.6119791666666666 0.49907407407407406
2 0.6651041666666667 0.387037037037037 0.6677083333333333 0.3907407407407407 0.6671875 0.3972222222222222 0.6651041666666667 0.3972222222222222 0.6651041666666667 0.38796296296296295
2 0.5877604166666667 0.31666666666666665 0.011979166666666667 0.040740740740740744
2 0.6317708333333333 0.5675925925925925 0.6354166666666666 0.5722222222222222 0.6348958333333333 0.5842592592592593 0.63125 0.587037037037037 0.6296875 0.5824074074074074 0.63125 0.5685185185185185
2 0.6119791666666666 0.5787037037037037 0.6140625 0.5824074074074074 0.6135416666666667 0.5898148148148148 0.6104166666666667 0.5888888888888889 0.6114583333333333 0.5796296296296296
2 0.6401041666666667 0.6092592592592593 0.6416666666666667 0.6175925925925926 0.6390625 0.6240740740740741 0.6364583333333333 0.6194444444444445 0.6364583333333333 0.6129629629629629 0.6395833333333333 0.6092592592592593
2 0.5828125 0.3574074074074074 0.5869791666666667 0.375 0.5859375 0.3888888888888889 0.5828125 0.3962962962962963 0.5776041666666667 0.3925925925925926 0.575 0.37962962962962965 0.5760416666666667 0.36203703703703705 0.5791666666666667 0.35648148148148145 0.5822916666666667 0.3574074074074074
2 0.6109375 0.42314814814814816 0.609375 0.40185185185185185 0.6119791666666666 0.3925925925925926 0.615625 0.3925925925925926 0.6182291666666667 0.3972222222222222 0.6197916666666666 0.412962962962963 0.6166666666666667 0.425 0.6114583333333333 0.42314814814814816
2 0.5354166666666667 0.5907407407407408 0.5395833333333333 0.5990740740740741 0.540625 0.6166666666666667 0.5390625 0.6268518518518519 0.5338541666666666 0.6351851851851852 0.5276041666666667 0.6296296296296297 0.5255208333333333 0.6203703703703703 0.5255208333333333 0.6083333333333333 0.5276041666666667 0.5962962962962963 0.5317708333333333 0.5898148148148148 0.5348958333333333 0.5907407407407408
1 0.6390625 0.9157407407407407 0.6859375 0.9296296296296296 0.6927083333333334 0.9425925925925925 0.6989583333333333 0.9472222222222222 0.7 0.9583333333333334 0.6979166666666666 0.9675925925925926 0.6895833333333333 0.9685185185185186 0.6854166666666667 0.9740740740740741 0.6291666666666667 0.9537037037037037 0.6276041666666666 0.9490740740740741 0.6291666666666667 0.9194444444444444 0.6328125 0.9157407407407407 0.6385416666666667 0.9157407407407407
1 0.6296875 0.8657407407407407 0.6723958333333333 0.8777777777777778 0.684375 0.8861111111111111 0.6921875 0.8953703703703704 0.7015625 0.8962962962962963 0.7036458333333333 0.9018518518518519 0.7026041666666667 0.9175925925925926 0.6604166666666667 0.9203703703703704 0.6411458333333333 0.9138888888888889 0.6296875 0.9064814814814814 0.628125 0.9018518518518519 0.6291666666666667 0.8666666666666667