0 0.7317708333333334 0.4212962962962963 0.7359375 0.42962962962962964 0.7359375 0.43796296296296294 0.7322916666666667 0.4444444444444444 0.7161458333333334 0.4398148148148148 0.6546875 0.45092592592592595 0.6427083333333333 0.45 0.6421875 0.44074074074074077 0.6458333333333334 0.43703703703703706 0.7229166666666667 0.42777777777777776 0.73125 0.4212962962962963
0 0.5614583333333333 0.22777777777777777 0.5645833333333333 0.23055555555555557 0.5739583333333333 0.26296296296296295 0.5739583333333333 0.2722222222222222 0.5713541666666667 0.275 0.5645833333333333 0.27314814814814814 0.5520833333333334 0.24444444444444444 0.553125 0.23425925925925925 0.5567708333333333 0.22870370370370371 0.5609375 0.22777777777777777
0 0.475 0.20092592592592592 0.4822916666666667 0.20462962962962963 0.48125 0.21296296296296297 0.475 0.21574074074074073 0.4703125 0.21481481481481482 0.46875 0.2101851851851852 0.46979166666666666 0.20092592592592592 0.4744791666666667 0.20092592592592592
0 0.40963541666666664 0.2263888888888889 0.013020833333333334 0.017592592592592594
0 0.4791666666666667 0.36018518518518516 0.4817708333333333 0.36574074074074076 0.4817708333333333 0.3731481481481482 0.471875 0.38425925925925924 0.4671875 0.38333333333333336 0.4661458333333333 0.3768518518518518 0.4744791666666667 0.36018518518518516 0.4786458333333333 0.36018518518518516
0 0.375 0.39814814814814814 0.378125 0.4046296296296296 0.378125 0.41203703703703703 0.37395833333333334 0.43425925925925923 0.3703125 0.44722222222222224 0.36354166666666665 0.4537037037037037 0.35625 0.45 0.35208333333333336 0.44166666666666665 0.35208333333333336 0.4351851851851852 0.36822916666666666 0.3990740740740741 0.37447916666666664 0.39814814814814814
0 0.49166666666666664 0.24351851851851852 0.4942708333333333 0.2462962962962963 0.49375 0.25462962962962965 0.47760416666666666 0.26481481481481484 0.47291666666666665 0.26296296296296295 0.4713541666666667 0.2574074074074074 0.47239583333333335 0.24722222222222223 0.49114583333333334 0.24351851851851852
0 0.6369791666666667 0.1574074074074074 0.6479166666666667 0.18611111111111112 0.6729166666666667 0.23333333333333334 0.6739583333333333 0.24444444444444444 0.6682291666666667 0.25 0.6640625 0.24814814814814815 0.6567708333333333 0.2351851851851852 0.646875 0.21296296296296297 0.64375 0.20092592592592592 0.6265625 0.175 0.625 0.16944444444444445 0.6265625 0.16203703703703703 0.63125 0.15648148148148147 0.6364583333333333 0.1574074074074074
0 0.4713541666666667 0.3101851851851852 0.4765625 0.3175925925925926 0.5291666666666667 0.3527777777777778 0.5317708333333333 0.35833333333333334 0.5291666666666667 0.36666666666666664 0.4796875 0.3314814814814815 0.4661458333333333 0.32685185185185184 0.4630208333333333 0.3212962962962963 0.4630208333333333 0.3138888888888889 0.465625 0.30833333333333335 0.4708333333333333 0.3101851851851852
0 0.5328125 0.2074074074074074 0.5494791666666666 0.21296296296296297 0.5604166666666667 0.21203703703703702 0.5609375 0.22592592592592592 0.5536458333333333 0.23055555555555557 0.528125 0.22314814814814815 0.525 0.21666666666666667 0.5255208333333333 0.2101851851851852 0.5322916666666667 0.2074074074074074
0 0.6473958333333333 0.3 0.6557291666666667 0.30925925925925923 0.6713541666666667 0.3138888888888889 0.6729166666666667 0.3175925925925926 0.671875 0.3277777777777778 0.65625 0.325 0.64375 0.3277777777777778 0.6421875 0.32314814814814813 0.6427083333333333 0.31296296296296294 0.646875 0.30092592592592593
2 0.3765625 0.29444444444444445 0.3802083333333333 0.29907407407407405 0.3765625 0.30462962962962964 0.37135416666666665 0.30092592592592593 0.371875 0.2962962962962963 0.37604166666666666 0.29444444444444445
2 0.4421875 0.3287037037037037 0.4427083333333333 0.33611111111111114 0.4390625 0.33611111111111114 0.4359375 0.3314814814814815 0.44166666666666665 0.3287037037037037
2 0.6244791666666667 0.2712962962962963 0.6276041666666666 0.27870370370370373 0.6234375 0.28425925925925927 0.6135416666666667 0.2824074074074074 0.6109375 0.27870370370370373 0.6104166666666667 0.27314814814814814 0.6151041666666667 0.26944444444444443 0.6239583333333333 0.2712962962962963
2 0.5989583333333334 0.30925925925925923 0.6020833333333333 0.3138888888888889 0.6 0.31851851851851853 0.5927083333333333 0.3148148148148148 0.5932291666666667 0.3101851851851852 0.5984375 0.30925925925925923
2 0.4401041666666667 0.3194444444444444 0.4421875 0.3212962962962963 0.4427083333333333 0.3287037037037037 0.4390625 0.33240740740740743 0.4322916666666667 0.3277777777777778 0.43125 0.32314814814814813 0.43385416666666665 0.3194444444444444 0.4395833333333333 0.3194444444444444
2 0.45 0.2 0.45208333333333334 0.2064814814814815 0.446875 0.21203703703703702 0.4354166666666667 0.2101851851851852 0.43385416666666665 0.20277777777777778 0.43854166666666666 0.19814814814814816 0.44947916666666665 0.2
2 0.6088541666666667 0.3768518518518518 0.6125 0.38333333333333336 0.609375 0.3888888888888889 0.6020833333333333 0.38796296296296295 0.5994791666666667 0.38425925925925924 0.6010416666666667 0.3768518518518518 0.6083333333333333 0.3768518518518518
2 0.6380208333333334 0.2490740740740741 0.64375 0.25277777777777777 0.6453125 0.25833333333333336 0.6401041666666667 0.2657407407407407 0.6296875 0.2638888888888889 0.625 0.2574074074074074 0.628125 0.25 0.6375 0.2490740740740741
2 0.5265625 0.3990740740740741 0.5286458333333334 0.40370370370370373 0.5265625 0.40925925925925927 0.5213541666666667 0.40925925925925927 0.51875 0.4046296296296296 0.521875 0.39814814814814814 0.5260416666666666 0.3990740740740741
2 0.4473958333333333 0.33796296296296297 0.4484375 0.3416666666666667 0.44583333333333336 0.34444444444444444 0.440625 0.3416666666666667 0.4427083333333333 0.337037037037037 0.446875 0.33796296296296297
2 0.5119791666666667 0.4444444444444444 0.5166666666666667 0.45185185185185184 0.5171875 0.4601851851851852 0.5135416666666667 0.4666666666666667 0.5052083333333334 0.46944444444444444 0.4947916666666667 0.4648148148148148 0.4921875 0.4601851851851852 0.4921875 0.45185185185185184 0.49583333333333335 0.44537037037037036 0.5005208333333333 0.4425925925925926 0.5114583333333333 0.4444444444444444
2 0.39427083333333335 0.3675925925925926 0.39739583333333334 0.37222222222222223 0.39739583333333334 0.37962962962962965 0.3890625 0.387037037037037 0.3765625 0.3851851851851852 0.37447916666666664 0.37407407407407406 0.3828125 0.36574074074074076 0.39375 0.3675925925925926
2 0.4979166666666667 0.29444444444444445 0.5005208333333333 0.30092592592592593 0.4947916666666667 0.3055555555555556 0.4895833333333333 0.30277777777777776 0.4890625 0.29814814814814816 0.49166666666666664 0.29444444444444445 0.4973958333333333 0.29444444444444445
2 0.5614583333333333 0.20092592592592592 0.5635416666666667 0.20555555555555555 0.5604166666666667 0.2074074074074074 0.5572916666666666 0.20277777777777778 0.5609375 0.20092592592592592
2 0.6052083333333333 0.3333333333333333 0.6140625 0.3416666666666667 0.6140625 0.34814814814814815 0.609375 0.3537037037037037 0.5989583333333334 0.3527777777777778 0.5921875 0.3453703703703704 0.5921875 0.3398148148148148 0.5953125 0.3351851851851852 0.6046875 0.3333333333333333
2 0.46041666666666664 0.25925925925925924 0.46197916666666666 0.26481481481481484 0.459375 0.26851851851851855 0.45364583333333336 0.26851851851851855 0.4510416666666667 0.2657407407407407 0.4510416666666667 0.262037037037037 0.45364583333333336 0.25833333333333336 0.45989583333333334 0.25925925925925924
2 0.45364583333333336 0.2962962962962963 0.4557291666666667 0.3 0.45416666666666666 0.30277777777777776 0.44895833333333335 0.30092592592592593 0.44947916666666665 0.2972222222222222 0.453125 0.2962962962962963
2 0.4359375 0.24722222222222223 0.43854166666666666 0.25 0.43645833333333334 0.2564814814814815 0.4328125 0.2564814814814815 0.43020833333333336 0.2518518518518518 0.4317708333333333 0.24814814814814815 0.4354166666666667 0.24722222222222223
2 0.575 0.34629629629629627 0.5802083333333333 0.35185185185185186 0.5807291666666666 0.35833333333333334 0.5744791666666667 0.36574074074074076 0.5635416666666667 0.3638888888888889 0.5583333333333333 0.35555555555555557 0.5583333333333333 0.35185185185185186 0.5640625 0.3453703703703704 0.5744791666666667 0.34629629629629627
2 0.5578125 0.28888888888888886 0.5604166666666667 0.2935185185185185 0.5604166666666667 0.3 0.5552083333333333 0.30462962962962964 0.5442708333333334 0.30277777777777776 0.5416666666666666 0.29444444444444445 0.5463541666666667 0.28703703703703703 0.5536458333333333 0.2861111111111111 0.5572916666666666 0.28888888888888886
2 0.440625 0.42685185185185187 0.4453125 0.42962962962962964 0.44895833333333335 0.4361111111111111 0.44947916666666665 0.4425925925925926 0.44583333333333336 0.45 0.4390625 0.4537037037037037 0.4322916666666667 0.4537037037037037 0.4270833333333333 0.45 0.4239583333333333 0.4388888888888889 0.42864583333333334 0.42962962962962964 0.4401041666666667 0.42685185185185187
1 0.9713541666666666 0.3435185185185185 0.9901041666666667 0.35462962962962963 0.9921875 0.35833333333333334 0.9921875 0.3675925925925926 0.9890625 0.3712962962962963 0.9791666666666666 0.3712962962962963 0.9744791666666667 0.37592592592592594 0.9708333333333333 0.4027777777777778 0.9619791666666667 0.4305555555555556 0.9604166666666667 0.44166666666666665 0.9567708333333333 0.45 0.9541666666666667 0.45092592592592595 0.9416666666666667 0.4388888888888889 0.9416666666666667 0.41944444444444445 0.9515625 0.38333333333333336 0.9583333333333334 0.34814814814814815 0.9635416666666666 0.3435185185185185 0.9708333333333333 0.3435185185185185
1 0.9859375 0.2935185185185185 0.9953125 0.3 0.9973958333333334 0.3037037037037037 0.9973958333333334 0.3138888888888889 0.9916666666666667 0.3277777777777778 0.9875 0.3453703703703704 0.9848958333333333 0.34814814814814815 0.9677083333333333 0.3416666666666667 0.9666666666666667 0.33796296296296297 0.9729166666666667 0.2972222222222222 0.9791666666666666 0.29259259259259257 0.9854166666666667 0.2935185185185185
1 0.890625 0.4685185185185185 0.8979166666666667 0.47314814814814815 0.9 0.4777777777777778 0.9015625 0.4898148148148148 0.8994791666666667 0.5064814814814815 0.9125 0.5277777777777778 0.9130208333333333 0.537962962962963 0.9026041666666667 0.5703703703703704 0.8958333333333334 0.6157407407407407 0.8921875 0.6231481481481481 0.8869791666666667 0.6259259259259259 0.8703125 0.6194444444444445 0.8479166666666667 0.6 0.8416666666666667 0.5907407407407408 0.8416666666666667 0.5814814814814815 0.8546875 0.5370370370370371 0.8598958333333333 0.5018518518518519 0.8619791666666666 0.4981481481481482 0.8703125 0.49444444444444446 0.8796875 0.49537037037037035 0.8859375 0.4722222222222222 0.8901041666666667 0.4685185185185185
1 0.9875 0.35185185185185186 0.9911458333333333 0.3314814814814815 0.9947916666666666 0.32222222222222224 0.9994791666666667 0.32222222222222224 0.9994791666666667 0.3712962962962963 0.99375 0.37037037037037035 0.9927083333333333 0.3592592592592593 0.9880208333333333 0.35185185185185186
1 0.2453125 0.14351851851851852 0.24895833333333334 0.14629629629629629 0.25104166666666666 0.15648148148148147 0.259375 0.1712962962962963 0.26614583333333336 0.2518518518518518 0.26510416666666664 0.26851851851851855 0.25416666666666665 0.2722222222222222 0.24479166666666666 0.26944444444444443 0.240625 0.22592592592592592 0.23333333333333334 0.17685185185185184 0.23333333333333334 0.16944444444444445 0.23645833333333333 0.16203703703703703 0.23697916666666666 0.14722222222222223 0.24479166666666666 0.14351851851851852
1 0.8869791666666667 0.42592592592592593 0.9057291666666667 0.43148148148148147 0.9057291666666667 0.4398148148148148 0.9041666666666667 0.4425925925925926 0.896875 0.4425925925925926 0.8916666666666667 0.44814814814814813 0.8895833333333333 0.4666666666666667 0.8848958333333333 0.47129629629629627 0.8791666666666667 0.4925925925925926 0.8651041666666667 0.49444444444444446 0.8588541666666667 0.5018518518518519 0.8536458333333333 0.5361111111111111 0.8489583333333334 0.5537037037037037 0.8442708333333333 0.5509259259259259 0.8421875 0.5361111111111111 0.8416666666666667 0.5222222222222223 0.8453125 0.5027777777777778 0.8526041666666667 0.4861111111111111 0.8609375 0.4787037037037037 0.8744791666666667 0.4564814814814815 0.8760416666666667 0.4305555555555556 0.8864583333333333 0.42592592592592593
1 0.9255208333333333 0.4722222222222222 0.9296875 0.4703703703703704 0.9322916666666666 0.47685185185185186 0.9322916666666666 0.5120370370370371 0.9375 0.5268518518518519 0.9395833333333333 0.5425925925925926 0.9375 0.5601851851851852 0.9286458333333333 0.6 0.925 0.6074074074074074 0.9161458333333333 0.6129629629629629 0.9046875 0.612037037037037 0.8989583333333333 0.6074074074074074 0.9041666666666667 0.5675925925925925 0.9140625 0.5370370370370371 0.9135416666666667 0.5287037037037037 0.9057291666666667 0.5101851851851852 0.9140625 0.5018518518518519 0.915625 0.49537037037037035 0.9234375 0.4842592592592593 0.9255208333333333 0.47314814814814815
1 0.27395833333333336 0.13703703703703704 0.27708333333333335 0.14074074074074075 0.27760416666666665 0.1574074074074074 0.2828125 0.1712962962962963 0.2875 0.1925925925925926 0.2942708333333333 0.26851851851851855 0.28958333333333336 0.2712962962962963 0.27239583333333334 0.27037037037037037 0.2671875 0.24814814814814815 0.2635416666666667 0.21388888888888888 0.265625 0.16111111111111112 0.2640625 0.1425925925925926 0.26614583333333336 0.13796296296296295 0.2734375 0.13703703703703704
1 0.9958333333333333 0.37222222222222223 0.9994791666666667 0.3731481481481482 0.9994791666666667 0.4425925925925926 0.9973958333333334 0.44351851851851853 0.9869791666666666 0.4666666666666667 0.9848958333333333 0.47962962962962963 0.9817708333333334 0.4824074074074074 0.9692708333333333 0.48148148148148145 0.9598958333333333 0.47314814814814815 0.9572916666666667 0.4638888888888889 0.9578125 0.4527777777777778 0.9598958333333333 0.4388888888888889 0.9723958333333333 0.3990740740740741 0.975 0.37592592592592594 0.9802083333333333 0.37222222222222223 0.9953125 0.37222222222222223