0 0.49114583333333334 0.5435185185185185 0.4979166666666667 0.55 0.4984375 0.5574074074074075 0.49270833333333336 0.5796296296296296 0.4947916666666667 0.637962962962963 0.4901041666666667 0.6425925925925926 0.484375 0.6416666666666667 0.48020833333333335 0.6305555555555555 0.48125 0.575925925925926 0.48072916666666665 0.5712962962962963 0.47708333333333336 0.5666666666666667 0.47708333333333336 0.5527777777777778 0.48072916666666665 0.5444444444444444 0.490625 0.5435185185185185
0 0.5223958333333333 0.6694444444444444 0.5291666666666667 0.6759259259259259 0.5546875 0.6777777777777778 0.5567708333333333 0.6824074074074075 0.55625 0.6916666666666667 0.5536458333333333 0.6953703703703704 0.5244791666666667 0.6916666666666667 0.51875 0.6972222222222222 0.5166666666666667 0.6953703703703704 0.515625 0.6824074074074075 0.5171875 0.6712962962962963 0.51875 0.6685185185185185 0.521875 0.6694444444444444
0 0.6682291666666667 0.6277777777777778 0.6713541666666667 0.6361111111111111 0.6713541666666667 0.6435185185185185 0.6692708333333334 0.6472222222222223 0.6484375 0.6592592592592592 0.6411458333333333 0.6694444444444444 0.6385416666666667 0.6685185185185185 0.6338541666666667 0.6574074074074074 0.6338541666666667 0.6425925925925926 0.6645833333333333 0.6268518518518519 0.6677083333333333 0.6277777777777778
0 0.475 0.6518518518518519 0.47604166666666664 0.6620370370370371 0.47291666666666665 0.6787037037037037 0.4666666666666667 0.6777777777777778 0.46510416666666665 0.6685185185185185 0.46979166666666666 0.6546296296296297 0.4744791666666667 0.6518518518518519
0 0.496875 0.7731481481481481 0.5104166666666666 0.7805555555555556 0.5119791666666667 0.7870370370370371 0.5083333333333333 0.7916666666666666 0.490625 0.7898148148148149 0.49114583333333334 0.775 0.49635416666666665 0.7731481481481481
0 0.5354166666666667 0.6231481481481481 0.5359375 0.6296296296296297 0.5296875 0.6472222222222223 0.5244791666666667 0.6462962962962963 0.521875 0.6407407407407407 0.521875 0.6351851851851852 0.5276041666666667 0.6259259259259259 0.5317708333333333 0.6222222222222222 0.5348958333333333 0.6231481481481481
0 0.38697916666666665 0.5962962962962963 0.39114583333333336 0.600925925925926 0.39166666666666666 0.6083333333333333 0.38697916666666665 0.6259259259259259 0.3854166666666667 0.6583333333333333 0.38333333333333336 0.6657407407407407 0.38125 0.6666666666666666 0.37604166666666666 0.6666666666666666 0.3729166666666667 0.6620370370370371 0.375 0.6277777777777778 0.3734375 0.6055555555555555 0.3765625 0.5972222222222222 0.38645833333333335 0.5962962962962963
0 0.5817708333333333 0.6972222222222222 0.6067708333333334 0.7037037037037037 0.646875 0.7074074074074074 0.6489583333333333 0.7138888888888889 0.6458333333333334 0.7185185185185186 0.5953125 0.7138888888888889 0.578125 0.7157407407407408 0.5765625 0.7027777777777777 0.578125 0.6981481481481482 0.58125 0.6972222222222222
0 0.5776041666666667 0.6074074074074074 0.5895833333333333 0.6314814814814815 0.5901041666666667 0.6435185185185185 0.584375 0.6509259259259259 0.578125 0.6481481481481481 0.5744791666666667 0.6324074074074074 0.5713541666666667 0.6268518518518519 0.571875 0.6129629629629629 0.5744791666666667 0.6083333333333333 0.5770833333333333 0.6083333333333333
0 0.49635416666666665 0.65 0.5 0.6546296296296297 0.5 0.662962962962963 0.48802083333333335 0.675 0.48125 0.6861111111111111 0.4744791666666667 0.6777777777777778 0.475 0.6648148148148149 0.48489583333333336 0.6592592592592592 0.4921875 0.65 0.49583333333333335 0.65
0 0.4942708333333333 0.5925925925925926 0.4984375 0.5935185185185186 0.5005208333333333 0.5990740740740741 0.5 0.6092592592592593 0.4947916666666667 0.612037037037037 0.49322916666666666 0.6055555555555555 0.4942708333333333 0.5935185185185186
0 0.525 0.7175925925925926 0.5682291666666667 0.7231481481481481 0.5890625 0.7222222222222222 0.5953125 0.7296296296296296 0.5932291666666667 0.7361111111111112 0.5901041666666667 0.7379629629629629 0.5375 0.7305555555555555 0.5192708333333333 0.7324074074074074 0.51875 0.7185185185185186 0.521875 0.7157407407407408 0.5244791666666667 0.7175925925925926
0 0.45625 0.7231481481481481 0.45989583333333334 0.7277777777777777 0.46197916666666666 0.7416666666666667 0.4041666666666667 0.7824074074074074 0.39114583333333336 0.8 0.3828125 0.7962962962962963 0.3807291666666667 0.7888888888888889 0.3859375 0.7731481481481481 0.39791666666666664 0.7722222222222223 0.4197916666666667 0.7555555555555555 0.43020833333333336 0.7425925925925926 0.4557291666666667 0.7240740740740741
2 0.5015625 0.6388888888888888 0.5083333333333333 0.6435185185185185 0.5083333333333333 0.649074074074074 0.5020833333333333 0.6555555555555556 0.4942708333333333 0.6472222222222223 0.49635416666666665 0.6407407407407407 0.5010416666666667 0.6388888888888888
2 0.5979166666666667 0.7148148148148148 0.6005208333333333 0.7166666666666667 0.6005208333333333 0.7203703703703703 0.5963541666666666 0.725925925925926 0.5921875 0.725925925925926 0.5895833333333333 0.7166666666666667 0.5973958333333333 0.7148148148148148
2 0.4479166666666667 0.6537037037037037 0.45364583333333336 0.6574074074074074 0.4552083333333333 0.6638888888888889 0.45260416666666664 0.6694444444444444 0.4473958333333333 0.6722222222222223 0.4395833333333333 0.6712962962962963 0.43385416666666665 0.6648148148148149 0.4359375 0.6564814814814814 0.4421875 0.6527777777777778 0.4473958333333333 0.6537037037037037
2 0.4635416666666667 0.7185185185185186 0.46458333333333335 0.7212962962962963 0.4630208333333333 0.725 0.45625 0.7231481481481481 0.4583333333333333 0.7185185185185186 0.4630208333333333 0.7185185185185186
2 0.4739583333333333 0.5842592592592593 0.4765625 0.5879629629629629 0.4739583333333333 0.5925925925925926 0.46875 0.5888888888888889 0.46979166666666666 0.5851851851851851 0.4734375 0.5842592592592593
2 0.4109375 0.6472222222222223 0.4109375 0.6537037037037037 0.4046875 0.6509259259259259 0.40572916666666664 0.6472222222222223 0.41041666666666665 0.6472222222222223
2 0.6520833333333333 0.587037037037037 0.6567708333333333 0.5898148148148148 0.6588541666666666 0.5962962962962963 0.6546875 0.6055555555555555 0.6479166666666667 0.6092592592592593 0.6369791666666667 0.6055555555555555 0.6354166666666666 0.5962962962962963 0.640625 0.5888888888888889 0.6515625 0.587037037037037
2 0.5458333333333333 0.6370370370370371 0.5473958333333333 0.6435185185185185 0.5432291666666667 0.6481481481481481 0.5369791666666667 0.6472222222222223 0.5348958333333333 0.6407407407407407 0.5380208333333333 0.6361111111111111 0.5453125 0.6370370370370371
2 0.503125 0.7379629629629629 0.5046875 0.7416666666666667 0.5020833333333333 0.7462962962962963 0.4947916666666667 0.7453703703703703 0.49375 0.7407407407407407 0.49583333333333335 0.7379629629629629 0.5026041666666666 0.7379629629629629
2 0.6096354166666667 0.7592592592592593 0.019270833333333334 0.014814814814814815
2 0.4197916666666667 0.7092592592592593 0.4322916666666667 0.7064814814814815 0.43854166666666666 0.7129629629629629 0.4375 0.7194444444444444 0.4348958333333333 0.7222222222222222 0.425 0.7231481481481481 0.41822916666666665 0.7166666666666667 0.4197916666666667 0.7101851851851851
2 0.4192708333333333 0.6944444444444444 0.421875 0.6981481481481482 0.421875 0.7027777777777777 0.41510416666666666 0.7092592592592593 0.40520833333333334 0.7064814814814815 0.4015625 0.6990740740740741 0.40677083333333336 0.6925925925925925 0.41875 0.6944444444444444
2 0.6161458333333333 0.637962962962963 0.6208333333333333 0.6425925925925926 0.6208333333333333 0.6472222222222223 0.6130208333333333 0.6546296296296297 0.6052083333333333 0.6527777777777778 0.6026041666666667 0.6462962962962963 0.6057291666666667 0.6398148148148148 0.615625 0.637962962962963
2 0.4361979166666667 0.6231481481481481 0.013020833333333334 0.012962962962962963
2 0.5796875 0.7583333333333333 0.5854166666666667 0.7583333333333333 0.5848958333333333 0.762962962962963 0.5807291666666666 0.762962962962963 0.5796875 0.7592592592592593
2 0.60625 0.6166666666666667 0.6109375 0.6203703703703703 0.6119791666666666 0.6277777777777778 0.6088541666666667 0.6342592592592593 0.6041666666666666 0.6370370370370371 0.5958333333333333 0.6361111111111111 0.5911458333333334 0.6296296296296297 0.5911458333333334 0.6259259259259259 0.5958333333333333 0.6185185185185185 0.6057291666666667 0.6166666666666667
2 0.5916666666666667 0.7212962962962963 0.5958333333333333 0.725925925925926 0.5958333333333333 0.7342592592592593 0.5890625 0.7388888888888889 0.5802083333333333 0.737037037037037 0.5885416666666666 0.7351851851851852 0.5911458333333334 0.7222222222222222
2 0.5385416666666667 0.5564814814814815 0.5395833333333333 0.5601851851851852 0.5369791666666667 0.5638888888888889 0.5317708333333333 0.5601851851851852 0.5333333333333333 0.5564814814814815 0.5380208333333333 0.5564814814814815
2 0.4640625 0.575 0.4661458333333333 0.5777777777777777 0.4640625 0.5824074074074074 0.4588541666666667 0.5796296296296296 0.45989583333333334 0.575925925925926 0.4635416666666667 0.575
2 0.4942708333333333 0.6277777777777778 0.496875 0.6305555555555555 0.4973958333333333 0.6370370370370371 0.49114583333333334 0.6444444444444445 0.478125 0.6444444444444445 0.4744791666666667 0.6351851851851852 0.47708333333333336 0.6296296296296297 0.4791666666666667 0.6296296296296297 0.484375 0.6425925925925926 0.490625 0.6435185185185185 0.4953125 0.637962962962963 0.4942708333333333 0.6287037037037037
1 0.8776041666666666 0.38981481481481484 0.8838541666666667 0.40185185185185185 0.8885416666666667 0.4398148148148148 0.8984375 0.4722222222222222 0.8989583333333333 0.4824074074074074 0.8864583333333333 0.5046296296296297 0.8880208333333334 0.5203703703703704 0.8864583333333333 0.5324074074074074 0.8833333333333333 0.537962962962963 0.8770833333333333 0.5416666666666666 0.8729166666666667 0.5398148148148149 0.8723958333333334 0.5314814814814814 0.8671875 0.5166666666666667 0.8552083333333333 0.5157407407407407 0.8473958333333333 0.5083333333333333 0.8432291666666667 0.4703703703703704 0.8307291666666666 0.42777777777777776 0.8333333333333334 0.41759259259259257 0.8479166666666667 0.40370370370370373 0.8619791666666666 0.39351851851851855 0.8770833333333333 0.38981481481481484
1 0.9046875 0.4027777777777778 0.909375 0.40555555555555556 0.9130208333333333 0.41203703703703703 0.9239583333333333 0.4666666666666667 0.9208333333333333 0.4925925925925926 0.9161458333333333 0.5037037037037037 0.9177083333333333 0.5138888888888888 0.9171875 0.5324074074074074 0.9151041666666667 0.5398148148148149 0.9119791666666667 0.5407407407407407 0.9072916666666667 0.525 0.9010416666666666 0.5157407407407407 0.8994791666666667 0.5074074074074074 0.8927083333333333 0.5009259259259259 0.8989583333333333 0.4861111111111111 0.9 0.47685185185185186 0.8901041666666667 0.4425925925925926 0.8859375 0.41388888888888886 0.8875 0.4046296296296296 0.9041666666666667 0.4027777777777778
1 0.2598958333333333 0.7157407407407408 0.265625 0.7203703703703703 0.265625 0.7333333333333333 0.2604166666666667 0.7666666666666667 0.2578125 0.812037037037037 0.2453125 0.8407407407407408 0.23541666666666666 0.8379629629629629 0.2359375 0.8240740740740741 0.23229166666666667 0.812962962962963 0.23385416666666667 0.7925925925925926 0.23958333333333334 0.7601851851851852 0.24270833333333333 0.7166666666666667 0.259375 0.7157407407407408
1 0.85 0.512962962962963 0.8557291666666667 0.5175925925925926 0.8671875 0.5185185185185185 0.8723958333333334 0.5398148148148149 0.8760416666666667 0.5462962962962963 0.8791666666666667 0.562962962962963 0.8833333333333333 0.5675925925925925 0.8869791666666667 0.5675925925925925 0.8859375 0.5712962962962963 0.890625 0.5712962962962963 0.8901041666666667 0.575925925925926 0.8729166666666667 0.5805555555555556 0.8630208333333333 0.5777777777777777 0.8604166666666667 0.55 0.8546875 0.5435185185185185 0.8494791666666667 0.5305555555555556 0.840625 0.5222222222222223 0.8348958333333333 0.5111111111111111 0.83125 0.4962962962962963 0.8307291666666666 0.47314814814814815 0.8328125 0.4601851851851852 0.8380208333333333 0.4583333333333333 0.8427083333333333 0.47685185185185186 0.846875 0.5083333333333333 0.8494791666666667 0.512962962962963
1 0.2703125 0.7166666666666667 0.2875 0.7166666666666667 0.28802083333333334 0.7305555555555555 0.2838541666666667 0.8009259259259259 0.2765625 0.8277777777777777 0.27447916666666666 0.8453703703703703 0.26458333333333334 0.8472222222222222 0.26197916666666665 0.8425925925925926 0.2640625 0.8231481481481482 0.26145833333333335 0.8 0.26145833333333335 0.7805555555555556 0.26458333333333334 0.7490740740740741 0.2703125 0.7175925925925926