0 0.5479166666666667 0.4925925925925926 0.546875 0.4842592592592593 0.5484375 0.48055555555555557 0.5578125 0.4740740740740741 0.5645833333333333 0.4648148148148148 0.5671875 0.46574074074074073 0.5645833333333333 0.4777777777777778 0.565625 0.49074074074074076 0.5630208333333333 0.49074074074074076 0.559375 0.48518518518518516 0.553125 0.49444444444444446 0.5484375 0.4925925925925926
0 0.5911458333333334 0.46574074074074073 0.5932291666666667 0.4722222222222222 0.5932291666666667 0.5157407407407407 0.5911458333333334 0.5185185185185185 0.584375 0.5166666666666667 0.5791666666666667 0.4787037037037037 0.5817708333333333 0.46944444444444444 0.590625 0.46574074074074073
0 0.56640625 0.5828703703703704 0.009895833333333333 0.021296296296296296
0 0.5708333333333333 0.41759259259259257 0.5770833333333333 0.4212962962962963 0.5890625 0.4212962962962963 0.5895833333333333 0.4305555555555556 0.5848958333333333 0.4351851851851852 0.5723958333333333 0.4351851851851852 0.5677083333333334 0.4388888888888889 0.5645833333333333 0.4351851851851852 0.5640625 0.42407407407407405 0.5661458333333333 0.41759259259259257 0.5703125 0.41759259259259257
0 0.5427083333333333 0.40925925925925927 0.5453125 0.412962962962963 0.5489583333333333 0.4305555555555556 0.5598958333333334 0.4638888888888889 0.5661458333333333 0.4666666666666667 0.5640625 0.47685185185185186 0.565625 0.49074074074074076 0.5625 0.4898148148148148 0.5598958333333334 0.4824074074074074 0.5557291666666667 0.4824074074074074 0.5515625 0.45740740740740743 0.5432291666666667 0.43148148148148147 0.5380208333333333 0.4222222222222222 0.5375 0.41388888888888886 0.5421875 0.40925925925925927
0 0.61875 0.4009259259259259 0.6203125 0.4101851851851852 0.6182291666666667 0.4148148148148148 0.6171875 0.4287037037037037 0.6135416666666667 0.5546296296296296 0.6109375 0.5592592592592592 0.6057291666666667 0.5555555555555556 0.609375 0.4305555555555556 0.609375 0.4148148148148148 0.6067708333333334 0.4111111111111111 0.6067708333333334 0.40370370370370373 0.6109375 0.4 0.6182291666666667 0.4009259259259259
0 0.559375 0.6138888888888889 0.5671875 0.6453703703703704 0.571875 0.6537037037037037 0.5708333333333333 0.662962962962963 0.565625 0.6675925925925926 0.5609375 0.6638888888888889 0.5567708333333333 0.6370370370370371 0.5520833333333334 0.6203703703703703 0.5526041666666667 0.6138888888888889 0.5588541666666667 0.6138888888888889
0 0.5421875 0.6425925925925926 0.5432291666666667 0.6527777777777778 0.5369791666666667 0.6574074074074074 0.5307291666666667 0.6564814814814814 0.5302083333333333 0.65 0.5364583333333334 0.6416666666666667 0.5416666666666666 0.6425925925925926
0 0.5895833333333333 0.43333333333333335 0.5958333333333333 0.44537037037037036 0.59375 0.4537037037037037 0.5895833333333333 0.4527777777777778 0.5869791666666667 0.44722222222222224 0.5864583333333333 0.4351851851851852 0.5890625 0.43333333333333335
0 0.5791666666666667 0.5157407407407407 0.5994791666666667 0.5194444444444445 0.6015625 0.5231481481481481 0.6015625 0.5333333333333333 0.5760416666666667 0.537962962962963 0.5713541666666667 0.5333333333333333 0.5713541666666667 0.5194444444444445 0.5739583333333333 0.5157407407407407 0.5786458333333333 0.5157407407407407
0 0.5927083333333333 0.6583333333333333 0.5942708333333333 0.662962962962963 0.5916666666666667 0.6703703703703704 0.5635416666666667 0.6962962962962963 0.5604166666666667 0.6935185185185185 0.5619791666666667 0.6851851851851852 0.5890625 0.6574074074074074 0.5921875 0.6583333333333333
2 0.5307291666666667 0.5157407407407407 0.5385416666666667 0.5166666666666667 0.5385416666666667 0.5361111111111111 0.5354166666666667 0.537962962962963 0.5307291666666667 0.5342592592592592 0.5291666666666667 0.5222222222222223 0.5302083333333333 0.5166666666666667
2 0.5578125 0.34074074074074073 0.5598958333333334 0.3425925925925926 0.5598958333333334 0.35 0.5567708333333333 0.3490740740740741 0.5572916666666666 0.3416666666666667
2 0.5322916666666667 0.5388888888888889 0.5390625 0.5407407407407407 0.5401041666666667 0.562962962962963 0.5369791666666667 0.5592592592592592 0.5322916666666667 0.5601851851851852 0.5307291666666667 0.55 0.5317708333333333 0.5398148148148149
2 0.5661458333333333 0.5277777777777778 0.5677083333333334 0.5398148148148149 0.565625 0.5435185185185185 0.5625 0.5398148148148149 0.5630208333333333 0.5296296296296297 0.565625 0.5277777777777778
2 0.5229166666666667 0.6666666666666666 0.5255208333333333 0.6675925925925926 0.525 0.6768518518518518 0.5223958333333333 0.6759259259259259 0.5229166666666667 0.6675925925925926
2 0.5802083333333333 0.41203703703703703 0.5822916666666667 0.41574074074074074 0.5807291666666666 0.4212962962962963 0.575 0.41944444444444445 0.5755208333333334 0.412962962962963 0.5796875 0.41203703703703703
2 0.5442708333333334 0.3925925925925926 0.5442708333333334 0.3768518518518518 0.5463541666666667 0.37592592592592594 0.5484375 0.38333333333333336 0.5442708333333334 0.39166666666666666
2 0.5307291666666667 0.5203703703703704 0.5380208333333333 0.5212962962962963 0.5369791666666667 0.524074074074074 0.5317708333333333 0.524074074074074 0.5307291666666667 0.5287037037037037 0.534375 0.5324074074074074 0.5385416666666667 0.5305555555555556 0.5390625 0.5527777777777778 0.5322916666666667 0.5518518518518518 0.5354166666666667 0.5453703703703704 0.5307291666666667 0.5416666666666666 0.5302083333333333 0.5212962962962963
2 0.5588541666666667 0.3824074074074074 0.5598958333333334 0.3925925925925926 0.5578125 0.39537037037037037 0.5552083333333333 0.39166666666666666 0.5552083333333333 0.3851851851851852 0.55625 0.3814814814814815 0.5583333333333333 0.3824074074074074
2 0.51875 0.4444444444444444 0.521875 0.4444444444444444 0.5229166666666667 0.45185185185185184 0.521875 0.4564814814814815 0.51875 0.45740740740740743 0.51875 0.44537037037037036
2 0.5307291666666667 0.5370370370370371 0.5385416666666667 0.537962962962963 0.5395833333333333 0.5462962962962963 0.5385416666666667 0.5574074074074075 0.5322916666666667 0.5574074074074075 0.5302083333333333 0.5518518518518518 0.5307291666666667 0.537962962962963
2 0.5286458333333334 0.49074074074074076 0.5380208333333333 0.49444444444444446 0.5390625 0.5009259259259259 0.5385416666666667 0.5166666666666667 0.5328125 0.5194444444444445 0.5286458333333334 0.5092592592592593 0.5286458333333334 0.49166666666666664
2 0.5270833333333333 0.39166666666666666 0.5296875 0.3972222222222222 0.5276041666666667 0.40555555555555556 0.5239583333333333 0.40185185185185185 0.5239583333333333 0.3962962962962963 0.5265625 0.39166666666666666
2 0.5598958333333334 0.5537037037037037 0.5625 0.5527777777777778 0.5645833333333333 0.5583333333333333 0.5640625 0.5666666666666667 0.5609375 0.5694444444444444 0.5588541666666667 0.5657407407407408 0.5598958333333334 0.5546296296296296
2 0.5390625 0.6203703703703703 0.5411458333333333 0.6324074074074074 0.5385416666666667 0.6361111111111111 0.5359375 0.6324074074074074 0.5364583333333334 0.6231481481481481 0.5385416666666667 0.6203703703703703
2 0.5354166666666667 0.46574074074074073 0.5390625 0.4842592592592593 0.5380208333333333 0.49444444444444446 0.5322916666666667 0.4935185185185185 0.5286458333333334 0.4888888888888889 0.5286458333333334 0.4703703703703704 0.5322916666666667 0.4638888888888889 0.5348958333333333 0.46574074074074073
2 0.534375 0.5861111111111111 0.540625 0.5879629629629629 0.5401041666666667 0.6083333333333333 0.5369791666666667 0.612037037037037 0.5333333333333333 0.6092592592592593 0.5317708333333333 0.5944444444444444 0.5338541666666666 0.587037037037037
2 0.546875 0.3814814814814815 0.55 0.3861111111111111 0.5515625 0.39537037037037037 0.5510416666666667 0.40555555555555556 0.5484375 0.4101851851851852 0.5458333333333333 0.4101851851851852 0.54375 0.4046296296296296 0.5442708333333334 0.3851851851851852 0.5463541666666667 0.3814814814814815
2 0.5333333333333333 0.4638888888888889 0.5369791666666667 0.46944444444444444 0.5390625 0.4842592592592593 0.5411458333333333 0.6027777777777777 0.5385416666666667 0.612037037037037 0.534375 0.612037037037037 0.5328125 0.6083333333333333 0.5307291666666667 0.5777777777777777 0.5317708333333333 0.5583333333333333 0.528125 0.5074074074074074 0.528125 0.4759259259259259 0.5302083333333333 0.46574074074074073 0.5328125 0.4638888888888889
2 0.5364583333333334 0.5555555555555556 0.540625 0.562962962962963 0.5411458333333333 0.5768518518518518 0.5390625 0.5879629629629629 0.5328125 0.5861111111111111 0.53125 0.5777777777777777 0.5317708333333333 0.5592592592592592 0.5359375 0.5555555555555556
2 0.5255208333333333 0.5824074074074074 0.5276041666666667 0.5879629629629629 0.5260416666666666 0.5935185185185186 0.5234375 0.5916666666666667 0.525 0.5824074074074074
2 0.5739583333333333 0.3509259259259259 0.5755208333333334 0.35462962962962963 0.5755208333333334 0.3611111111111111 0.5739583333333333 0.362962962962963 0.571875 0.3611111111111111 0.571875 0.3527777777777778 0.5734375 0.3509259259259259
2 0.5380208333333333 0.5138888888888888 0.5395833333333333 0.5194444444444445 0.5385416666666667 0.5351851851851852 0.5307291666666667 0.5342592592592592 0.5286458333333334 0.5231481481481481 0.5286458333333334 0.5148148148148148 0.5375 0.5148148148148148
2 0.5703125 0.6365740740740741 0.010416666666666666 0.03425925925925926
2 0.5776041666666667 0.562962962962963 0.5802083333333333 0.5638888888888889 0.5791666666666667 0.5722222222222222 0.5770833333333333 0.5703703703703704 0.5776041666666667 0.5638888888888889
1 0.6083333333333333 0.07407407407407407 0.6213541666666667 0.0787037037037037 0.6307291666666667 0.07685185185185185 0.6328125 0.09166666666666666 0.6302083333333334 0.09907407407407408 0.6088541666666667 0.11203703703703703 0.575 0.11944444444444445 0.565625 0.1175925925925926 0.565625 0.08888888888888889 0.5921875 0.07592592592592592 0.6078125 0.07407407407407407
1 0.6145833333333334 0.025925925925925925 0.6197916666666666 0.03148148148148148 0.6286458333333333 0.03425925925925926 0.6291666666666667 0.04814814814814815 0.6276041666666666 0.05277777777777778 0.6229166666666667 0.05555555555555555 0.6145833333333334 0.06759259259259259 0.56875 0.08425925925925926 0.5640625 0.0824074074074074 0.5635416666666667 0.04351851851851852 0.6140625 0.026851851851851852