0 0.5677083333333334 0.3592592592592593 0.5703125 0.3638888888888889 0.5692708333333333 0.3787037037037037 0.5640625 0.3814814814814815 0.5609375 0.375 0.5625 0.3675925925925926 0.5671875 0.36018518518518516
0 0.534375 0.4361111111111111 0.5375 0.4388888888888889 0.5380208333333333 0.44351851851851853 0.5322916666666667 0.5046296296296297 0.5302083333333333 0.5111111111111111 0.5244791666666667 0.5092592592592593 0.5239583333333333 0.5 0.5276041666666667 0.4638888888888889 0.5270833333333333 0.44074074074074077 0.5338541666666666 0.4361111111111111
0 0.625 0.39444444444444443 0.6380208333333334 0.3907407407407407 0.6411458333333333 0.3962962962962963 0.640625 0.40370370370370373 0.6354166666666666 0.4083333333333333 0.6255208333333333 0.40185185185185185 0.625 0.39537037037037037
0 0.5432291666666667 0.7138888888888889 0.5515625 0.7212962962962963 0.5802083333333333 0.7222222222222222 0.5864583333333333 0.725 0.5890625 0.7296296296296296 0.5885416666666666 0.7398148148148148 0.5848958333333333 0.7425925925925926 0.5526041666666667 0.7407407407407407 0.5442708333333334 0.7453703703703703 0.5380208333333333 0.7435185185185185 0.534375 0.7333333333333333 0.5359375 0.7194444444444444 0.5427083333333333 0.7138888888888889
0 0.5833333333333334 0.4222222222222222 0.5833333333333334 0.4166666666666667 0.5890625 0.4083333333333333 0.59375 0.4101851851851852 0.59375 0.4185185185185185 0.5875 0.42314814814814816 0.5838541666666667 0.4222222222222222
0 0.5411458333333333 0.5370370370370371 0.5489583333333333 0.5638888888888889 0.5489583333333333 0.5703703703703704 0.5473958333333333 0.5722222222222222 0.54375 0.5703703703703704 0.534375 0.55 0.5348958333333333 0.5398148148148149 0.540625 0.5370370370370371
0 0.5833333333333334 0.43425925925925923 0.5854166666666667 0.4388888888888889 0.5854166666666667 0.44907407407407407 0.5802083333333333 0.4740740740740741 0.58125 0.4898148148148148 0.5791666666666667 0.4962962962962963 0.5744791666666667 0.49907407407407406 0.5661458333333333 0.49444444444444446 0.5635416666666667 0.4824074074074074 0.5708333333333333 0.4638888888888889 0.5755208333333334 0.4388888888888889 0.5791666666666667 0.43425925925925923 0.5828125 0.43425925925925923
0 0.609375 0.7111111111111111 0.6125 0.712037037037037 0.615625 0.7194444444444444 0.6166666666666667 0.7509259259259259 0.6130208333333333 0.7564814814814815 0.6083333333333333 0.7527777777777778 0.6020833333333333 0.7222222222222222 0.6041666666666666 0.7129629629629629 0.6088541666666667 0.7111111111111111
0 0.6276041666666666 0.6592592592592592 0.6296875 0.675 0.6286458333333333 0.6796296296296296 0.6234375 0.6796296296296296 0.6223958333333334 0.6768518518518518 0.6239583333333333 0.6620370370370371 0.6270833333333333 0.6592592592592592
0 0.5421875 0.5861111111111111 0.5609375 0.6 0.5697916666666667 0.6018518518518519 0.571875 0.6064814814814815 0.5697916666666667 0.6138888888888889 0.55625 0.6046296296296296 0.5338541666666666 0.5953703703703703 0.5317708333333333 0.5898148148148148 0.5333333333333333 0.5842592592592593 0.5416666666666666 0.5861111111111111
0 0.6067708333333334 0.44814814814814813 0.609375 0.4537037037037037 0.6057291666666667 0.4666666666666667 0.5963541666666666 0.5462962962962963 0.5932291666666667 0.5518518518518518 0.5911458333333334 0.55 0.590625 0.5435185185185185 0.6 0.4777777777777778 0.6010416666666667 0.4527777777777778 0.603125 0.44814814814814813 0.60625 0.44814814814814813
0 0.628125 0.5787037037037037 0.6322916666666667 0.5768518518518518 0.6338541666666667 0.5796296296296296 0.6359375 0.5944444444444444 0.6401041666666667 0.6046296296296296 0.6380208333333334 0.612037037037037 0.6302083333333334 0.612037037037037 0.628125 0.5796296296296296
0 0.6348958333333333 0.737037037037037 0.6369791666666667 0.7416666666666667 0.6359375 0.7481481481481481 0.6302083333333334 0.7574074074074074 0.6265625 0.7592592592592593 0.6213541666666667 0.7546296296296297 0.6213541666666667 0.7425925925925926 0.6244791666666667 0.7379629629629629 0.634375 0.737037037037037
2 0.6166666666666667 0.4148148148148148 0.61875 0.4222222222222222 0.6166666666666667 0.42962962962962964 0.6135416666666667 0.42592592592592593 0.6135416666666667 0.4166666666666667 0.6161458333333333 0.4148148148148148
2 0.5989583333333334 0.6046296296296296 0.6015625 0.6074074074074074 0.603125 0.6175925925925926 0.6015625 0.6333333333333333 0.5973958333333333 0.6361111111111111 0.5947916666666667 0.6296296296296297 0.5947916666666667 0.6148148148148148 0.5984375 0.6055555555555555
2 0.621875 0.4222222222222222 0.6244791666666667 0.44074074074074077 0.6213541666666667 0.44907407407407407 0.6182291666666667 0.44537037037037036 0.6166666666666667 0.4305555555555556 0.6182291666666667 0.42314814814814816 0.6213541666666667 0.4222222222222222
2 0.5739583333333333 0.7611111111111111 0.5760416666666667 0.7814814814814814 0.5723958333333333 0.7935185185185185 0.5697916666666667 0.7935185185185185 0.5677083333333334 0.787962962962963 0.5677083333333334 0.774074074074074 0.5697916666666667 0.7638888888888888 0.5734375 0.7611111111111111
2 0.6174479166666667 0.5421296296296296 0.005729166666666666 0.017592592592592594
2 0.6057291666666667 0.5398148148148149 0.6083333333333333 0.5425925925925926 0.6078125 0.5481481481481482 0.6057291666666667 0.549074074074074 0.6057291666666667 0.5407407407407407
2 0.5671875 0.8203703703703704 0.5708333333333333 0.8231481481481482 0.5708333333333333 0.8305555555555556 0.5677083333333334 0.8342592592592593 0.5661458333333333 0.8314814814814815 0.5671875 0.8212962962962963
2 0.5479166666666667 0.4361111111111111 0.5520833333333334 0.44537037037037036 0.5520833333333334 0.4583333333333333 0.5484375 0.4666666666666667 0.5442708333333334 0.46574074074074073 0.5416666666666666 0.4527777777777778 0.5427083333333333 0.44074074074074077 0.5473958333333333 0.4361111111111111
2 0.5578125 0.44722222222222224 0.5614583333333333 0.44722222222222224 0.5651041666666666 0.4583333333333333 0.5640625 0.4777777777777778 0.559375 0.4787037037037037 0.55625 0.4666666666666667 0.5578125 0.44814814814814813
2 0.6010416666666667 0.649074074074074 0.6 0.6388888888888888 0.6020833333333333 0.6370370370370371 0.6041666666666666 0.6444444444444445 0.6015625 0.649074074074074
2 0.5942708333333333 0.7138888888888889 0.596875 0.7194444444444444 0.596875 0.7324074074074074 0.5932291666666667 0.7435185185185185 0.5895833333333333 0.7407407407407407 0.5890625 0.7240740740740741 0.5901041666666667 0.7138888888888889 0.59375 0.7138888888888889
2 0.5776041666666667 0.5666666666666667 0.5807291666666666 0.5740740740740741 0.5802083333333333 0.5888888888888889 0.578125 0.5925925925925926 0.5755208333333334 0.5925925925925926 0.5734375 0.587037037037037 0.5739583333333333 0.5712962962962963 0.5770833333333333 0.5666666666666667
2 0.5385416666666667 0.6685185185185185 0.5364583333333334 0.649074074074074 0.5385416666666667 0.6388888888888888 0.5421875 0.6342592592592593 0.546875 0.6416666666666667 0.5473958333333333 0.6546296296296297 0.54375 0.6694444444444444 0.5390625 0.6685185185185185
2 0.6088541666666667 0.6268518518518519 0.6098958333333333 0.6398148148148148 0.6072916666666667 0.6444444444444445 0.6052083333333333 0.6324074074074074 0.6083333333333333 0.6268518518518519
2 0.5911458333333334 0.7564814814814815 0.59375 0.7657407407407407 0.5911458333333334 0.7824074074074074 0.5890625 0.7824074074074074 0.5869791666666667 0.7759259259259259 0.5875 0.7620370370370371 0.590625 0.7564814814814815
2 0.6057291666666667 0.5398148148148149 0.6083333333333333 0.5425925925925926 0.6078125 0.5481481481481482 0.6057291666666667 0.549074074074074 0.6057291666666667 0.5407407407407407
2 0.5572916666666666 0.7148148148148148 0.5588541666666667 0.7185185185185186 0.5578125 0.7212962962962963 0.5536458333333333 0.7185185185185186 0.5567708333333333 0.7148148148148148
2 0.5869791666666667 0.7064814814814815 0.5895833333333333 0.7111111111111111 0.5890625 0.725 0.5848958333333333 0.725 0.5791666666666667 0.7185185185185186 0.5833333333333334 0.7092592592592593 0.5864583333333333 0.7074074074074074
1 0.63125 0.09537037037037037 0.6359375 0.10185185185185185 0.6432291666666666 0.10277777777777777 0.6447916666666667 0.10925925925925926 0.6442708333333333 0.12037037037037036 0.6380208333333334 0.125 0.634375 0.13333333333333333 0.5817708333333333 0.15185185185185185 0.5796875 0.15 0.5796875 0.11388888888888889 0.58125 0.11018518518518519 0.6307291666666667 0.09537037037037037
1 0.6109375 0.1425925925925926 0.6359375 0.14814814814814814 0.6453125 0.14537037037037037 0.6473958333333333 0.15 0.6463541666666667 0.16574074074074074 0.6234375 0.1787037037037037 0.5963541666666666 0.18425925925925926 0.5921875 0.18333333333333332 0.5901041666666667 0.17592592592592593 0.5890625 0.15648148148148147 0.590625 0.15092592592592594 0.6104166666666667 0.1425925925925926