0 0.4588541666666667 0.7666666666666667 0.4635416666666667 0.774074074074074 0.4671875 0.8064814814814815 0.471875 0.8194444444444444 0.4703125 0.8277777777777777 0.4625 0.8333333333333334 0.4552083333333333 0.8296296296296296 0.45625 0.8092592592592592 0.45260416666666664 0.774074074074074 0.4546875 0.7685185185185185 0.4583333333333333 0.7666666666666667
0 0.4953125 0.42592592592592593 0.4984375 0.4287037037037037 0.4984375 0.45555555555555555 0.4942708333333333 0.45555555555555555 0.4901041666666667 0.4351851851851852 0.490625 0.4287037037037037 0.4947916666666667 0.42685185185185187
0 0.48854166666666665 0.32314814814814813 0.5052083333333334 0.325 0.5078125 0.337037037037037 0.503125 0.34444444444444444 0.4947916666666667 0.34444444444444444 0.48385416666666664 0.3509259259259259 0.478125 0.34444444444444444 0.47760416666666666 0.3314814814814815 0.48125 0.32314814814814813 0.48802083333333335 0.32314814814814813
0 0.42552083333333335 0.5120370370370371 0.42916666666666664 0.5175925925925926 0.43333333333333335 0.5527777777777778 0.43802083333333336 0.5611111111111111 0.43802083333333336 0.5648148148148148 0.43020833333333336 0.5805555555555556 0.4265625 0.5805555555555556 0.425 0.5768518518518518 0.425 0.5555555555555556 0.42083333333333334 0.5296296296296297 0.42083333333333334 0.5166666666666667 0.425 0.5120370370370371
0 0.4505208333333333 0.6509259259259259 0.4557291666666667 0.6444444444444445 0.4609375 0.6435185185185185 0.46145833333333336 0.6509259259259259 0.4583333333333333 0.6574074074074074 0.4427083333333333 0.6759259259259259 0.43125 0.6962962962962963 0.4276041666666667 0.6953703703703704 0.42604166666666665 0.6898148148148148 0.428125 0.6824074074074075 0.4322916666666667 0.6796296296296296 0.4505208333333333 0.6518518518518519
0 0.4125 0.3537037037037037 0.4171875 0.36018518518518516 0.415625 0.3731481481481482 0.3927083333333333 0.42777777777777776 0.38645833333333335 0.45185185185185184 0.38229166666666664 0.4564814814814815 0.37552083333333336 0.4527777777777778 0.375 0.4398148148148148 0.38333333333333336 0.42685185185185187 0.4088541666666667 0.35462962962962963 0.4119791666666667 0.3537037037037037
0 0.4453125 0.37037037037037035 0.4479166666666667 0.3787037037037037 0.44635416666666666 0.3851851851851852 0.41875 0.39351851851851855 0.41302083333333334 0.39166666666666666 0.41458333333333336 0.38333333333333336 0.44479166666666664 0.37037037037037035
0 0.4114583333333333 0.7555555555555555 0.415625 0.7685185185185185 0.4161458333333333 0.775 0.41458333333333336 0.7787037037037037 0.4119791666666667 0.7777777777777778 0.40625 0.7666666666666667 0.40625 0.7601851851851852 0.4109375 0.7555555555555555
0 0.43125 0.5833333333333334 0.4354166666666667 0.5879629629629629 0.44375 0.6074074074074074 0.4427083333333333 0.6166666666666667 0.43802083333333336 0.6222222222222222 0.4328125 0.6212962962962963 0.43072916666666666 0.6157407407407407 0.43072916666666666 0.6055555555555555 0.4276041666666667 0.5944444444444444 0.4276041666666667 0.587037037037037 0.43072916666666666 0.5833333333333334
0 0.49166666666666664 0.7222222222222222 0.48854166666666665 0.6898148148148148 0.48385416666666664 0.6777777777777778 0.48541666666666666 0.6722222222222223 0.490625 0.6694444444444444 0.4973958333333333 0.6694444444444444 0.49947916666666664 0.6759259259259259 0.4973958333333333 0.6861111111111111 0.49895833333333334 0.7185185185185186 0.4953125 0.7231481481481481 0.4921875 0.7222222222222222
0 0.4296875 0.7416666666666667 0.43697916666666664 0.7546296296296297 0.43645833333333334 0.7620370370370371 0.43385416666666665 0.7638888888888888 0.428125 0.7620370370370371 0.4270833333333333 0.7435185185185185 0.42916666666666664 0.7416666666666667
0 0.41458333333333336 0.6027777777777777 0.41770833333333335 0.6361111111111111 0.425 0.6638888888888889 0.42291666666666666 0.6703703703703704 0.4171875 0.6759259259259259 0.4088541666666667 0.6712962962962963 0.40989583333333335 0.6472222222222223 0.40520833333333334 0.6157407407407407 0.40572916666666664 0.6074074074074074 0.4140625 0.6027777777777777
0 0.4088541666666667 0.5703703703703704 0.415625 0.6018518518518519 0.4078125 0.6055555555555555 0.4041666666666667 0.5768518518518518 0.4083333333333333 0.5703703703703704
2 0.41354166666666664 0.675 0.4171875 0.6805555555555556 0.4171875 0.6907407407407408 0.41510416666666666 0.6972222222222222 0.4114583333333333 0.6962962962962963 0.409375 0.6898148148148148 0.409375 0.6768518518518518 0.41302083333333334 0.675
2 0.4875 0.7601851851851852 0.49270833333333336 0.774074074074074 0.4921875 0.7935185185185185 0.4875 0.7972222222222223 0.4822916666666667 0.787962962962963 0.4817708333333333 0.7731481481481481 0.48385416666666664 0.7638888888888888 0.4869791666666667 0.7611111111111111
2 0.4505208333333333 0.6175925925925926 0.44895833333333335 0.6157407407407407 0.44895833333333335 0.6074074074074074 0.45208333333333334 0.6083333333333333 0.4510416666666667 0.6166666666666667
2 0.4192708333333333 0.32407407407407407 0.421875 0.32407407407407407 0.42291666666666666 0.3296296296296296 0.421875 0.3351851851851852 0.4197916666666667 0.33611111111111114 0.41822916666666665 0.33055555555555555 0.4192708333333333 0.325
2 0.4114583333333333 0.43425925925925923 0.4125 0.4425925925925926 0.4109375 0.44722222222222224 0.4083333333333333 0.44351851851851853 0.4088541666666667 0.4351851851851852 0.4109375 0.43425925925925923
2 0.4708333333333333 0.4444444444444444 0.475 0.4583333333333333 0.4744791666666667 0.4722222222222222 0.4708333333333333 0.48055555555555557 0.4661458333333333 0.47962962962962963 0.4640625 0.4722222222222222 0.46510416666666665 0.45185185185185184 0.46770833333333334 0.44537037037037036 0.4703125 0.4444444444444444
2 0.45260416666666664 0.49212962962962964 0.008333333333333333 0.028703703703703703
2 0.4015625 0.5101851851851852 0.4041666666666667 0.5212962962962963 0.40208333333333335 0.537962962962963 0.39739583333333334 0.5370370370370371 0.3958333333333333 0.5277777777777778 0.396875 0.5148148148148148 0.4010416666666667 0.5101851851851852
2 0.4236979166666667 0.36527777777777776 0.009895833333333333 0.030555555555555555
2 0.44609375 0.49583333333333335 0.0046875 0.013888888888888888
2 0.4015625 0.6657407407407407 0.40520833333333334 0.6768518518518518 0.4046875 0.687962962962963 0.40208333333333335 0.6935185185185185 0.39895833333333336 0.6916666666666667 0.396875 0.6842592592592592 0.396875 0.6712962962962963 0.4010416666666667 0.6657407407407407
2 0.4296875 0.4351851851851852 0.43072916666666666 0.42962962962962964 0.4328125 0.4287037037037037 0.43385416666666665 0.44074074074074077 0.43072916666666666 0.44166666666666665 0.43020833333333336 0.4361111111111111
2 0.4791666666666667 0.5398148148148149 0.48072916666666665 0.5444444444444444 0.4796875 0.5583333333333333 0.47604166666666664 0.5583333333333333 0.4739583333333333 0.5518518518518518 0.475 0.5416666666666666 0.4786458333333333 0.5398148148148149
2 0.45364583333333336 0.5212962962962963 0.45625 0.512962962962963 0.46197916666666666 0.5120370370370371 0.465625 0.525 0.46510416666666665 0.537962962962963 0.4625 0.5462962962962963 0.4557291666666667 0.5453703703703704 0.45416666666666666 0.5222222222222223
2 0.4869791666666667 0.6157407407407407 0.4890625 0.6287037037037037 0.48854166666666665 0.6333333333333333 0.48541666666666666 0.6370370370370371 0.4817708333333333 0.6305555555555555 0.4817708333333333 0.6203703703703703 0.48333333333333334 0.6157407407407407 0.4864583333333333 0.6157407407407407
2 0.4348958333333333 0.48333333333333334 0.4328125 0.4685185185185185 0.434375 0.45740740740740743 0.4375 0.45185185185185184 0.44114583333333335 0.45740740740740743 0.44166666666666665 0.4777777777777778 0.4395833333333333 0.4842592592592593 0.4354166666666667 0.48333333333333334
2 0.4796875 0.7787037037037037 0.4822916666666667 0.7870370370370371 0.48020833333333335 0.7972222222222223 0.47604166666666664 0.7962962962962963 0.4744791666666667 0.7898148148148149 0.47552083333333334 0.7805555555555556 0.4791666666666667 0.7787037037037037
1 0.371875 0.09537037037037037 0.4192708333333333 0.11018518518518519 0.4192708333333333 0.15185185185185185 0.40625 0.14537037037037037 0.36666666666666664 0.13518518518518519 0.3619791666666667 0.125 0.35572916666666665 0.12037037037037036 0.35520833333333335 0.10833333333333334 0.3567708333333333 0.10277777777777777 0.3640625 0.10185185185185185 0.36875 0.09537037037037037 0.37135416666666665 0.09537037037037037
1 0.38333333333333336 0.14166666666666666 0.40572916666666664 0.14722222222222223 0.40989583333333335 0.15185185185185185 0.40989583333333335 0.175 0.40572916666666664 0.18425925925925926 0.3765625 0.1787037037037037 0.35260416666666666 0.1638888888888889 0.35260416666666666 0.14814814814814814 0.3541666666666667 0.14537037037037037 0.3619791666666667 0.14629629629629629 0.3692708333333333 0.14074074074074075 0.3828125 0.14166666666666666