0 0.5859375 0.47314814814814815 0.6453125 0.5287037037037037 0.6541666666666667 0.5305555555555556 0.6552083333333333 0.5398148148148149 0.6510416666666666 0.549074074074074 0.6416666666666667 0.5361111111111111 0.5807291666666666 0.4824074074074074 0.5786458333333333 0.4740740740740741 0.58125 0.4703703703703704 0.5854166666666667 0.47314814814814815
0 0.6473958333333333 0.3861111111111111 0.6541666666666667 0.39166666666666666 0.6588541666666666 0.4111111111111111 0.6911458333333333 0.49074074074074076 0.6901041666666666 0.5009259259259259 0.6859375 0.5055555555555555 0.68125 0.5055555555555555 0.6770833333333334 0.4981481481481482 0.6630208333333333 0.462037037037037 0.6583333333333333 0.4388888888888889 0.640625 0.4064814814814815 0.6401041666666667 0.39444444444444443 0.64375 0.38796296296296295 0.646875 0.387037037037037
0 0.5119791666666667 0.2898148148148148 0.5182291666666666 0.2953703703703704 0.5291666666666667 0.29907407407407405 0.5317708333333333 0.30462962962962964 0.5291666666666667 0.31574074074074077 0.5046875 0.30833333333333335 0.5026041666666666 0.30277777777777776 0.503125 0.29444444444444445 0.5083333333333333 0.28888888888888886 0.5114583333333333 0.2898148148148148
0 0.578125 0.4759259259259259 0.5802083333333333 0.4824074074074074 0.603125 0.5046296296296297 0.6026041666666667 0.512962962962963 0.5994791666666667 0.5175925925925926 0.5703125 0.5027777777777778 0.5671875 0.4981481481481482 0.565625 0.4898148148148148 0.5692708333333333 0.4777777777777778 0.5729166666666666 0.4740740740740741 0.5776041666666667 0.4759259259259259
0 0.4401041666666667 0.45925925925925926 0.4432291666666667 0.4638888888888889 0.4427083333333333 0.4777777777777778 0.4390625 0.4888888888888889 0.434375 0.49444444444444446 0.4276041666666667 0.4925925925925926 0.425 0.4861111111111111 0.425 0.4777777777777778 0.43385416666666665 0.462037037037037 0.4395833333333333 0.45925925925925926
0 0.5791666666666667 0.38333333333333336 0.584375 0.37777777777777777 0.590625 0.3787037037037037 0.5963541666666666 0.3990740740740741 0.6057291666666667 0.41574074074074074 0.6078125 0.42407407407407405 0.6057291666666667 0.43425925925925923 0.5984375 0.4324074074074074 0.5786458333333333 0.4 0.5770833333333333 0.39351851851851855 0.5791666666666667 0.38425925925925924
0 0.5713541666666667 0.4305555555555556 0.5838541666666667 0.4425925925925926 0.5833333333333334 0.44814814814814813 0.58125 0.45 0.5682291666666667 0.4444444444444444 0.5677083333333334 0.4388888888888889 0.5708333333333333 0.4305555555555556
0 0.5651041666666666 0.4898148148148148 0.5666666666666667 0.4935185185185185 0.5651041666666666 0.5009259259259259 0.5291666666666667 0.5314814814814814 0.5192708333333333 0.5425925925925926 0.5119791666666667 0.5555555555555556 0.5057291666666667 0.5453703703703704 0.5072916666666667 0.5361111111111111 0.5161458333333333 0.5324074074074074 0.5609375 0.49074074074074076 0.5645833333333333 0.4898148148148148
0 0.5677083333333334 0.32685185185185184 0.5734375 0.33425925925925926 0.5963541666666666 0.3425925925925926 0.5973958333333333 0.35185185185185186 0.5953125 0.35462962962962963 0.5640625 0.3453703703703704 0.5619791666666667 0.33796296296296297 0.5640625 0.3277777777777778 0.5671875 0.32685185185185184
2 0.6333333333333333 0.337037037037037 0.6401041666666667 0.34444444444444444 0.6385416666666667 0.3509259259259259 0.634375 0.3527777777777778 0.6265625 0.3509259259259259 0.6223958333333334 0.3453703703703704 0.6223958333333334 0.3416666666666667 0.6255208333333333 0.33796296296296297 0.6328125 0.337037037037037
2 0.459375 0.4888888888888889 0.4635416666666667 0.4935185185185185 0.46458333333333335 0.49907407407407406 0.4630208333333333 0.5037037037037037 0.4583333333333333 0.5064814814814815 0.44895833333333335 0.5046296296296297 0.446875 0.4962962962962963 0.45 0.49074074074074076 0.4588541666666667 0.4888888888888889
2 0.5442708333333334 0.4064814814814815 0.546875 0.41388888888888886 0.5427083333333333 0.41944444444444445 0.5328125 0.41759259259259257 0.5302083333333333 0.4111111111111111 0.5369791666666667 0.4046296296296296 0.54375 0.4064814814814815
2 0.4703125 0.4388888888888889 0.471875 0.4462962962962963 0.46822916666666664 0.45 0.46197916666666666 0.44907407407407407 0.4609375 0.44166666666666665 0.46979166666666666 0.4388888888888889
2 0.7401041666666667 0.5361111111111111 0.7484375 0.5472222222222223 0.7479166666666667 0.5537037037037037 0.7411458333333333 0.5583333333333333 0.7286458333333333 0.5537037037037037 0.7229166666666667 0.5444444444444444 0.7234375 0.5398148148148149 0.7270833333333333 0.5351851851851852 0.7395833333333334 0.5361111111111111
2 0.475 0.35462962962962963 0.47760416666666666 0.36203703703703705 0.471875 0.3675925925925926 0.4625 0.36574074074074076 0.45989583333333334 0.35833333333333334 0.4666666666666667 0.3527777777777778 0.4744791666666667 0.35462962962962963
2 0.4192708333333333 0.4462962962962963 0.4234375 0.45 0.4244791666666667 0.4564814814814815 0.42135416666666664 0.46296296296296297 0.4161458333333333 0.4666666666666667 0.40572916666666664 0.46296296296296297 0.4036458333333333 0.45925925925925926 0.4036458333333333 0.4527777777777778 0.4109375 0.4462962962962963 0.41875 0.4462962962962963
2 0.5125 0.40370370370370373 0.5119791666666667 0.40925925925925927 0.50625 0.4074074074074074 0.5078125 0.4027777777777778 0.5119791666666667 0.40370370370370373
2 0.4354166666666667 0.38425925925925924 0.43697916666666664 0.38981481481481484 0.43385416666666665 0.39351851851851855 0.42864583333333334 0.39351851851851855 0.4265625 0.3861111111111111 0.4296875 0.38333333333333336 0.4348958333333333 0.38425925925925924
2 0.4036458333333333 0.4046296296296296 0.40677083333333336 0.4074074074074074 0.40729166666666666 0.41574074074074074 0.4005208333333333 0.4212962962962963 0.39166666666666666 0.4185185185185185 0.390625 0.4101851851851852 0.39427083333333335 0.40555555555555556 0.403125 0.4046296296296296
2 0.65625 0.35185185185185186 0.6614583333333334 0.3509259259259259 0.6640625 0.35555555555555557 0.6578125 0.35833333333333334 0.6557291666666667 0.35555555555555557 0.65625 0.3527777777777778
2 0.5494791666666666 0.42407407407407405 0.5541666666666667 0.42962962962962964 0.5552083333333333 0.4351851851851852 0.553125 0.4388888888888889 0.546875 0.44074074074074077 0.5395833333333333 0.4398148148148148 0.5354166666666667 0.4351851851851852 0.5348958333333333 0.4305555555555556 0.5385416666666667 0.42407407407407405 0.5489583333333333 0.42407407407407405
2 0.5494791666666666 0.37037037037037035 0.5520833333333334 0.37592592592592594 0.5489583333333333 0.38055555555555554 0.5432291666666667 0.37962962962962965 0.5421875 0.3768518518518518 0.5432291666666667 0.37037037037037035 0.5489583333333333 0.37037037037037035
2 0.44427083333333334 0.40555555555555556 0.44635416666666666 0.4074074074074074 0.44635416666666666 0.4148148148148148 0.4395833333333333 0.4212962962962963 0.4317708333333333 0.4203703703703704 0.4276041666666667 0.41574074074074074 0.4270833333333333 0.4111111111111111 0.4317708333333333 0.40370370370370373 0.44375 0.40555555555555556
2 0.6739583333333333 0.39537037037037037 0.6786458333333333 0.3972222222222222 0.6833333333333333 0.40370370370370373 0.6817708333333333 0.4111111111111111 0.6765625 0.412962962962963 0.6682291666666667 0.4101851851851852 0.6635416666666667 0.4009259259259259 0.6666666666666666 0.3962962962962963 0.6734375 0.39537037037037037
1 0.8942708333333333 0.5861111111111111 0.9046875 0.5990740740740741 0.9026041666666667 0.625 0.9130208333333333 0.6388888888888888 0.9166666666666666 0.6509259259259259 0.9083333333333333 0.6824074074074075 0.9026041666666667 0.7296296296296296 0.9005208333333333 0.737037037037037 0.8958333333333334 0.7425925925925926 0.8895833333333333 0.7425925925925926 0.8734375 0.7342592592592593 0.8546875 0.7175925925925926 0.8484375 0.7074074074074074 0.8484375 0.6944444444444444 0.8572916666666667 0.6666666666666666 0.8625 0.6231481481481481 0.8666666666666667 0.6157407407407407 0.8734375 0.6111111111111112 0.8833333333333333 0.6111111111111112 0.8869791666666667 0.5962962962962963 0.8854166666666666 0.5851851851851851 0.89375 0.5861111111111111
1 0.9322916666666666 0.5898148148148148 0.9359375 0.6240740740740741 0.9265625 0.6527777777777778 0.9260416666666667 0.6592592592592592 0.9291666666666667 0.662962962962963 0.9395833333333333 0.6574074074074074 0.9421875 0.6620370370370371 0.9421875 0.6731481481481482 0.9333333333333333 0.7194444444444444 0.9255208333333333 0.7296296296296296 0.9072916666666667 0.7296296296296296 0.9041666666666667 0.7268518518518519 0.9041666666666667 0.7194444444444444 0.9109375 0.675 0.9177083333333333 0.6537037037037037 0.9104166666666667 0.6287037037037037 0.925 0.6027777777777777 0.9270833333333334 0.5916666666666667 0.9317708333333333 0.5898148148148148
1 0.2677083333333333 0.28055555555555556 0.2708333333333333 0.2935185185185185 0.2786458333333333 0.30648148148148147 0.2796875 0.3138888888888889 0.2791666666666667 0.3388888888888889 0.2875 0.3962962962962963 0.284375 0.4009259259259259 0.2640625 0.4009259259259259 0.26197916666666665 0.3972222222222222 0.25364583333333335 0.30462962962962964 0.2578125 0.29444444444444445 0.25729166666666664 0.2833333333333333 0.26197916666666665 0.2796296296296296 0.2671875 0.28055555555555556
1 0.9072916666666667 0.5518518518518518 0.9078125 0.562037037037037 0.9109375 0.5675925925925925 0.9078125 0.575 0.9046875 0.5787037037037037 0.8958333333333334 0.5787037037037037 0.89375 0.5833333333333334 0.8895833333333333 0.5814814814814815 0.8854166666666666 0.5842592592592593 0.8854166666666666 0.600925925925926 0.8833333333333333 0.6092592592592593 0.8723958333333334 0.6101851851851852 0.8630208333333333 0.6194444444444445 0.8578125 0.6555555555555556 0.8526041666666667 0.674074074074074 0.8494791666666667 0.6703703703703704 0.846875 0.6518518518518519 0.8489583333333334 0.6222222222222222 0.8557291666666667 0.6055555555555555 0.8651041666666667 0.5962962962962963 0.8755208333333333 0.5777777777777777 0.8786458333333333 0.5509259259259259 0.8901041666666667 0.5481481481481482 0.9067708333333333 0.5518518518518518
1 0.29322916666666665 0.2740740740740741 0.29635416666666664 0.27870370370370373 0.30364583333333334 0.3212962962962963 0.30885416666666665 0.39537037037037037 0.30833333333333335 0.39814814814814814 0.3 0.4009259259259259 0.2921875 0.4009259259259259 0.28802083333333334 0.3972222222222222 0.28125 0.34814814814814815 0.28072916666666664 0.31851851851851853 0.284375 0.2962962962962963 0.2833333333333333 0.27870370370370373 0.2859375 0.2740740740740741 0.29270833333333335 0.2740740740740741