0 0.4744791666666667 0.4351851851851852 0.4791666666666667 0.4388888888888889 0.4786458333333333 0.45185185185185184 0.45625 0.4759259259259259 0.45260416666666664 0.4759259259259259 0.4473958333333333 0.46574074074074073 0.44635416666666666 0.45555555555555555 0.4484375 0.44907407407407407 0.4739583333333333 0.4351851851851852
0 0.515625 0.412962962962963 0.5338541666666666 0.4148148148148148 0.5359375 0.4203703703703704 0.5333333333333333 0.42685185185185187 0.5192708333333333 0.42685185185185187 0.515625 0.42962962962962964 0.5119791666666667 0.42962962962962964 0.5104166666666666 0.42407407407407405 0.5109375 0.41388888888888886 0.5151041666666667 0.412962962962963
0 0.6526041666666667 0.36574074074074076 0.6541666666666667 0.3675925925925926 0.6546875 0.3768518518518518 0.6546875 0.41944444444444445 0.6536458333333334 0.42685185185185187 0.6505208333333333 0.42962962962962964 0.646875 0.4287037037037037 0.6442708333333333 0.4203703703703704 0.6473958333333333 0.4074074074074074 0.6489583333333333 0.3675925925925926 0.6520833333333333 0.36574074074074076
0 0.43645833333333334 0.37962962962962965 0.44947916666666665 0.37962962962962965 0.4515625 0.39444444444444443 0.44895833333333335 0.4046296296296296 0.43697916666666664 0.3990740740740741 0.4203125 0.3972222222222222 0.41875 0.38981481481481484 0.4197916666666667 0.38055555555555554 0.4359375 0.37962962962962965
0 0.51875 0.2814814814814815 0.5213541666666667 0.29074074074074074 0.5203125 0.3 0.5020833333333333 0.30185185185185187 0.49895833333333334 0.29814814814814816 0.5005208333333333 0.2898148148148148 0.5140625 0.2861111111111111 0.5182291666666666 0.2814814814814815
0 0.6166666666666667 0.37037037037037035 0.6182291666666667 0.3731481481481482 0.6177083333333333 0.3861111111111111 0.6125 0.39351851851851855 0.6088541666666667 0.38981481481481484 0.5984375 0.3888888888888889 0.5166666666666667 0.39444444444444443 0.5119791666666667 0.39444444444444443 0.5098958333333333 0.38981481481481484 0.5104166666666666 0.37962962962962965 0.5151041666666667 0.37592592592592594 0.5479166666666667 0.375 0.5604166666666667 0.3712962962962963 0.5854166666666667 0.3731481481481482 0.6161458333333333 0.37037037037037035
0 0.4515625 0.2916666666666667 0.45260416666666664 0.30277777777777776 0.45 0.3101851851851852 0.44375 0.30648148148148147 0.421875 0.30648148148148147 0.4197916666666667 0.30277777777777776 0.4197916666666667 0.2962962962962963 0.4276041666666667 0.29259259259259257 0.4510416666666667 0.2916666666666667
0 0.4140625 0.38055555555555554 0.41770833333333335 0.38333333333333336 0.4197916666666667 0.39537037037037037 0.4046875 0.4166666666666667 0.4015625 0.41388888888888886 0.4005208333333333 0.40555555555555556 0.4078125 0.3851851851851852 0.41354166666666664 0.38055555555555554
0 0.6088541666666667 0.4638888888888889 0.6098958333333333 0.4759259259259259 0.5989583333333334 0.4824074074074074 0.5953125 0.48148148148148145 0.5942708333333333 0.475 0.6052083333333333 0.46296296296296297 0.6083333333333333 0.4638888888888889
0 0.5442708333333334 0.4462962962962963 0.553125 0.45 0.5541666666666667 0.45555555555555555 0.5515625 0.4583333333333333 0.540625 0.45925925925925926 0.5380208333333333 0.4564814814814815 0.5380208333333333 0.44814814814814813 0.5395833333333333 0.44537037037037036 0.54375 0.4462962962962963
0 0.4947916666666667 0.375 0.49635416666666665 0.37962962962962965 0.4947916666666667 0.3851851851851852 0.48541666666666666 0.4027777777777778 0.475 0.43148148148148147 0.46979166666666666 0.4361111111111111 0.4666666666666667 0.4351851851851852 0.4666666666666667 0.4287037037037037 0.4859375 0.38796296296296295 0.48854166666666665 0.3768518518518518 0.4942708333333333 0.375
0 0.5145833333333333 0.48055555555555557 0.5177083333333333 0.49074074074074076 0.5072916666666667 0.5037037037037037 0.5046875 0.5037037037037037 0.503125 0.4962962962962963 0.5109375 0.48055555555555557 0.5140625 0.48055555555555557
0 0.6036458333333333 0.3287037037037037 0.6114583333333333 0.34074074074074073 0.615625 0.3416666666666667 0.6208333333333333 0.34814814814814815 0.621875 0.36018518518518516 0.6161458333333333 0.37037037037037035 0.6088541666666667 0.36944444444444446 0.5984375 0.3425925925925926 0.5979166666666667 0.33055555555555555 0.603125 0.3287037037037037
2 0.5502604166666667 0.3194444444444444 0.0078125 0.009259259259259259
2 0.5020833333333333 0.34814814814814815 0.00625 0.007407407407407408
2 0.49635416666666665 0.34814814814814815 0.4979166666666667 0.35555555555555557 0.49270833333333336 0.36018518518518516 0.48333333333333334 0.3592592592592593 0.4796875 0.35185185185185186 0.48541666666666666 0.3453703703703704 0.49583333333333335 0.34814814814814815
2 0.6427083333333333 0.42685185185185187 0.6453125 0.43148148148148147 0.6453125 0.4388888888888889 0.640625 0.44351851851851853 0.63125 0.44166666666666665 0.6270833333333333 0.4324074074074074 0.6322916666666667 0.425 0.6421875 0.42685185185185187
2 0.44036458333333334 0.45416666666666666 0.0109375 0.012037037037037037
2 0.6026041666666667 0.4212962962962963 0.609375 0.4287037037037037 0.6088541666666667 0.4351851851851852 0.6052083333333333 0.43796296296296294 0.5947916666666667 0.43703703703703706 0.5895833333333333 0.42962962962962964 0.5927083333333333 0.4222222222222222 0.6020833333333333 0.4212962962962963
2 0.4296875 0.43796296296296294 0.4317708333333333 0.44166666666666665 0.43125 0.44907407407407407 0.4244791666666667 0.4546296296296296 0.41458333333333336 0.4537037037037037 0.40989583333333335 0.44537037037037036 0.41770833333333335 0.4351851851851852 0.42916666666666664 0.43796296296296294
2 0.509375 0.33240740740740743 0.5119791666666667 0.33796296296296297 0.5083333333333333 0.3435185185185185 0.5005208333333333 0.3425925925925926 0.4979166666666667 0.3351851851851852 0.5005208333333333 0.33240740740740743 0.5088541666666667 0.33240740740740743
2 0.6328125 0.3490740740740741 0.6390625 0.35555555555555557 0.6369791666666667 0.3638888888888889 0.6270833333333333 0.3638888888888889 0.6223958333333334 0.3592592592592593 0.6223958333333334 0.35185185185185186 0.6322916666666667 0.3490740740740741
2 0.5713541666666667 0.2777777777777778 0.5739583333333333 0.2796296296296296 0.5734375 0.28425925925925927 0.5671875 0.2824074074074074 0.5708333333333333 0.2777777777777778
2 0.5692708333333333 0.28888888888888886 0.5713541666666667 0.29074074074074074 0.571875 0.2962962962962963 0.5677083333333334 0.3 0.5604166666666667 0.29907407407407405 0.5567708333333333 0.29259259259259257 0.5604166666666667 0.287962962962963 0.56875 0.28888888888888886
2 0.4786458333333333 0.325 0.4791666666666667 0.33240740740740743 0.4734375 0.337037037037037 0.4640625 0.3351851851851852 0.4625 0.3287037037037037 0.46822916666666664 0.32314814814814813 0.478125 0.325
2 0.5166666666666667 0.33796296296296297 0.5213541666666667 0.33796296296296297 0.5213541666666667 0.3416666666666667 0.5171875 0.3416666666666667 0.5166666666666667 0.3388888888888889
2 0.5088541666666667 0.3814814814814815 0.5088541666666667 0.3888888888888889 0.5041666666666667 0.3861111111111111 0.5052083333333334 0.3824074074074074 0.5083333333333333 0.3814814814814815
2 0.4510416666666667 0.35555555555555557 0.45729166666666665 0.3537037037037037 0.46041666666666664 0.35833333333333334 0.4583333333333333 0.362962962962963 0.45260416666666664 0.362962962962963 0.4505208333333333 0.36018518518518516 0.4510416666666667 0.35648148148148145
2 0.6010416666666667 0.31851851851851853 0.6026041666666667 0.32037037037037036 0.6026041666666667 0.32685185185185184 0.5963541666666666 0.32407407407407407 0.596875 0.3194444444444444 0.6005208333333333 0.31851851851851853
2 0.5411458333333333 0.32314814814814813 0.5442708333333334 0.325 0.5458333333333333 0.3314814814814815 0.540625 0.337037037037037 0.5322916666666667 0.33611111111111114 0.528125 0.3314814814814815 0.53125 0.32407407407407407 0.540625 0.32314814814814813
2 0.5572916666666666 0.36574074074074076 0.5640625 0.3675925925925926 0.5661458333333333 0.3731481481481482 0.5515625 0.3731481481481482 0.5520833333333334 0.3685185185185185 0.5567708333333333 0.36666666666666664
1 0.9848958333333333 0.40925925925925927 0.990625 0.41574074074074074 0.990625 0.43703703703703706 0.9869791666666666 0.44537037037037036 0.9791666666666666 0.45 0.9682291666666667 0.44814814814814813 0.9651041666666667 0.43148148148148147 0.9671875 0.4212962962962963 0.9723958333333333 0.4101851851851852 0.984375 0.40925925925925927
1 0.8859375 0.49537037037037035 0.8875 0.49722222222222223 0.8869791666666667 0.5018518518518519 0.8765625 0.5064814814814815 0.871875 0.5212962962962963 0.8765625 0.5259259259259259 0.878125 0.5324074074074074 0.8765625 0.549074074074074 0.8770833333333333 0.5777777777777777 0.875 0.5898148148148148 0.865625 0.6157407407407407 0.8578125 0.6194444444444445 0.8442708333333333 0.6175925925925926 0.834375 0.6064814814814815 0.83125 0.5888888888888889 0.8322916666666667 0.5685185185185185 0.8369791666666667 0.5537037037037037 0.85 0.537962962962963 0.8583333333333333 0.5212962962962963 0.8625 0.49444444444444446 0.8692708333333333 0.4925925925925926 0.8854166666666666 0.49537037037037035
1 0.965625 0.5740740740740741 0.9666666666666667 0.5851851851851851 0.9619791666666667 0.6064814814814815 0.965625 0.6203703703703703 0.965625 0.6296296296296297 0.9463541666666667 0.7166666666666667 0.9432291666666667 0.7268518518518519 0.9390625 0.7305555555555555 0.9239583333333333 0.725 0.9177083333333333 0.7175925925925926 0.9145833333333333 0.7037037037037037 0.9166666666666666 0.687037037037037 0.9302083333333333 0.6324074074074074 0.9333333333333333 0.6055555555555555 0.9390625 0.5981481481481481 0.9427083333333334 0.5972222222222222 0.9489583333333333 0.5787037037037037 0.959375 0.5722222222222222 0.9651041666666667 0.5740740740740741
1 0.9505208333333334 0.42592592592592593 0.9645833333333333 0.43425925925925923 0.9666666666666667 0.4425925925925926 0.9651041666666667 0.44722222222222224 0.9552083333333333 0.44907407407407407 0.9505208333333334 0.45555555555555555 0.95 0.4666666666666667 0.9458333333333333 0.48055555555555557 0.9427083333333334 0.5055555555555555 0.9390625 0.5203703703703704 0.9364583333333333 0.524074074074074 0.9244791666666666 0.5148148148148148 0.921875 0.5037037037037037 0.9307291666666667 0.46574074074074073 0.9364583333333333 0.4287037037037037 0.940625 0.425 0.95 0.42592592592592593
1 0.9640625 0.44907407407407407 0.9802083333333333 0.4564814814814815 0.9822916666666667 0.4666666666666667 0.9708333333333333 0.524074074074074 0.9645833333333333 0.5462962962962963 0.9609375 0.5509259259259259 0.9447916666666667 0.5472222222222223 0.9390625 0.5388888888888889 0.9380208333333333 0.5259259259259259 0.94375 0.5037037037037037 0.9458333333333333 0.48333333333333334 0.9520833333333333 0.4537037037037037 0.9578125 0.44907407407407407 0.9635416666666666 0.44907407407407407
1 0.28541666666666665 0.24166666666666667 0.2890625 0.2537037037037037 0.2953125 0.26481481481481484 0.2994791666666667 0.32685185185185184 0.30364583333333334 0.35555555555555557 0.284375 0.35833333333333334 0.28072916666666664 0.35462962962962963 0.278125 0.33611111111111114 0.278125 0.3194444444444444 0.27239583333333334 0.26481481481481484 0.2760416666666667 0.2574074074074074 0.2765625 0.24444444444444444 0.28489583333333335 0.24166666666666667
1 0.9671875 0.387037037037037 0.9713541666666666 0.38981481481481484 0.9739583333333334 0.3972222222222222 0.9645833333333333 0.43148148148148147 0.9489583333333333 0.425 0.946875 0.41944444444444445 0.9494791666666667 0.39351851851851855 0.9520833333333333 0.3861111111111111 0.9666666666666667 0.387037037037037
1 0.3072916666666667 0.2361111111111111 0.3125 0.24074074074074073 0.31354166666666666 0.25462962962962965 0.3177083333333333 0.27037037037037037 0.3223958333333333 0.32685185185185184 0.321875 0.3351851851851852 0.3151041666666667 0.34629629629629627 0.3098958333333333 0.34444444444444444 0.3072916666666667 0.3490740740740741 0.30052083333333335 0.32685185185185184 0.29791666666666666 0.28703703703703703 0.2984375 0.2638888888888889 0.30104166666666665 0.2537037037037037 0.30052083333333335 0.24074074074074073 0.3020833333333333 0.23703703703703705 0.3067708333333333 0.2361111111111111
1 0.9104166666666667 0.5305555555555556 0.9125 0.5537037037037037 0.9114583333333334 0.5685185185185185 0.9192708333333334 0.5851851851851851 0.9203125 0.6064814814814815 0.9098958333333333 0.6546296296296297 0.9026041666666667 0.6601851851851852 0.8927083333333333 0.6601851851851852 0.8807291666666667 0.6546296296296297 0.871875 0.6435185185185185 0.86875 0.6324074074074074 0.8791666666666667 0.5722222222222222 0.8817708333333333 0.5675925925925925 0.8942708333333333 0.5611111111111111 0.9026041666666667 0.5425925925925926 0.9041666666666667 0.5324074074074074 0.9072916666666667 0.5287037037037037 0.9098958333333333 0.5305555555555556
1 0.9791666666666666 0.45555555555555555 0.9859375 0.45555555555555555 0.9942708333333333 0.462037037037037 0.99375 0.4759259259259259 0.9885416666666667 0.5009259259259259 0.9703125 0.5296296296296297 0.9822916666666667 0.4703703703703704 0.9822916666666667 0.4648148148148148 0.9791666666666666 0.4564814814814815