0 0.48802083333333335 0.6398148148148148 0.4984375 0.6694444444444444 0.5208333333333334 0.7518518518518519 0.528125 0.7666666666666667 0.5229166666666667 0.7759259259259259 0.5177083333333333 0.774074074074074 0.5166666666666667 0.7583333333333333 0.48489583333333336 0.6509259259259259 0.48385416666666664 0.6444444444444445 0.4875 0.6398148148148148
0 0.446875 0.7490740740740741 0.4661458333333333 0.7814814814814814 0.4791666666666667 0.7898148148148149 0.49947916666666664 0.8148148148148148 0.5036458333333333 0.8222222222222222 0.5036458333333333 0.8305555555555556 0.49895833333333334 0.8398148148148148 0.4953125 0.8398148148148148 0.4505208333333333 0.7824074074074074 0.4395833333333333 0.774074074074074 0.43697916666666664 0.7685185185185185 0.43697916666666664 0.7574074074074074 0.44114583333333335 0.7490740740740741 0.44635416666666666 0.7490740740740741
0 0.390625 0.5055555555555555 0.39375 0.512962962962963 0.39375 0.525 0.396875 0.5435185185185185 0.396875 0.5518518518518518 0.3921875 0.5564814814814815 0.3875 0.5518518518518518 0.38177083333333334 0.5157407407407407 0.3848958333333333 0.5055555555555555 0.39010416666666664 0.5055555555555555
0 0.49635416666666665 0.6175925925925926 0.5020833333333333 0.625 0.5104166666666666 0.6703703703703704 0.5098958333333333 0.6787037037037037 0.50625 0.6833333333333333 0.5015625 0.6805555555555556 0.490625 0.6425925925925926 0.4859375 0.6342592592592593 0.48802083333333335 0.6231481481481481 0.49583333333333335 0.6175925925925926
0 0.4942708333333333 0.3685185185185185 0.4973958333333333 0.37592592592592594 0.496875 0.3861111111111111 0.49114583333333334 0.39537037037037037 0.48385416666666664 0.3990740740740741 0.478125 0.3962962962962963 0.4791666666666667 0.3824074074074074 0.48802083333333335 0.36666666666666664 0.49375 0.3685185185185185
0 0.440625 0.6370370370370371 0.44635416666666666 0.6425925925925926 0.45260416666666664 0.6583333333333333 0.4625 0.675 0.4635416666666667 0.687962962962963 0.4609375 0.6916666666666667 0.4546875 0.6898148148148148 0.44375 0.6712962962962963 0.4322916666666667 0.6611111111111111 0.4328125 0.6453703703703704 0.43645833333333334 0.6388888888888888 0.4401041666666667 0.637962962962963
0 0.46822916666666664 0.6203703703703703 0.4703125 0.6231481481481481 0.471875 0.6351851851851852 0.47239583333333335 0.6444444444444445 0.4703125 0.649074074074074 0.4671875 0.6472222222222223 0.46145833333333336 0.6268518518518519 0.4625 0.6231481481481481 0.46770833333333334 0.6203703703703703
0 0.5260416666666666 0.5101851851851852 0.5307291666666667 0.5166666666666667 0.53125 0.524074074074074 0.5244791666666667 0.5342592592592592 0.5182291666666666 0.5518518518518518 0.49947916666666664 0.6185185185185185 0.4953125 0.6175925925925926 0.4953125 0.6083333333333333 0.51875 0.5287037037037037 0.5208333333333334 0.512962962962963 0.5255208333333333 0.5101851851851852
0 0.4119791666666667 0.6111111111111112 0.41354166666666664 0.6138888888888889 0.4140625 0.6314814814814815 0.41875 0.6648148148148149 0.4171875 0.6731481481481482 0.41302083333333334 0.6731481481481482 0.4114583333333333 0.6694444444444444 0.40729166666666666 0.6305555555555555 0.403125 0.6203703703703703 0.4036458333333333 0.6138888888888889 0.4114583333333333 0.6111111111111112
2 0.41354166666666664 0.7175925925925926 0.4166666666666667 0.725 0.41770833333333335 0.7351851851851852 0.4171875 0.7444444444444445 0.41458333333333336 0.7490740740740741 0.41041666666666665 0.7453703703703703 0.4088541666666667 0.737037037037037 0.409375 0.7231481481481481 0.41302083333333334 0.7175925925925926
2 0.49895833333333334 0.4217592592592593 0.010416666666666666 0.032407407407407406
2 0.4505208333333333 0.5537037037037037 0.45364583333333336 0.5564814814814815 0.4552083333333333 0.5648148148148148 0.45364583333333336 0.5814814814814815 0.44947916666666665 0.5824074074074074 0.4473958333333333 0.575 0.4473958333333333 0.5611111111111111 0.45 0.5546296296296296
2 0.4713541666666667 0.43148148148148147 0.47239583333333335 0.44351851851851853 0.4703125 0.45 0.4661458333333333 0.44722222222222224 0.465625 0.44074074074074077 0.4671875 0.43148148148148147 0.4708333333333333 0.43148148148148147
2 0.5265625 0.8972222222222223 0.5296875 0.9027777777777778 0.5328125 0.9185185185185185 0.5328125 0.9342592592592592 0.5296875 0.9416666666666667 0.5244791666666667 0.937962962962963 0.5197916666666667 0.9185185185185185 0.5208333333333334 0.9009259259259259 0.5239583333333333 0.8962962962962963 0.5260416666666666 0.8972222222222223
2 0.42291666666666666 0.4287037037037037 0.42604166666666665 0.44074074074074077 0.42552083333333335 0.45555555555555555 0.42291666666666666 0.4601851851851852 0.4192708333333333 0.45740740740740743 0.41770833333333335 0.44907407407407407 0.41875 0.43425925925925923 0.42239583333333336 0.4287037037037037
2 0.47578125 0.3476851851851852 0.011979166666666667 0.03796296296296296
2 0.44635416666666666 0.5222222222222223 0.446875 0.5111111111111111 0.44947916666666665 0.5148148148148148 0.44947916666666665 0.5212962962962963 0.446875 0.5222222222222223
2 0.43854166666666666 0.36944444444444446 0.440625 0.3731481481481482 0.440625 0.3824074074074074 0.43854166666666666 0.38796296296296295 0.4348958333333333 0.38333333333333336 0.4354166666666667 0.37222222222222223 0.43802083333333336 0.36944444444444446
2 0.45364583333333336 0.30648148148148147 0.4557291666666667 0.3111111111111111 0.45625 0.32314814814814813 0.453125 0.3351851851851852 0.4484375 0.33425925925925926 0.446875 0.3287037037037037 0.4479166666666667 0.30925925925925923 0.45 0.3055555555555556 0.453125 0.30648148148148147
2 0.4192708333333333 0.7768518518518519 0.42083333333333334 0.7805555555555556 0.4192708333333333 0.7916666666666666 0.4166666666666667 0.7870370370370371 0.4171875 0.7777777777777778 0.41875 0.7768518518518519
2 0.4640625 0.562962962962963 0.4671875 0.575925925925926 0.4666666666666667 0.5907407407407408 0.4640625 0.5981481481481481 0.459375 0.5935185185185186 0.45729166666666665 0.5842592592592593 0.4588541666666667 0.5648148148148148 0.4635416666666667 0.562962962962963
2 0.4322916666666667 0.575925925925926 0.43333333333333335 0.587037037037037 0.43072916666666666 0.5925925925925926 0.428125 0.5898148148148148 0.4270833333333333 0.5814814814814815 0.42864583333333334 0.575 0.4317708333333333 0.575925925925926
2 0.453125 0.3712962962962963 0.45625 0.3814814814814815 0.45625 0.3925925925925926 0.4515625 0.40555555555555556 0.4484375 0.4046296296296296 0.446875 0.3990740740740741 0.44635416666666666 0.3787037037037037 0.4484375 0.37222222222222223 0.45260416666666664 0.3712962962962963
2 0.44635416666666666 0.8087962962962963 0.010416666666666666 0.03611111111111111
1 0.40260416666666665 0.06481481481481481 0.4427083333333333 0.07685185185185185 0.44479166666666664 0.08055555555555556 0.44479166666666664 0.11666666666666667 0.4427083333333333 0.12222222222222222 0.40989583333333335 0.10740740740740741 0.39166666666666666 0.10648148148148148 0.384375 0.09259259259259259 0.378125 0.08981481481481482 0.3765625 0.07685185185185185 0.37864583333333335 0.06851851851851852 0.3848958333333333 0.06944444444444445 0.390625 0.062037037037037036 0.40208333333333335 0.06481481481481481
1 0.41510416666666666 0.1111111111111111 0.4427083333333333 0.12314814814814815 0.44479166666666664 0.13055555555555556 0.4427083333333333 0.16018518518518518 0.40260416666666665 0.15185185185185185 0.37447916666666664 0.1361111111111111 0.37447916666666664 0.11574074074074074 0.39166666666666666 0.11574074074074074 0.3984375 0.11018518518518519 0.41458333333333336 0.1111111111111111