0 0.5244791666666667 0.40555555555555556 0.5286458333333334 0.4101851851851852 0.53125 0.43148148148148147 0.5348958333333333 0.4425925925925926 0.5359375 0.45555555555555555 0.5322916666666667 0.4648148148148148 0.525 0.4601851851851852 0.5130208333333334 0.42314814814814816 0.5130208333333334 0.4166666666666667 0.5161458333333333 0.4101851851851852 0.5239583333333333 0.40555555555555556
0 0.5479166666666667 0.5203703703703704 0.5473958333333333 0.5611111111111111 0.5442708333333334 0.5648148148148148 0.540625 0.5601851851851852 0.5390625 0.5222222222222223 0.5421875 0.5194444444444445 0.5473958333333333 0.5203703703703704
0 0.5463541666666667 0.7583333333333333 0.5515625 0.762962962962963 0.5739583333333333 0.7657407407407407 0.5744791666666667 0.774074074074074 0.56875 0.7759259259259259 0.5416666666666666 0.775 0.5390625 0.7685185185185185 0.5395833333333333 0.7620370370370371 0.5416666666666666 0.7583333333333333 0.5458333333333333 0.7583333333333333
0 0.565625 0.35648148148148145 0.5671875 0.36018518518518516 0.5671875 0.4111111111111111 0.559375 0.4148148148148148 0.553125 0.4101851851851852 0.55625 0.3888888888888889 0.5567708333333333 0.36018518518518516 0.5651041666666666 0.35648148148148145
0 0.6161458333333333 0.49907407407407406 0.6182291666666667 0.5046296296296297 0.6197916666666666 0.5259259259259259 0.6223958333333334 0.5305555555555556 0.6213541666666667 0.5361111111111111 0.6171875 0.5388888888888889 0.6135416666666667 0.5388888888888889 0.6114583333333333 0.5351851851851852 0.6125 0.5175925925925926 0.6109375 0.5027777777777778 0.615625 0.49907407407407406
0 0.565625 0.5185185185185185 0.5692708333333333 0.5277777777777778 0.5697916666666667 0.5861111111111111 0.571875 0.6083333333333333 0.5708333333333333 0.6527777777777778 0.5723958333333333 0.7083333333333334 0.5708333333333333 0.7111111111111111 0.5635416666666667 0.7101851851851851 0.559375 0.700925925925926 0.5614583333333333 0.6944444444444444 0.5619791666666667 0.6759259259259259 0.5588541666666667 0.5222222222222223 0.5614583333333333 0.5185185185185185 0.5651041666666666 0.5185185185185185
0 0.6119791666666666 0.387037037037037 0.011458333333333333 0.05925925925925926
0 0.5536458333333333 0.325 0.5666666666666667 0.3425925925925926 0.5651041666666666 0.35462962962962963 0.5604166666666667 0.35833333333333334 0.5572916666666666 0.3574074074074074 0.546875 0.33425925925925926 0.5479166666666667 0.32592592592592595 0.553125 0.325
0 0.5125 0.6675925925925926 0.5203125 0.687962962962963 0.5197916666666667 0.6944444444444444 0.5140625 0.6972222222222222 0.5114583333333333 0.6935185185185185 0.509375 0.674074074074074 0.5119791666666667 0.6685185185185185
0 0.5234375 0.5962962962962963 0.5223958333333333 0.5712962962962963 0.5239583333333333 0.5685185185185185 0.5302083333333333 0.5712962962962963 0.528125 0.5935185185185186 0.5260416666666666 0.5972222222222222 0.5239583333333333 0.5962962962962963
0 0.5416666666666666 0.4444444444444444 0.5625 0.4759259259259259 0.5692708333333333 0.48148148148148145 0.5697916666666667 0.49166666666666664 0.5671875 0.49444444444444446 0.5364583333333334 0.4537037037037037 0.5354166666666667 0.4425925925925926 0.5380208333333333 0.44074074074074077 0.5411458333333333 0.4444444444444444
0 0.503125 0.5083333333333333 0.5109375 0.5222222222222223 0.5098958333333333 0.5287037037037037 0.5067708333333333 0.5324074074074074 0.5015625 0.5277777777777778 0.4973958333333333 0.5138888888888888 0.49895833333333334 0.5064814814814815 0.5026041666666666 0.5083333333333333
0 0.5932291666666667 0.674074074074074 0.5958333333333333 0.6768518518518518 0.5963541666666666 0.6833333333333333 0.5890625 0.6990740740740741 0.5869791666666667 0.712037037037037 0.5828125 0.7175925925925926 0.578125 0.7175925925925926 0.5734375 0.7111111111111111 0.5729166666666666 0.6944444444444444 0.5880208333333333 0.6759259259259259 0.5927083333333333 0.674074074074074
2 0.6020833333333333 0.5833333333333334 0.6036458333333333 0.5888888888888889 0.6020833333333333 0.5962962962962963 0.5989583333333334 0.5916666666666667 0.5994791666666667 0.5842592592592593 0.6015625 0.5833333333333334
2 0.5854166666666667 0.49907407407407406 0.5869791666666667 0.5027777777777778 0.5859375 0.5092592592592593 0.5833333333333334 0.5046296296296297 0.5848958333333333 0.49907407407407406
2 0.5828125 0.4648148148148148 0.5864583333333333 0.475 0.5848958333333333 0.49444444444444446 0.5807291666666666 0.49722222222222223 0.578125 0.487962962962963 0.5786458333333333 0.47129629629629627 0.5822916666666667 0.46574074074074073
2 0.5385416666666667 0.7277777777777777 0.5411458333333333 0.7324074074074074 0.5416666666666666 0.75 0.5380208333333333 0.7592592592592593 0.5338541666666666 0.7592592592592593 0.53125 0.7509259259259259 0.5333333333333333 0.7305555555555555 0.5359375 0.7268518518518519 0.5380208333333333 0.7277777777777777
2 0.5260416666666666 0.3851851851851852 0.5286458333333334 0.3907407407407407 0.5270833333333333 0.40370370370370373 0.5223958333333333 0.3990740740740741 0.5223958333333333 0.3888888888888889 0.5255208333333333 0.3851851851851852
2 0.5416666666666666 0.6611111111111111 0.54375 0.6685185185185185 0.54375 0.6833333333333333 0.5395833333333333 0.6953703703703704 0.5354166666666667 0.6935185185185185 0.534375 0.674074074074074 0.5359375 0.6648148148148149 0.5390625 0.6601851851851852 0.5411458333333333 0.6611111111111111
2 0.53125 0.3416666666666667 0.5359375 0.35462962962962963 0.5359375 0.3685185185185185 0.5322916666666667 0.37962962962962965 0.528125 0.3787037037037037 0.525 0.36666666666666664 0.5255208333333333 0.3490740740740741 0.528125 0.3416666666666667 0.5307291666666667 0.3416666666666667
2 0.5921875 0.49722222222222223 0.5942708333333333 0.5101851851851852 0.5932291666666667 0.5194444444444445 0.590625 0.5222222222222223 0.5880208333333333 0.5185185185185185 0.5875 0.5055555555555555 0.5885416666666666 0.5 0.5916666666666667 0.49722222222222223
2 0.5807291666666666 0.7175925925925926 0.5828125 0.7185185185185186 0.584375 0.725925925925926 0.5828125 0.7444444444444445 0.5807291666666666 0.7481481481481481 0.5760416666666667 0.7444444444444445 0.5765625 0.7231481481481481 0.5802083333333333 0.7185185185185186
2 0.621875 0.6203703703703703 0.6239583333333333 0.6231481481481481 0.6239583333333333 0.6314814814814815 0.6208333333333333 0.6314814814814815 0.6213541666666667 0.6212962962962963
2 0.6171875 0.6027777777777777 0.61875 0.6222222222222222 0.6161458333333333 0.6287037037037037 0.6130208333333333 0.6268518518518519 0.6119791666666666 0.6129629629629629 0.6135416666666667 0.6046296296296296 0.6166666666666667 0.6027777777777777
2 0.59375 0.4638888888888889 0.5911458333333334 0.4537037037037037 0.5911458333333334 0.4425925925925926 0.5942708333333333 0.43425925925925923 0.5973958333333333 0.43703703703703706 0.5989583333333334 0.4444444444444444 0.5984375 0.46111111111111114 0.5963541666666666 0.4648148148148148 0.5942708333333333 0.4638888888888889
2 0.5903645833333333 0.5342592592592592 0.0036458333333333334 0.009259259259259259
2 0.5635416666666667 0.5083333333333333 0.565625 0.5101851851851852 0.5661458333333333 0.5166666666666667 0.5619791666666667 0.5166666666666667 0.5630208333333333 0.5092592592592593
2 0.5791666666666667 0.412962962962963 0.5817708333333333 0.4185185185185185 0.58125 0.42777777777777776 0.5791666666666667 0.4305555555555556 0.5765625 0.42685185185185187 0.5765625 0.4166666666666667 0.5786458333333333 0.412962962962963
2 0.6005208333333333 0.6722222222222223 0.6015625 0.6805555555555556 0.5989583333333334 0.6842592592592592 0.596875 0.6833333333333333 0.596875 0.6759259259259259 0.6 0.6722222222222223
2 0.5942708333333333 0.5509259259259259 0.5989583333333334 0.5592592592592592 0.5984375 0.5777777777777777 0.5963541666666666 0.5824074074074074 0.5932291666666667 0.5814814814814815 0.5911458333333334 0.5638888888888889 0.5942708333333333 0.5518518518518518
2 0.5723958333333333 0.5916666666666667 0.575 0.6027777777777777 0.5739583333333333 0.6148148148148148 0.571875 0.6185185185185185 0.5703125 0.6074074074074074 0.5703125 0.5953703703703703 0.571875 0.5916666666666667
1 0.6333333333333333 0.09814814814814815 0.6359375 0.10277777777777777 0.6432291666666666 0.1037037037037037 0.6447916666666667 0.10833333333333334 0.6442708333333333 0.12129629629629629 0.6380208333333334 0.1259259259259259 0.634375 0.13518518518518519 0.596875 0.14444444444444443 0.5833333333333334 0.15185185185185185 0.5807291666666666 0.15185185185185185 0.5796875 0.14722222222222223 0.5791666666666667 0.11481481481481481 0.58125 0.1111111111111111 0.628125 0.0962962962962963 0.6328125 0.09814814814814815
1 0.6223958333333334 0.14166666666666666 0.6463541666666667 0.14722222222222223 0.6479166666666667 0.15833333333333333 0.6453125 0.1675925925925926 0.6375 0.16944444444444445 0.6223958333333334 0.17962962962962964 0.596875 0.18518518518518517 0.5921875 0.18425925925925926 0.5859375 0.17222222222222222 0.5869791666666667 0.16296296296296298 0.5848958333333333 0.1574074074074074 0.5989583333333334 0.14537037037037037 0.621875 0.14166666666666666