0 0.6010416666666667 0.6611111111111111 0.6026041666666667 0.6666666666666666 0.6010416666666667 0.6768518518518518 0.5864583333333333 0.6851851851851852 0.5796875 0.6824074074074075 0.5791666666666667 0.6759259259259259 0.5817708333333333 0.6703703703703704 0.5963541666666666 0.6601851851851852 0.6005208333333333 0.6611111111111111
0 0.5135416666666667 0.12962962962962962 0.515625 0.14074074074074075 0.5166666666666667 0.17592592592592593 0.5203125 0.19074074074074074 0.5182291666666666 0.1962962962962963 0.5109375 0.19907407407407407 0.5046875 0.19814814814814816 0.503125 0.19074074074074074 0.5036458333333333 0.13333333333333333 0.5067708333333333 0.12962962962962962 0.5130208333333334 0.12962962962962962
0 0.5807291666666666 0.35648148148148145 0.590625 0.3731481481481482 0.6078125 0.4111111111111111 0.6083333333333333 0.4166666666666667 0.6041666666666666 0.4203703703703704 0.6005208333333333 0.41574074074074074 0.5942708333333333 0.3972222222222222 0.5869791666666667 0.3861111111111111 0.5791666666666667 0.3675925925925926 0.578125 0.3592592592592593 0.5802083333333333 0.3574074074074074
0 0.5385416666666667 0.19166666666666668 0.540625 0.19444444444444445 0.540625 0.20092592592592592 0.5359375 0.20833333333333334 0.53125 0.2064814814814815 0.5302083333333333 0.19444444444444445 0.5317708333333333 0.19074074074074074 0.5380208333333333 0.19166666666666668
0 0.5630208333333333 0.3787037037037037 0.5666666666666667 0.38333333333333336 0.5692708333333333 0.4027777777777778 0.5692708333333333 0.412962962962963 0.5671875 0.41759259259259257 0.5609375 0.4111111111111111 0.5536458333333333 0.3925925925925926 0.5536458333333333 0.3861111111111111 0.55625 0.38055555555555554 0.5625 0.3787037037037037
0 0.5489583333333333 0.5907407407407408 0.5515625 0.5962962962962963 0.5515625 0.6018518518518519 0.5479166666666667 0.612037037037037 0.509375 0.6712962962962963 0.5036458333333333 0.6898148148148148 0.4973958333333333 0.6962962962962963 0.4890625 0.6907407407407408 0.4864583333333333 0.6824074074074075 0.4869791666666667 0.6694444444444444 0.4947916666666667 0.6583333333333333 0.5020833333333333 0.6555555555555556 0.5401041666666667 0.5953703703703703 0.5484375 0.5907407407407408
0 0.6057291666666667 0.44074074074074077 0.6072916666666667 0.44814814814814813 0.6026041666666667 0.462037037037037 0.6 0.45555555555555555 0.6010416666666667 0.4425925925925926 0.6026041666666667 0.4388888888888889 0.6052083333333333 0.44074074074074077
0 0.5614583333333333 0.525 0.5692708333333333 0.5407407407407407 0.56875 0.5509259259259259 0.5630208333333333 0.5481481481481482 0.5557291666666667 0.5388888888888889 0.5552083333333333 0.5277777777777778 0.5609375 0.525
0 0.6088541666666667 0.3509259259259259 0.6140625 0.35555555555555557 0.6182291666666667 0.37407407407407406 0.6182291666666667 0.38425925925925924 0.6140625 0.38796296296296295 0.6114583333333333 0.387037037037037 0.6015625 0.36574074074074076 0.6020833333333333 0.35555555555555557 0.6083333333333333 0.3509259259259259
0 0.6140625 0.5814814814814815 0.61875 0.5879629629629629 0.6161458333333333 0.600925925925926 0.6177083333333333 0.6407407407407407 0.6145833333333334 0.649074074074074 0.6088541666666667 0.6444444444444445 0.6078125 0.6083333333333333 0.603125 0.5916666666666667 0.6052083333333333 0.5833333333333334 0.6135416666666667 0.5814814814814815
0 0.5848958333333333 0.48518518518518516 0.590625 0.49166666666666664 0.6078125 0.5018518518518519 0.609375 0.5037037037037037 0.6083333333333333 0.5120370370370371 0.5984375 0.5092592592592593 0.5895833333333333 0.5009259259259259 0.5822916666666667 0.5009259259259259 0.5796875 0.49074074074074076 0.5807291666666666 0.48703703703703705 0.584375 0.48518518518518516
0 0.6125 0.5305555555555556 0.6140625 0.5462962962962963 0.6125 0.5518518518518518 0.6067708333333334 0.5481481481481482 0.6088541666666667 0.5324074074074074 0.6119791666666666 0.5305555555555556
0 0.5885416666666666 0.22962962962962963 0.5942708333333333 0.2388888888888889 0.5942708333333333 0.24537037037037038 0.5869791666666667 0.25092592592592594 0.5807291666666666 0.24722222222222223 0.5791666666666667 0.23703703703703705 0.5828125 0.22870370370370371 0.5880208333333333 0.22962962962962963
2 0.5729166666666666 0.3365740740740741 0.004166666666666667 0.012037037037037037
2 0.5098958333333333 0.4722222222222222 0.5130208333333334 0.4787037037037037 0.5135416666666667 0.4981481481481482 0.5088541666666667 0.5101851851851852 0.5046875 0.5083333333333333 0.5020833333333333 0.487962962962963 0.5041666666666667 0.4740740740740741 0.509375 0.4722222222222222
2 0.528125 0.44351851851851853 0.53125 0.44814814814814813 0.5302083333333333 0.4583333333333333 0.5276041666666667 0.4583333333333333 0.5260416666666666 0.4546296296296296 0.5260416666666666 0.4462962962962963 0.5276041666666667 0.4444444444444444
2 0.6005208333333333 0.26944444444444443 0.6041666666666666 0.27870370370370373 0.6041666666666666 0.29259259259259257 0.6005208333333333 0.29907407407407405 0.5979166666666667 0.2962962962962963 0.5963541666666666 0.28888888888888886 0.5963541666666666 0.2759259259259259 0.6 0.26944444444444443
2 0.5927083333333333 0.5861111111111111 0.596875 0.5935185185185186 0.5953125 0.6111111111111112 0.5921875 0.6148148148148148 0.5885416666666666 0.6055555555555555 0.5895833333333333 0.5898148148148148 0.5921875 0.587037037037037
2 0.5203125 0.36203703703703705 0.5255208333333333 0.37407407407407406 0.5244791666666667 0.3925925925925926 0.5213541666666667 0.3990740740740741 0.5161458333333333 0.3962962962962963 0.5135416666666667 0.3814814814814815 0.5151041666666667 0.3685185185185185 0.5197916666666667 0.36203703703703705
2 0.5661458333333333 0.4638888888888889 0.5682291666666667 0.4675925925925926 0.56875 0.47962962962962963 0.565625 0.4898148148148148 0.5635416666666667 0.4898148148148148 0.5609375 0.4824074074074074 0.5614583333333333 0.4675925925925926 0.5635416666666667 0.46296296296296297 0.565625 0.4638888888888889
2 0.5734375 0.26944444444444443 0.5760416666666667 0.275 0.5760416666666667 0.28425925925925927 0.5739583333333333 0.287962962962963 0.5713541666666667 0.2861111111111111 0.5703125 0.27685185185185185 0.5729166666666666 0.26944444444444443
2 0.6020833333333333 0.30462962962962964 0.6052083333333333 0.3111111111111111 0.6046875 0.3194444444444444 0.6020833333333333 0.3212962962962963 0.6005208333333333 0.31851851851851853 0.6 0.3101851851851852 0.6015625 0.3055555555555556
2 0.5260416666666666 0.5555555555555556 0.5286458333333334 0.5546296296296296 0.5307291666666667 0.5583333333333333 0.5307291666666667 0.5657407407407408 0.5276041666666667 0.5703703703703704 0.525 0.5648148148148148 0.5260416666666666 0.5564814814814815
2 0.5526041666666667 0.3490740740740741 0.5557291666666667 0.35462962962962963 0.55625 0.37407407407407406 0.5520833333333334 0.38425925925925924 0.5494791666666666 0.3814814814814815 0.546875 0.3685185185185185 0.5473958333333333 0.35648148148148145 0.5520833333333334 0.3490740740740741
2 0.5927083333333333 0.5305555555555556 0.5947916666666667 0.5361111111111111 0.5953125 0.549074074074074 0.59375 0.5574074074074075 0.5911458333333334 0.5601851851851852 0.5880208333333333 0.5564814814814815 0.5869791666666667 0.5388888888888889 0.5885416666666666 0.5314814814814814 0.5921875 0.5305555555555556
2 0.5541666666666667 0.6018518518518519 0.5572916666666666 0.6092592592592593 0.5572916666666666 0.6212962962962963 0.5536458333333333 0.6333333333333333 0.5489583333333333 0.6296296296296297 0.5473958333333333 0.6203703703703703 0.5489583333333333 0.6083333333333333 0.5536458333333333 0.6018518518518519
2 0.54375 0.3416666666666667 0.5463541666666667 0.3416666666666667 0.5473958333333333 0.3472222222222222 0.5447916666666667 0.35185185185185186 0.54375 0.3425925925925926
2 0.5203125 0.4361111111111111 0.5182291666666666 0.42592592592592593 0.5182291666666666 0.4074074074074074 0.5197916666666667 0.40185185185185185 0.5234375 0.3990740740740741 0.5286458333333334 0.4111111111111111 0.5286458333333334 0.42777777777777776 0.5260416666666666 0.43703703703703706 0.5208333333333334 0.4361111111111111
2 0.5072916666666667 0.37592592592592594 0.5109375 0.38333333333333336 0.5109375 0.3990740740740741 0.5083333333333333 0.40555555555555556 0.5041666666666667 0.4046296296296296 0.5015625 0.3925925925925926 0.5026041666666666 0.3787037037037037 0.5067708333333333 0.37592592592592594
2 0.5494791666666666 0.30648148148148147 0.55 0.31851851851851853 0.5479166666666667 0.32314814814814813 0.5453125 0.3212962962962963 0.54375 0.3111111111111111 0.5453125 0.30462962962962964 0.5489583333333333 0.30648148148148147
2 0.4947916666666667 0.4962962962962963 0.4953125 0.5064814814814815 0.49375 0.5101851851851852 0.4901041666666667 0.5092592592592593 0.4890625 0.5009259259259259 0.490625 0.49537037037037035 0.4942708333333333 0.4962962962962963
1 0.5802083333333333 0.8490740740740741 0.6041666666666666 0.8583333333333333 0.6296875 0.8629629629629629 0.634375 0.8666666666666667 0.6380208333333334 0.875 0.6432291666666666 0.8777777777777778 0.6447916666666667 0.8851851851851852 0.6432291666666666 0.8972222222222223 0.6354166666666666 0.8981481481481481 0.6307291666666667 0.9046296296296297 0.6010416666666667 0.8944444444444445 0.5828125 0.8916666666666667 0.5791666666666667 0.8861111111111111 0.5802083333333333 0.85
1 0.5916666666666667 0.8175925925925925 0.5963541666666666 0.8157407407407408 0.6229166666666667 0.8212962962962963 0.6390625 0.8324074074074074 0.6453125 0.8333333333333334 0.6473958333333333 0.8379629629629629 0.6473958333333333 0.850925925925926 0.6447916666666667 0.8546296296296296 0.6333333333333333 0.8527777777777777 0.6104166666666667 0.8574074074074074 0.5973958333333333 0.8546296296296296 0.5895833333333333 0.8481481481481481 0.5890625 0.8324074074074074 0.5916666666666667 0.8185185185185185