0 0.6020833333333333 0.6416666666666667 0.6036458333333333 0.6472222222222223 0.6020833333333333 0.6648148148148149 0.5989583333333334 0.6796296296296296 0.5958333333333333 0.6824074074074075 0.5911458333333334 0.6814814814814815 0.5895833333333333 0.6712962962962963 0.5953125 0.6453703703703704 0.5984375 0.6407407407407407 0.6015625 0.6416666666666667
0 0.32916666666666666 0.5074074074074074 0.3296875 0.5287037037037037 0.3255208333333333 0.5361111111111111 0.3171875 0.5296296296296297 0.2921875 0.5259259259259259 0.290625 0.5222222222222223 0.2911458333333333 0.5120370370370371 0.29322916666666665 0.5064814814814815 0.32864583333333336 0.5074074074074074
0 0.42239583333333336 0.6388888888888888 0.4354166666666667 0.6546296296296297 0.44166666666666665 0.6675925925925926 0.45208333333333334 0.6787037037037037 0.4546875 0.6851851851851852 0.45260416666666664 0.6925925925925925 0.44947916666666665 0.6916666666666667 0.421875 0.6518518518518519 0.41875 0.6435185185185185 0.421875 0.6388888888888888
0 0.3333333333333333 0.5546296296296296 0.33541666666666664 0.5638888888888889 0.33125 0.5722222222222222 0.3265625 0.5703703703703704 0.3255208333333333 0.5564814814814815 0.32760416666666664 0.5537037037037037 0.3328125 0.5546296296296296
0 0.4401041666666667 0.5962962962962963 0.45260416666666664 0.6138888888888889 0.453125 0.6194444444444445 0.4505208333333333 0.6231481481481481 0.4322916666666667 0.6166666666666667 0.4322916666666667 0.6 0.4354166666666667 0.5953703703703703 0.4395833333333333 0.5962962962962963
0 0.6020833333333333 0.4759259259259259 0.6088541666666667 0.48518518518518516 0.6088541666666667 0.5018518518518519 0.5979166666666667 0.512962962962963 0.5640625 0.5824074074074074 0.5567708333333333 0.5916666666666667 0.5536458333333333 0.5916666666666667 0.5505208333333333 0.587037037037037 0.5505208333333333 0.5796296296296296 0.553125 0.5712962962962963 0.5869791666666667 0.5037037037037037 0.5885416666666666 0.49074074074074076 0.5916666666666667 0.4824074074074074 0.5958333333333333 0.4759259259259259 0.6015625 0.4759259259259259
0 0.471875 0.6847222222222222 0.013541666666666667 0.013888888888888888
0 0.5192708333333333 0.5972222222222222 0.5234375 0.6027777777777777 0.528125 0.6175925925925926 0.5265625 0.6240740740740741 0.5223958333333333 0.6231481481481481 0.5140625 0.6111111111111112 0.5135416666666667 0.6018518518518519 0.5151041666666667 0.5981481481481481 0.51875 0.5972222222222222
0 0.4239583333333333 0.6805555555555556 0.4359375 0.6981481481481482 0.4359375 0.7064814814814815 0.43333333333333335 0.7111111111111111 0.42864583333333334 0.7101851851851851 0.4166666666666667 0.7 0.4166666666666667 0.6851851851851852 0.41822916666666665 0.6814814814814815 0.4234375 0.6805555555555556
0 0.5567708333333333 0.6888888888888889 0.5604166666666667 0.6916666666666667 0.5807291666666666 0.6935185185185185 0.5833333333333334 0.700925925925926 0.5828125 0.7064814814814815 0.5786458333333333 0.7092592592592593 0.55625 0.7064814814814815 0.5510416666666667 0.7111111111111111 0.5473958333333333 0.7101851851851851 0.5458333333333333 0.7064814814814815 0.5463541666666667 0.687037037037037 0.5510416666666667 0.6833333333333333 0.55625 0.6888888888888889
0 0.4979166666666667 0.6425925925925926 0.5005208333333333 0.649074074074074 0.5005208333333333 0.6620370370370371 0.5046875 0.675 0.50625 0.687037037037037 0.5052083333333334 0.6944444444444444 0.5015625 0.6944444444444444 0.5005208333333333 0.6916666666666667 0.4947916666666667 0.6611111111111111 0.49114583333333334 0.6509259259259259 0.4921875 0.6435185185185185 0.4973958333333333 0.6425925925925926
0 0.5265625 0.6898148148148148 0.5286458333333334 0.7 0.5255208333333333 0.7027777777777777 0.5182291666666666 0.7018518518518518 0.5166666666666667 0.6962962962962963 0.5223958333333333 0.6898148148148148 0.5260416666666666 0.6898148148148148
0 0.3546875 0.6407407407407407 0.3572916666666667 0.6435185185185185 0.359375 0.6527777777777778 0.35885416666666664 0.6611111111111111 0.35625 0.6675925925925926 0.35260416666666666 0.6675925925925926 0.346875 0.6555555555555556 0.34791666666666665 0.6444444444444445 0.3541666666666667 0.6407407407407407
2 0.41041666666666665 0.6268518518518519 0.4109375 0.6305555555555555 0.4088541666666667 0.6324074074074074 0.4046875 0.6287037037037037 0.40572916666666664 0.6259259259259259 0.40989583333333335 0.6268518518518519
2 0.49947916666666664 0.5046296296296297 0.5041666666666667 0.5083333333333333 0.5052083333333334 0.5157407407407407 0.4984375 0.524074074074074 0.4875 0.5231481481481481 0.484375 0.5194444444444445 0.48333333333333334 0.5111111111111111 0.48802083333333335 0.5046296296296297 0.49895833333333334 0.5046296296296297
2 0.475 0.5472222222222223 0.47604166666666664 0.5537037037037037 0.4744791666666667 0.5555555555555556 0.4703125 0.5555555555555556 0.46770833333333334 0.55 0.46927083333333336 0.5462962962962963 0.4744791666666667 0.5472222222222223
2 0.3807291666666667 0.6712962962962963 0.38645833333333335 0.6777777777777778 0.3828125 0.6851851851851852 0.375 0.6851851851851852 0.3697916666666667 0.6787037037037037 0.3697916666666667 0.675 0.3734375 0.6712962962962963 0.3802083333333333 0.6712962962962963
2 0.5609375 0.6583333333333333 0.5640625 0.6648148148148149 0.5578125 0.6722222222222223 0.55 0.6712962962962963 0.5479166666666667 0.6648148148148149 0.553125 0.6574074074074074 0.5604166666666667 0.6583333333333333
2 0.4359375 0.525 0.44114583333333335 0.5287037037037037 0.4427083333333333 0.537962962962963 0.4390625 0.5435185185185185 0.43385416666666665 0.5453703703703704 0.425 0.5425925925925926 0.421875 0.5324074074074074 0.428125 0.525 0.4354166666666667 0.525
2 0.4921875 0.6101851851851852 0.49375 0.6129629629629629 0.49322916666666666 0.6185185185185185 0.48802083333333335 0.6222222222222222 0.48020833333333335 0.6203703703703703 0.4786458333333333 0.6129629629629629 0.4828125 0.6083333333333333 0.49166666666666664 0.6101851851851852
2 0.37526041666666665 0.6305555555555555 0.0109375 0.011111111111111112
2 0.39479166666666665 0.6777777777777778 0.39895833333333336 0.6814814814814815 0.3958333333333333 0.687037037037037 0.39166666666666666 0.6861111111111111 0.38958333333333334 0.6814814814814815 0.39427083333333335 0.6777777777777778
2 0.5359375 0.5444444444444444 0.5390625 0.549074074074074 0.5364583333333334 0.5546296296296296 0.5322916666666667 0.5546296296296296 0.5302083333333333 0.5509259259259259 0.5307291666666667 0.5462962962962963 0.5354166666666667 0.5444444444444444
2 0.42864583333333334 0.5842592592592593 0.434375 0.5916666666666667 0.43333333333333335 0.5962962962962963 0.42864583333333334 0.6 0.41770833333333335 0.5990740740740741 0.41458333333333336 0.5935185185185186 0.41458333333333336 0.5898148148148148 0.41875 0.5842592592592593 0.428125 0.5842592592592593
2 0.5276041666666667 0.6546296296296297 0.53125 0.6564814814814814 0.5333333333333333 0.6620370370370371 0.5317708333333333 0.6666666666666666 0.5270833333333333 0.6694444444444444 0.5197916666666667 0.6685185185185185 0.5166666666666667 0.6648148148148149 0.5166666666666667 0.6592592592592592 0.51875 0.6555555555555556 0.5270833333333333 0.6546296296296297
2 0.5671875 0.5842592592592593 0.5723958333333333 0.587037037037037 0.5744791666666667 0.5953703703703703 0.5677083333333334 0.6018518518518519 0.5588541666666667 0.6 0.5567708333333333 0.5925925925925926 0.5604166666666667 0.587037037037037 0.5666666666666667 0.5851851851851851
2 0.41041666666666665 0.5777777777777777 0.4161458333333333 0.5796296296296296 0.41354166666666664 0.5842592592592593 0.41041666666666665 0.5824074074074074 0.41041666666666665 0.5787037037037037
2 0.45364583333333336 0.5314814814814814 0.45989583333333334 0.5333333333333333 0.46458333333333335 0.5388888888888889 0.4640625 0.5462962962962963 0.4588541666666667 0.5509259259259259 0.44947916666666665 0.5509259259259259 0.4427083333333333 0.5425925925925926 0.44479166666666664 0.5342592592592592 0.453125 0.5314814814814814
2 0.4390625 0.5027777777777778 0.4427083333333333 0.5037037037037037 0.44635416666666666 0.5092592592592593 0.44635416666666666 0.5148148148148148 0.4427083333333333 0.5194444444444445 0.43385416666666665 0.5194444444444445 0.4296875 0.512962962962963 0.43125 0.5046296296296297 0.43854166666666666 0.5027777777777778
2 0.39427083333333335 0.5777777777777777 0.39947916666666666 0.5814814814814815 0.4 0.5851851851851851 0.39739583333333334 0.5888888888888889 0.390625 0.5879629629629629 0.38958333333333334 0.5851851851851851 0.38958333333333334 0.5805555555555556 0.39375 0.5777777777777777
2 0.5020833333333333 0.48055555555555557 0.5052083333333334 0.4842592592592593 0.5052083333333334 0.4888888888888889 0.503125 0.49166666666666664 0.4973958333333333 0.49074074074074076 0.49635416666666665 0.487962962962963 0.4979166666666667 0.48148148148148145 0.5015625 0.48055555555555557
1 0.1484375 0.3787037037037037 0.15729166666666666 0.3824074074074074 0.16510416666666666 0.39351851851851855 0.16822916666666668 0.4111111111111111 0.16822916666666668 0.4222222222222222 0.16145833333333334 0.44722222222222224 0.15208333333333332 0.45740740740740743 0.140625 0.4787037037037037 0.13854166666666667 0.5009259259259259 0.13645833333333332 0.5055555555555555 0.11458333333333333 0.5046296296296297 0.1109375 0.5009259259259259 0.11302083333333333 0.4962962962962963 0.12447916666666667 0.4898148148148148 0.12760416666666666 0.4777777777777778 0.121875 0.4703703703703704 0.12239583333333333 0.4222222222222222 0.1265625 0.4027777777777778 0.13541666666666666 0.3814814814814815 0.14791666666666667 0.3787037037037037
1 0.1109375 0.3398148148148148 0.1234375 0.3490740740740741 0.13020833333333334 0.362962962962963 0.13125 0.375 0.12083333333333333 0.425 0.11666666666666667 0.43148148148148147 0.10520833333333333 0.43796296296296294 0.09895833333333333 0.45092592592592595 0.0953125 0.44722222222222224 0.09322916666666667 0.43796296296296294 0.08333333333333333 0.3731481481481482 0.08802083333333334 0.35 0.0921875 0.3398148148148148 0.11041666666666666 0.3398148148148148
1 0.7177083333333333 0.6416666666666667 0.7213541666666666 0.6611111111111111 0.7213541666666666 0.6796296296296296 0.7270833333333333 0.7287037037037037 0.7234375 0.7407407407407407 0.7229166666666667 0.7546296296296297 0.7182291666666667 0.7574074074074074 0.7130208333333333 0.7564814814814815 0.7104166666666667 0.7453703703703703 0.7041666666666667 0.7333333333333333 0.6994791666666667 0.6685185185185185 0.6958333333333333 0.6509259259259259 0.696875 0.6416666666666667 0.7171875 0.6416666666666667
1 0.06770833333333333 0.26944444444444443 0.078125 0.2759259259259259 0.08489583333333334 0.29074074074074074 0.08489583333333334 0.30277777777777776 0.08125 0.32314814814814813 0.07447916666666667 0.34814814814814815 0.06927083333333334 0.337037037037037 0.0546875 0.2796296296296296 0.05520833333333333 0.27314814814814814 0.058333333333333334 0.26851851851851855 0.0671875 0.26944444444444443
1 0.6953125 0.6592592592592592 0.6979166666666666 0.6648148148148149 0.7005208333333334 0.6898148148148148 0.6979166666666666 0.737037037037037 0.6989583333333333 0.7574074074074074 0.696875 0.7620370370370371 0.6895833333333333 0.7620370370370371 0.6869791666666667 0.7583333333333333 0.6864583333333333 0.7472222222222222 0.6802083333333333 0.7185185185185186 0.6770833333333334 0.6712962962962963 0.678125 0.662962962962963 0.68125 0.6601851851851852 0.6947916666666667 0.6592592592592592