0 0.48072916666666665 0.38055555555555554 0.4875 0.3851851851851852 0.4942708333333333 0.3824074074074074 0.4947916666666667 0.38796296296296295 0.49166666666666664 0.39444444444444443 0.496875 0.40555555555555556 0.49583333333333335 0.4148148148148148 0.4901041666666667 0.41574074074074074 0.48541666666666666 0.3972222222222222 0.48072916666666665 0.38796296296296295 0.48072916666666665 0.3814814814814815
0 0.48541666666666666 0.33425925925925926 0.5088541666666667 0.33425925925925926 0.5104166666666666 0.33796296296296297 0.509375 0.35 0.48802083333333335 0.3592592592592593 0.48385416666666664 0.3574074074074074 0.4817708333333333 0.35 0.48072916666666665 0.33796296296296297 0.48489583333333336 0.33425925925925926
0 0.5473958333333333 0.37407407407407406 0.5520833333333334 0.3824074074074074 0.5484375 0.38981481481481484 0.5458333333333333 0.38981481481481484 0.540625 0.37962962962962965 0.540625 0.375 0.546875 0.37407407407407406
0 0.4609375 0.34074074074074073 0.4635416666666667 0.3490740740740741 0.4635416666666667 0.3712962962962963 0.465625 0.37962962962962965 0.46145833333333336 0.3861111111111111 0.4557291666666667 0.3851851851851852 0.453125 0.38055555555555554 0.4557291666666667 0.362962962962963 0.4557291666666667 0.3416666666666667 0.46041666666666664 0.34074074074074073
0 0.484375 0.3824074074074074 0.4869791666666667 0.3861111111111111 0.4947916666666667 0.38333333333333336 0.4942708333333333 0.3888888888888889 0.4901041666666667 0.39351851851851855 0.4901041666666667 0.4009259259259259 0.47604166666666664 0.4083333333333333 0.453125 0.43425925925925923 0.45 0.4305555555555556 0.44947916666666665 0.4212962962962963 0.4796875 0.39351851851851855 0.48125 0.38981481481481484 0.48072916666666665 0.38333333333333336 0.48385416666666664 0.3824074074074074
0 0.4515625 0.28888888888888886 0.5307291666666667 0.29814814814814816 0.5333333333333333 0.30277777777777776 0.53125 0.31203703703703706 0.4609375 0.3055555555555556 0.45208333333333334 0.3055555555555556 0.45 0.3101851851851852 0.44583333333333336 0.3101851851851852 0.44375 0.30277777777777776 0.44427083333333334 0.28888888888888886 0.44583333333333336 0.2861111111111111 0.4510416666666667 0.28888888888888886
0 0.5885416666666666 0.37222222222222223 0.59375 0.37962962962962965 0.5942708333333333 0.3861111111111111 0.5921875 0.39166666666666666 0.5770833333333333 0.3990740740740741 0.5677083333333334 0.4074074074074074 0.5635416666666667 0.4046296296296296 0.5645833333333333 0.39351851851851855 0.5817708333333333 0.38055555555555554 0.5848958333333333 0.3731481481481482 0.5880208333333333 0.37222222222222223
0 0.5848958333333333 0.4222222222222222 0.5880208333333333 0.4287037037037037 0.5875 0.4462962962962963 0.584375 0.4462962962962963 0.5796875 0.4351851851851852 0.5802083333333333 0.425 0.584375 0.4222222222222222
0 0.4713541666666667 0.3296296296296296 0.4734375 0.3314814814814815 0.4739583333333333 0.3388888888888889 0.46822916666666664 0.34629629629629627 0.4635416666666667 0.34629629629629627 0.4625 0.34074074074074073 0.4671875 0.3314814814814815 0.4708333333333333 0.3296296296296296
0 0.5161458333333333 0.31851851851851853 0.5197916666666667 0.32222222222222224 0.5197916666666667 0.35462962962962963 0.5213541666666667 0.3648148148148148 0.5203125 0.3712962962962963 0.5161458333333333 0.37407407407407406 0.5109375 0.3731481481481482 0.5088541666666667 0.3685185185185185 0.5104166666666666 0.32685185185185184 0.5119791666666667 0.32037037037037036 0.515625 0.31851851851851853
0 0.5916666666666667 0.33240740740740743 0.5958333333333333 0.337037037037037 0.6104166666666667 0.38981481481481484 0.6057291666666667 0.3925925925925926 0.5984375 0.37407407407407406 0.5885416666666666 0.3416666666666667 0.5890625 0.3351851851851852 0.5911458333333334 0.3333333333333333
2 0.5192708333333333 0.4305555555555556 0.5213541666666667 0.43425925925925923 0.5203125 0.44351851851851853 0.5125 0.44814814814814813 0.5088541666666667 0.44537037037037036 0.509375 0.43148148148148147 0.51875 0.4305555555555556
2 0.415625 0.39351851851851855 0.41510416666666666 0.3990740740740741 0.41041666666666665 0.3972222222222222 0.4114583333333333 0.39351851851851855 0.41510416666666666 0.39351851851851855
2 0.534375 0.4287037037037037 0.5338541666666666 0.4425925925925926 0.528125 0.44537037037037036 0.5223958333333333 0.44537037037037036 0.5223958333333333 0.43148148148148147 0.5338541666666666 0.4287037037037037
2 0.5223958333333333 0.37962962962962965 0.5244791666666667 0.38333333333333336 0.5223958333333333 0.3888888888888889 0.515625 0.3861111111111111 0.5171875 0.38055555555555554 0.521875 0.37962962962962965
2 0.59375 0.45925925925925926 0.5942708333333333 0.4546296296296296 0.5994791666666667 0.45555555555555555 0.5989583333333334 0.4601851851851852 0.5942708333333333 0.45925925925925926
2 0.4546875 0.3537037037037037 0.4546875 0.36666666666666664 0.45208333333333334 0.36666666666666664 0.4505208333333333 0.362962962962963 0.4510416666666667 0.35555555555555557 0.45416666666666666 0.3537037037037037
2 0.4354166666666667 0.41388888888888886 0.4390625 0.4222222222222222 0.43020833333333336 0.4203703703703704 0.4317708333333333 0.4148148148148148 0.4348958333333333 0.41388888888888886
2 0.5234375 0.42962962962962964 0.5296875 0.4305555555555556 0.5291666666666667 0.4425925925925926 0.5255208333333333 0.43703703703703706 0.5234375 0.44537037037037036 0.5135416666666667 0.4462962962962963 0.5114583333333333 0.44537037037037036 0.5119791666666667 0.4324074074074074 0.5135416666666667 0.43425925925925923 0.5135416666666667 0.44351851851851853 0.5161458333333333 0.44537037037037036 0.5182291666666666 0.4388888888888889 0.5166666666666667 0.4324074074074074 0.5229166666666667 0.42962962962962964
2 0.4395833333333333 0.39351851851851855 0.44114583333333335 0.3972222222222222 0.4390625 0.40185185185185185 0.43333333333333335 0.4 0.4354166666666667 0.39351851851851855 0.4390625 0.39351851851851855
2 0.4744791666666667 0.4601851851851852 0.47604166666666664 0.46296296296296297 0.4744791666666667 0.4685185185185185 0.4703125 0.4685185185185185 0.46822916666666664 0.4638888888888889 0.46979166666666666 0.4601851851851852 0.4739583333333333 0.4601851851851852
2 0.5317708333333333 0.4305555555555556 0.5322916666666667 0.4425925925925926 0.5291666666666667 0.4462962962962963 0.5208333333333334 0.44537037037037036 0.5213541666666667 0.43148148148148147 0.53125 0.4305555555555556
2 0.5057291666666667 0.4305555555555556 0.5104166666666666 0.43333333333333335 0.5109375 0.44166666666666665 0.5026041666666666 0.45 0.4947916666666667 0.44907407407407407 0.4947916666666667 0.4444444444444444 0.496875 0.4324074074074074 0.5052083333333334 0.4305555555555556
2 0.4421875 0.44722222222222224 0.44583333333333336 0.44907407407407407 0.446875 0.4546296296296296 0.44479166666666664 0.45740740740740743 0.440625 0.4564814814814815 0.4390625 0.45185185185185184 0.44166666666666665 0.44814814814814813
2 0.5348958333333333 0.3851851851851852 0.5390625 0.38981481481481484 0.5369791666666667 0.39537037037037037 0.5322916666666667 0.39537037037037037 0.5296875 0.39166666666666666 0.53125 0.3861111111111111 0.534375 0.3851851851851852
2 0.5682291666666667 0.4287037037037037 0.5744791666666667 0.42685185185185187 0.5765625 0.43148148148148147 0.5744791666666667 0.4361111111111111 0.5708333333333333 0.4361111111111111 0.5677083333333334 0.4324074074074074 0.5682291666666667 0.42962962962962964
2 0.49583333333333335 0.43148148148148147 0.49583333333333335 0.44537037037037036 0.4901041666666667 0.45 0.48125 0.44722222222222224 0.48020833333333335 0.4388888888888889 0.4859375 0.4324074074074074 0.4953125 0.43148148148148147
2 0.5598958333333334 0.42777777777777776 0.5625 0.43148148148148147 0.5630208333333333 0.43796296296296294 0.5572916666666666 0.44351851851851853 0.5489583333333333 0.44166666666666665 0.5484375 0.4287037037037037 0.559375 0.42777777777777776
2 0.446875 0.40925925925925927 0.44895833333333335 0.41203703703703703 0.44947916666666665 0.4185185185185185 0.44635416666666666 0.4222222222222222 0.4354166666666667 0.4212962962962963 0.43333333333333335 0.4185185185185185 0.43697916666666664 0.4101851851851852 0.44635416666666666 0.40925925925925927
2 0.5458333333333333 0.42685185185185187 0.5578125 0.42685185185185187 0.5619791666666667 0.42962962962962964 0.5630208333333333 0.4388888888888889 0.559375 0.4425925925925926 0.54375 0.44537037037037036 0.5328125 0.44351851851851853 0.5041666666666667 0.45 0.48333333333333334 0.44907407407407407 0.4796875 0.44074074074074077 0.48541666666666666 0.4324074074074074 0.5453125 0.42685185185185187
2 0.5432291666666667 0.42685185185185187 0.5494791666666666 0.4305555555555556 0.5494791666666666 0.4388888888888889 0.5473958333333333 0.4425925925925926 0.5401041666666667 0.44537037037037036 0.5322916666666667 0.4425925925925926 0.53125 0.4351851851851852 0.5354166666666667 0.42777777777777776 0.5427083333333333 0.42685185185185187
2 0.5505208333333333 0.45092592592592595 0.5526041666666667 0.4537037037037037 0.5515625 0.4583333333333333 0.5463541666666667 0.4564814814814815 0.546875 0.4527777777777778 0.55 0.45092592592592595
2 0.4197916666666667 0.36944444444444446 0.007291666666666667 0.007407407407407408
2 0.5078125 0.4324074074074074 0.5109375 0.42962962962962964 0.5197916666666667 0.43148148148148147 0.5192708333333333 0.44537037037037036 0.5130208333333334 0.44907407407407407 0.5083333333333333 0.44907407407407407 0.5083333333333333 0.43333333333333335
2 0.578125 0.36574074074074076 0.5859375 0.37222222222222223 0.584375 0.3787037037037037 0.578125 0.38333333333333336 0.5708333333333333 0.3814814814814815 0.5671875 0.37592592592592594 0.5682291666666667 0.36944444444444446 0.5776041666666667 0.36574074074074076
2 0.5354166666666667 0.36203703703703705 0.5359375 0.3574074074074074 0.540625 0.3592592592592593 0.5395833333333333 0.362962962962963 0.5359375 0.36203703703703705
1 0.9333333333333333 0.40370370370370373 0.9411458333333333 0.4074074074074074 0.9427083333333334 0.41388888888888886 0.9421875 0.43333333333333335 0.9380208333333333 0.44166666666666665 0.9333333333333333 0.44537037037037036 0.9229166666666667 0.44351851851851853 0.9203125 0.42962962962962964 0.9203125 0.4212962962962963 0.9234375 0.4101851851851852 0.9270833333333334 0.4046296296296296 0.9328125 0.40370370370370373
1 0.9041666666666667 0.3851851851851852 0.91875 0.38333333333333336 0.9255208333333333 0.39166666666666666 0.9255208333333333 0.40370370370370373 0.9177083333333333 0.42777777777777776 0.9010416666666666 0.41944444444444445 0.9041666666666667 0.3861111111111111
1 0.8390625 0.5259259259259259 0.8453125 0.5361111111111111 0.8427083333333333 0.5564814814814815 0.8520833333333333 0.5675925925925925 0.85625 0.5787037037037037 0.85625 0.5851851851851851 0.8484375 0.6157407407407407 0.8453125 0.6574074074074074 0.8395833333333333 0.6666666666666666 0.83125 0.6657407407407407 0.815625 0.6574074074074074 0.803125 0.6472222222222223 0.7963541666666667 0.637962962962963 0.7963541666666667 0.6296296296296297 0.8046875 0.5925925925925926 0.8083333333333333 0.5564814814814815 0.8161458333333333 0.549074074074074 0.825 0.5481481481481482 0.83125 0.5287037037037037 0.834375 0.525 0.8385416666666666 0.5259259259259259
1 0.9208333333333333 0.44537037037037036 0.9333333333333333 0.44907407407407407 0.9359375 0.4666666666666667 0.9322916666666666 0.4777777777777778 0.9296875 0.4981481481481482 0.9213541666666667 0.5361111111111111 0.915625 0.5435185185185185 0.9088541666666666 0.5435185185185185 0.8979166666666667 0.5361111111111111 0.8963541666666667 0.5157407407407407 0.9 0.4898148148148148 0.9052083333333333 0.4685185185185185 0.90625 0.45 0.9104166666666667 0.44537037037037036 0.9203125 0.44537037037037036
1 0.9302083333333333 0.44907407407407407 0.9427083333333334 0.45 0.946875 0.4564814814814815 0.9479166666666666 0.4638888888888889 0.9354166666666667 0.5231481481481481 0.9317708333333333 0.5268518518518519 0.9239583333333333 0.5268518518518519 0.9307291666666667 0.4925925925925926 0.9317708333333333 0.4787037037037037 0.9354166666666667 0.4666666666666667 0.934375 0.4564814814814815 0.9307291666666667 0.45
1 0.8119791666666667 0.537962962962963 0.8166666666666667 0.5462962962962963 0.8072916666666666 0.5583333333333333 0.8041666666666667 0.5916666666666667 0.8 0.6074074074074074 0.796875 0.6055555555555555 0.7947916666666667 0.5861111111111111 0.7963541666666667 0.5611111111111111 0.8036458333333333 0.5435185185185185 0.8114583333333333 0.537962962962963
1 0.27239583333333334 0.26481481481481484 0.27760416666666665 0.2814814814814815 0.28177083333333336 0.30648148148148147 0.2859375 0.36666666666666664 0.2838541666666667 0.38425925925925924 0.26875 0.38333333333333336 0.26145833333333335 0.33611111111111114 0.2604166666666667 0.3074074074074074 0.2630208333333333 0.28425925925925927 0.26197916666666665 0.2675925925925926 0.265625 0.2638888888888889 0.271875 0.26481481481481484
1 0.23645833333333333 0.2759259259259259 0.24010416666666667 0.27037037037037037 0.24739583333333334 0.2712962962962963 0.25 0.2814814814814815 0.25625 0.2935185185185185 0.26614583333333336 0.37777777777777777 0.26510416666666664 0.3861111111111111 0.24322916666666666 0.387037037037037 0.23333333333333334 0.2962962962962963 0.23645833333333333 0.28703703703703703 0.23697916666666666 0.27685185185185185
1 0.9015625 0.4212962962962963 0.91875 0.42962962962962964 0.9208333333333333 0.4388888888888889 0.91875 0.44351851851851853 0.9098958333333333 0.4444444444444444 0.9057291666666667 0.44907407407407407 0.9046875 0.4675925925925926 0.8984375 0.4925925925925926 0.8963541666666667 0.5120370370370371 0.89375 0.5157407407407407 0.8817708333333333 0.5092592592592593 0.8802083333333334 0.4981481481481482 0.8921875 0.425 0.9010416666666666 0.4212962962962963
1 0.9364583333333333 0.44537037037037036 0.9427083333333334 0.4324074074074074 0.9432291666666667 0.41574074074074074 0.946875 0.4148148148148148 0.9526041666666667 0.4203703703703704 0.9520833333333333 0.44351851851851853 0.9494791666666667 0.4527777777777778 0.9453125 0.4537037037037037 0.9364583333333333 0.4462962962962963
1 0.8401041666666667 0.49166666666666664 0.846875 0.49444444444444446 0.846875 0.5009259259259259 0.840625 0.5037037037037037 0.834375 0.5120370370370371 0.8348958333333333 0.5222222222222223 0.8296875 0.5296296296296297 0.8244791666666667 0.5462962962962963 0.815625 0.5481481481481482 0.8078125 0.5564814814814815 0.8041666666666667 0.5916666666666667 0.8005208333333333 0.6064814814814815 0.796875 0.6055555555555555 0.7947916666666667 0.5833333333333334 0.7973958333333333 0.5574074074074075 0.8036458333333333 0.5435185185185185 0.8114583333333333 0.5361111111111111 0.81875 0.5185185185185185 0.8213541666666667 0.4935185185185185 0.825 0.49074074074074076 0.8395833333333333 0.49166666666666664
1 0.9666666666666667 0.3861111111111111 0.9791666666666666 0.3925925925925926 0.9817708333333334 0.4 0.9744791666666667 0.42314814814814816 0.9713541666666666 0.4444444444444444 0.9625 0.4462962962962963 0.953125 0.4388888888888889 0.953125 0.425 0.9578125 0.40555555555555556 0.9583333333333334 0.3907407407407407 0.9614583333333333 0.387037037037037 0.9661458333333334 0.387037037037037
1 0.8625 0.537962962962963 0.8666666666666667 0.5268518518518519 0.8703125 0.5268518518518519 0.871875 0.5611111111111111 0.8786458333333333 0.5777777777777777 0.8807291666666667 0.5953703703703703 0.875 0.6370370370370371 0.8708333333333333 0.65 0.8640625 0.6537037037037037 0.8510416666666667 0.6537037037037037 0.8479166666666667 0.6509259259259259 0.8479166666666667 0.6296296296296297 0.8510416666666667 0.6037037037037037 0.8572916666666667 0.5842592592592593 0.8536458333333333 0.562037037037037 0.8625 0.5388888888888889
1 0.8380208333333333 0.49074074074074076 0.8479166666666667 0.49444444444444446 0.8479166666666667 0.5 0.8453125 0.5055555555555555 0.8390625 0.5074074074074074 0.8364583333333333 0.5120370370370371 0.8359375 0.5185185185185185 0.8411458333333334 0.5203703703703704 0.8484375 0.5287037037037037 0.8453125 0.5324074074074074 0.8390625 0.5231481481481481 0.834375 0.5222222222222223 0.8291666666666667 0.5305555555555556 0.8255208333333334 0.5444444444444444 0.8213541666666667 0.5472222222222223 0.8161458333333333 0.5472222222222223 0.8119791666666667 0.5388888888888889 0.8140625 0.5259259259259259 0.8197916666666667 0.5157407407407407 0.8208333333333333 0.49444444444444446 0.8255208333333334 0.49074074074074076 0.8375 0.49074074074074076