0 0.6692708333333334 0.30833333333333335 0.6729166666666667 0.3175925925925926 0.6734375 0.35 0.6713541666666667 0.35648148148148145 0.6651041666666667 0.35462962962962963 0.6630208333333333 0.3388888888888889 0.6583333333333333 0.32314814814814813 0.6588541666666666 0.3138888888888889 0.6609375 0.3101851851851852 0.66875 0.30833333333333335
0 0.696875 0.4166666666666667 0.7005208333333334 0.4222222222222222 0.7015625 0.4324074074074074 0.7046875 0.43796296296296294 0.7203125 0.4583333333333333 0.7296875 0.475 0.7625 0.5157407407407407 0.7651041666666667 0.5222222222222223 0.765625 0.5305555555555556 0.7604166666666666 0.5398148148148149 0.7510416666666667 0.5361111111111111 0.6979166666666666 0.4537037037037037 0.6864583333333333 0.4444444444444444 0.6833333333333333 0.4351851851851852 0.6848958333333334 0.42407407407407405 0.6901041666666666 0.4166666666666667 0.6963541666666667 0.4166666666666667
0 0.5505208333333333 0.37592592592592594 0.5536458333333333 0.387037037037037 0.5536458333333333 0.3962962962962963 0.5427083333333333 0.41944444444444445 0.5380208333333333 0.42314814814814816 0.534375 0.4212962962962963 0.5333333333333333 0.4111111111111111 0.5395833333333333 0.39166666666666666 0.5416666666666666 0.3768518518518518 0.5442708333333334 0.37407407407407406 0.55 0.37592592592592594
0 0.5260416666666666 0.4444444444444444 0.5307291666666667 0.44722222222222224 0.5328125 0.4527777777777778 0.5333333333333333 0.49074074074074076 0.5317708333333333 0.4962962962962963 0.5270833333333333 0.49907407407407406 0.5223958333333333 0.49166666666666664 0.5203125 0.46944444444444444 0.5161458333333333 0.45925925925925926 0.5203125 0.4462962962962963 0.5255208333333333 0.4444444444444444
0 0.4390625 0.3388888888888889 0.44479166666666664 0.3453703703703704 0.44427083333333334 0.35833333333333334 0.4322916666666667 0.3648148148148148 0.42916666666666664 0.36944444444444446 0.425 0.36944444444444446 0.42291666666666666 0.36574074074074076 0.42239583333333336 0.3611111111111111 0.4244791666666667 0.35648148148148145 0.43854166666666666 0.3398148148148148
0 0.5020833333333333 0.30092592592592593 0.5052083333333334 0.30648148148148147 0.5046875 0.31574074074074077 0.49947916666666664 0.3314814814814815 0.4942708333333333 0.3388888888888889 0.4895833333333333 0.33796296296296297 0.4890625 0.32685185185185184 0.496875 0.30277777777777776 0.5015625 0.30092592592592593
0 0.4359375 0.3638888888888889 0.4427083333333333 0.4148148148148148 0.4421875 0.42407407407407405 0.4395833333333333 0.42685185185185187 0.4354166666666667 0.42592592592592593 0.43333333333333335 0.4203703703703704 0.43385416666666665 0.40370370370370373 0.43072916666666666 0.3685185185185185 0.4354166666666667 0.3638888888888889
0 0.578125 0.42777777777777776 0.5848958333333333 0.44351851851851853 0.5854166666666667 0.45092592592592595 0.5807291666666666 0.45092592592592595 0.5723958333333333 0.4398148148148148 0.5734375 0.4305555555555556 0.5776041666666667 0.42777777777777776
0 0.64375 0.5675925925925925 0.6432291666666666 0.5611111111111111 0.6494791666666667 0.5564814814814815 0.7109375 0.5518518518518518 0.7234375 0.549074074074074 0.7296875 0.5425925925925926 0.734375 0.5509259259259259 0.7333333333333333 0.562962962962963 0.73125 0.5657407407407408 0.7083333333333334 0.562037037037037 0.6630208333333333 0.5685185185185185 0.6442708333333333 0.5675925925925925
2 0.4817708333333333 0.5685185185185185 0.4875 0.5722222222222222 0.48854166666666665 0.5814814814814815 0.4859375 0.5861111111111111 0.4796875 0.5888888888888889 0.4713541666666667 0.5861111111111111 0.46875 0.5777777777777777 0.47291666666666665 0.5703703703703704 0.48125 0.5685185185185185
2 0.421875 0.3138888888888889 0.4276041666666667 0.32037037037037036 0.4265625 0.325 0.42291666666666666 0.32685185185185184 0.4109375 0.325 0.4119791666666667 0.31666666666666665 0.42135416666666664 0.3138888888888889
2 0.48854166666666665 0.35462962962962963 0.4953125 0.36018518518518516 0.4953125 0.3648148148148148 0.490625 0.36944444444444446 0.4817708333333333 0.36944444444444446 0.47760416666666666 0.362962962962963 0.48020833333333335 0.35648148148148145 0.48802083333333335 0.35462962962962963
2 0.6026041666666667 0.30648148148148147 0.6083333333333333 0.30925925925925923 0.6109375 0.3138888888888889 0.6098958333333333 0.32037037037037036 0.60625 0.32222222222222224 0.6 0.3212962962962963 0.596875 0.3175925925925926 0.5973958333333333 0.30925925925925923 0.6020833333333333 0.30648148148148147
2 0.5213541666666667 0.5527777777777778 0.5270833333333333 0.5574074074074075 0.5296875 0.5675925925925925 0.5260416666666666 0.575 0.5203125 0.5787037037037037 0.5078125 0.5740740740740741 0.5046875 0.562962962962963 0.5119791666666667 0.5527777777777778 0.5208333333333334 0.5527777777777778
2 0.425 0.5222222222222223 0.4296875 0.5287037037037037 0.4296875 0.5361111111111111 0.41875 0.5444444444444444 0.4078125 0.5398148148148149 0.40625 0.5305555555555556 0.41354166666666664 0.5222222222222223 0.4244791666666667 0.5222222222222223
2 0.58984375 0.3523148148148148 0.0109375 0.010185185185185186
2 0.43020833333333336 0.44907407407407407 0.434375 0.4527777777777778 0.4354166666666667 0.45925925925925926 0.43072916666666666 0.4666666666666667 0.425 0.46944444444444444 0.4171875 0.4666666666666667 0.41458333333333336 0.46296296296296297 0.4140625 0.4564814814814815 0.41875 0.45 0.4296875 0.44907407407407407
2 0.5692708333333333 0.41759259259259257 0.5729166666666666 0.42407407407407405 0.5697916666666667 0.4287037037037037 0.5640625 0.42777777777777776 0.5614583333333333 0.4212962962962963 0.56875 0.41759259259259257
2 0.5065104166666666 0.41898148148148145 0.0067708333333333336 0.006481481481481481
2 0.48072916666666665 0.475 0.484375 0.47129629629629627 0.49270833333333336 0.4703703703703704 0.4984375 0.47314814814814815 0.5005208333333333 0.4787037037037037 0.5 0.4842592592592593 0.496875 0.4888888888888889 0.4859375 0.49074074074074076 0.4791666666666667 0.48333333333333334 0.48072916666666665 0.4759259259259259
2 0.5927083333333333 0.30277777777777776 0.5973958333333333 0.30648148148148147 0.5958333333333333 0.31666666666666665 0.5848958333333333 0.3138888888888889 0.5828125 0.3101851851851852 0.5854166666666667 0.3037037037037037 0.5921875 0.30277777777777776
2 0.6291666666666667 0.35 0.6307291666666667 0.35555555555555557 0.6270833333333333 0.3574074074074074 0.6229166666666667 0.35555555555555557 0.6229166666666667 0.3509259259259259 0.6286458333333333 0.35
2 0.7390625 0.5425925925925926 0.7453125 0.5481481481481482 0.7463541666666667 0.5583333333333333 0.7432291666666667 0.562962962962963 0.7338541666666667 0.562037037037037 0.7348958333333333 0.5509259259259259 0.7322916666666667 0.5453703703703704 0.7239583333333334 0.5472222222222223 0.7307291666666667 0.5407407407407407 0.7385416666666667 0.5425925925925926
1 0.9666666666666667 0.4685185185185185 0.9838541666666667 0.47685185185185186 0.9885416666666667 0.48333333333333334 0.9895833333333334 0.49166666666666664 0.9885416666666667 0.49444444444444446 0.9770833333333333 0.49537037037037035 0.9734375 0.49907407407407406 0.9645833333333333 0.5527777777777778 0.9598958333333333 0.5675925925925925 0.95625 0.5722222222222222 0.9458333333333333 0.5675925925925925 0.9421875 0.562037037037037 0.9421875 0.5425925925925926 0.9489583333333333 0.5148148148148148 0.9552083333333333 0.47314814814814815 0.9661458333333334 0.4685185185185185
1 0.9895833333333334 0.42777777777777776 0.9927083333333333 0.43333333333333335 0.9927083333333333 0.4398148148148148 0.9833333333333333 0.47314814814814815 0.9645833333333333 0.4666666666666667 0.9666666666666667 0.4351851851851852 0.96875 0.42592592592592593 0.9739583333333334 0.4222222222222222 0.9890625 0.42777777777777776
1 0.9994791666666667 0.45092592592592595 0.9994791666666667 0.4925925925925926 0.9953125 0.49537037037037035 0.9901041666666667 0.4935185185185185 0.9838541666666667 0.47314814814814815 0.990625 0.45185185185185184 0.9989583333333333 0.45092592592592595
1 0.8911458333333333 0.5861111111111111 0.8984375 0.5907407407407408 0.9041666666666667 0.5990740740740741 0.9052083333333333 0.6092592592592593 0.903125 0.6259259259259259 0.9145833333333333 0.6416666666666667 0.9171875 0.65 0.90625 0.7018518518518518 0.9036458333333334 0.7296296296296296 0.9010416666666666 0.7388888888888889 0.8958333333333334 0.7444444444444445 0.8901041666666667 0.7444444444444445 0.8723958333333334 0.7342592592592593 0.85625 0.7203703703703703 0.8484375 0.7074074074074074 0.8489583333333334 0.6962962962962963 0.8583333333333333 0.6666666666666666 0.8625 0.6259259259259259 0.8692708333333333 0.6148148148148148 0.8833333333333333 0.612037037037037 0.8869791666666667 0.5944444444444444 0.8864583333333333 0.5879629629629629 0.890625 0.5861111111111111
1 0.25833333333333336 0.2861111111111111 0.26927083333333335 0.2851851851851852 0.271875 0.2972222222222222 0.2786458333333333 0.31296296296296294 0.28125 0.3537037037037037 0.2875 0.39814814814814814 0.284375 0.40370370370370373 0.26510416666666664 0.4046296296296296 0.2625 0.4009259259259259 0.25416666666666665 0.3138888888888889 0.2546875 0.30648148148148147 0.2578125 0.30092592592592593 0.25833333333333336 0.28703703703703703
1 0.8875 0.549074074074074 0.8916666666666667 0.55 0.8947916666666667 0.5611111111111111 0.890625 0.5814814814814815 0.884375 0.5879629629629629 0.8833333333333333 0.6092592592592593 0.8692708333333333 0.6138888888888889 0.8630208333333333 0.6222222222222222 0.859375 0.6546296296296297 0.8557291666666667 0.6703703703703704 0.853125 0.674074074074074 0.8494791666666667 0.6722222222222223 0.8473958333333333 0.6574074074074074 0.8494791666666667 0.6259259259259259 0.8572916666666667 0.6055555555555555 0.8666666666666667 0.5953703703703703 0.8713541666666667 0.5842592592592593 0.8755208333333333 0.5805555555555556 0.8791666666666667 0.5537037037037037 0.8869791666666667 0.549074074074074
1 0.925 0.6606481481481481 0.03854166666666667 0.14166666666666666
1 0.29322916666666665 0.2777777777777778 0.29635416666666664 0.2814814814814815 0.29791666666666666 0.2972222222222222 0.30364583333333334 0.31666666666666665 0.30833333333333335 0.3824074074074074 0.3104166666666667 0.3925925925925926 0.309375 0.4009259259259259 0.3026041666666667 0.4046296296296296 0.29322916666666665 0.4046296296296296 0.28854166666666664 0.4009259259259259 0.28229166666666666 0.3509259259259259 0.28125 0.3138888888888889 0.28489583333333335 0.2972222222222222 0.2838541666666667 0.2824074074074074 0.2869791666666667 0.2777777777777778 0.29270833333333335 0.2777777777777778
1 0.996875 0.4981481481481482 0.9994791666666667 0.5 0.9994791666666667 0.5592592592592592 0.9973958333333334 0.562037037037037 0.9958333333333333 0.5814814814814815 0.9885416666666667 0.5898148148148148 0.9875 0.5981481481481481 0.9838541666666667 0.6037037037037037 0.9729166666666667 0.6037037037037037 0.9598958333333333 0.5935185185185186 0.9583333333333334 0.5879629629629629 0.9588541666666667 0.5722222222222222 0.971875 0.5157407407407407 0.9729166666666667 0.5 0.9770833333333333 0.4962962962962963 0.9963541666666667 0.4981481481481482