0 0.465625 0.5370370370370371 0.46979166666666666 0.5361111111111111 0.4744791666666667 0.5407407407407407 0.4864583333333333 0.5777777777777777 0.48541666666666666 0.587037037037037 0.4796875 0.5944444444444444 0.475 0.5953703703703703 0.4708333333333333 0.5907407407407408 0.4635416666666667 0.549074074074074 0.465625 0.537962962962963
0 0.45625 0.4361111111111111 0.4588541666666667 0.44074074074074077 0.4588541666666667 0.46574074074074073 0.46041666666666664 0.4722222222222222 0.46041666666666664 0.4787037037037037 0.45729166666666665 0.48148148148148145 0.4505208333333333 0.4787037037037037 0.45208333333333334 0.4398148148148148 0.4557291666666667 0.4361111111111111
0 0.4375 0.22592592592592592 0.4588541666666667 0.22685185185185186 0.45989583333333334 0.2388888888888889 0.4557291666666667 0.24351851851851852 0.4479166666666667 0.23796296296296296 0.42552083333333335 0.2351851851851852 0.42552083333333335 0.22592592592592592 0.43697916666666664 0.22592592592592592
0 0.4427083333333333 0.587037037037037 0.44635416666666666 0.5907407407407408 0.44635416666666666 0.5981481481481481 0.4432291666666667 0.612037037037037 0.4427083333333333 0.6407407407407407 0.43802083333333336 0.6444444444444445 0.43385416666666665 0.6444444444444445 0.4322916666666667 0.6407407407407407 0.4322916666666667 0.5898148148148148 0.4421875 0.587037037037037
0 0.38697916666666665 0.46296296296296297 0.3885416666666667 0.4981481481481482 0.38645833333333335 0.5018518518518519 0.38177083333333334 0.49907407407407406 0.3796875 0.475 0.3770833333333333 0.4703703703703704 0.3796875 0.46296296296296297 0.38645833333333335 0.46296296296296297
0 0.43697916666666664 0.2916666666666667 0.4401041666666667 0.3 0.43802083333333336 0.30648148148148147 0.4375 0.325 0.440625 0.4787037037037037 0.43802083333333336 0.4824074074074074 0.4322916666666667 0.48148148148148145 0.43020833333333336 0.47314814814814815 0.4296875 0.4148148148148148 0.4276041666666667 0.3925925925925926 0.42864583333333334 0.34814814814814815 0.4270833333333333 0.29259259259259257 0.42864583333333334 0.2898148148148148 0.43645833333333334 0.2916666666666667
0 0.3890625 0.5842592592592593 0.3932291666666667 0.5888888888888889 0.39114583333333336 0.6 0.39114583333333336 0.6388888888888888 0.3890625 0.6425925925925926 0.3854166666666667 0.6425925925925926 0.38385416666666666 0.6388888888888888 0.38385416666666666 0.600925925925926 0.38229166666666664 0.5907407407407408 0.38385416666666666 0.5842592592592593 0.3885416666666667 0.5842592592592593
0 0.44114583333333335 0.6425925925925926 0.45260416666666664 0.6666666666666666 0.45260416666666664 0.6731481481481482 0.44947916666666665 0.6768518518518518 0.44583333333333336 0.6759259259259259 0.4328125 0.6583333333333333 0.434375 0.6462962962962963 0.440625 0.6425925925925926
0 0.48541666666666666 0.3037037037037037 0.48802083333333335 0.3074074074074074 0.4901041666666667 0.32407407407407407 0.4895833333333333 0.33055555555555555 0.4869791666666667 0.3333333333333333 0.4791666666666667 0.31296296296296294 0.4796875 0.30648148148148147 0.48489583333333336 0.3037037037037037
0 0.47604166666666664 0.4046296296296296 0.47708333333333336 0.42962962962962964 0.47552083333333334 0.4324074074074074 0.46927083333333336 0.42962962962962964 0.4713541666666667 0.4074074074074074 0.4734375 0.40370370370370373 0.47552083333333334 0.4046296296296296
0 0.4322916666666667 0.5064814814814815 0.46145833333333336 0.5444444444444444 0.4640625 0.5583333333333333 0.45989583333333334 0.5592592592592592 0.43697916666666664 0.525 0.43072916666666666 0.5203703703703704 0.42916666666666664 0.5148148148148148 0.4296875 0.5092592592592593 0.4317708333333333 0.5074074074074074
0 0.4947916666666667 0.4685185185185185 0.5015625 0.4842592592592593 0.5020833333333333 0.49166666666666664 0.5005208333333333 0.49444444444444446 0.49635416666666665 0.4925925925925926 0.48854166666666665 0.4787037037037037 0.4895833333333333 0.4722222222222222 0.4942708333333333 0.4685185185185185
0 0.42239583333333336 0.28425925925925927 0.4270833333333333 0.2935185185185185 0.4265625 0.30648148148148147 0.409375 0.32685185185185184 0.4036458333333333 0.32407407407407407 0.4046875 0.31203703703703706 0.41041666666666665 0.30185185185185187 0.4109375 0.29444444444444445 0.41458333333333336 0.2851851851851852 0.421875 0.28425925925925927
2 0.3984375 0.41064814814814815 0.005208333333333333 0.013888888888888888
2 0.41458333333333336 0.49166666666666664 0.4161458333333333 0.4962962962962963 0.41510416666666666 0.5018518518518519 0.4125 0.4981481481481482 0.4140625 0.49166666666666664
2 0.41875 0.5037037037037037 0.42083333333333334 0.5083333333333333 0.42135416666666664 0.5259259259259259 0.4197916666666667 0.5333333333333333 0.4166666666666667 0.5361111111111111 0.41302083333333334 0.5259259259259259 0.41302083333333334 0.5138888888888888 0.41458333333333336 0.5064814814814815 0.41822916666666665 0.5037037037037037
2 0.465625 0.24166666666666667 0.46770833333333334 0.2462962962962963 0.46822916666666664 0.25925925925925924 0.4661458333333333 0.27037037037037037 0.4635416666666667 0.2740740740740741 0.4583333333333333 0.26851851851851855 0.4578125 0.25092592592592594 0.46041666666666664 0.24259259259259258 0.46510416666666665 0.24166666666666667
2 0.47421875 0.6060185185185185 0.0067708333333333336 0.019444444444444445
2 0.4635416666666667 0.30648148148148147 0.46510416666666665 0.32685185185185184 0.4635416666666667 0.33611111111111114 0.46041666666666664 0.34074074074074073 0.45625 0.3351851851851852 0.4557291666666667 0.3175925925925926 0.4588541666666667 0.30648148148148147 0.4630208333333333 0.30648148148148147
2 0.465625 0.6231481481481481 0.4713541666666667 0.6222222222222222 0.4744791666666667 0.6342592592592593 0.47291666666666665 0.6555555555555556 0.46979166666666666 0.6601851851851852 0.4671875 0.6583333333333333 0.4635416666666667 0.6462962962962963 0.4635416666666667 0.6324074074074074 0.465625 0.6240740740740741
2 0.4088541666666667 0.4787037037037037 0.4119791666666667 0.48518518518518516 0.4109375 0.5009259259259259 0.40729166666666666 0.5037037037037037 0.40572916666666664 0.49907407407407406 0.40572916666666664 0.48333333333333334 0.4083333333333333 0.47962962962962963
2 0.42239583333333336 0.2537037037037037 0.4234375 0.2740740740740741 0.42239583333333336 0.2796296296296296 0.41875 0.2833333333333333 0.415625 0.27870370370370373 0.41510416666666666 0.2638888888888889 0.41875 0.25277777777777777 0.421875 0.2537037037037037
2 0.3776041666666667 0.3675925925925926 0.378125 0.37962962962962965 0.375 0.375 0.3770833333333333 0.3685185185185185
2 0.3854166666666667 0.37222222222222223 0.3875 0.38796296296296295 0.38385416666666666 0.3990740740740741 0.3807291666666667 0.3925925925925926 0.3807291666666667 0.3787037037037037 0.38229166666666664 0.3731481481481482 0.3848958333333333 0.37222222222222223
2 0.40572916666666664 0.5370370370370371 0.4083333333333333 0.5472222222222223 0.4083333333333333 0.5583333333333333 0.40520833333333334 0.5666666666666667 0.40208333333333335 0.5638888888888889 0.4005208333333333 0.5564814814814815 0.4010416666666667 0.5398148148148149 0.403125 0.5361111111111111 0.40520833333333334 0.5370370370370371
2 0.4109375 0.462037037037037 0.41041666666666665 0.4703703703703704 0.4078125 0.4666666666666667 0.41041666666666665 0.462037037037037
2 0.434375 0.4824074074074074 0.4375 0.4842592592592593 0.43697916666666664 0.49074074074074076 0.43385416666666665 0.49074074074074076 0.43385416666666665 0.48333333333333334
2 0.41875 0.5712962962962963 0.42083333333333334 0.5703703703703704 0.42291666666666666 0.5740740740740741 0.42291666666666666 0.5842592592592593 0.4203125 0.5879629629629629 0.41770833333333335 0.5824074074074074 0.41875 0.5722222222222222
2 0.4005208333333333 0.32222222222222224 0.005208333333333333 0.012962962962962963
2 0.40520833333333334 0.4185185185185185 0.4083333333333333 0.42777777777777776 0.4078125 0.4425925925925926 0.40520833333333334 0.45 0.4005208333333333 0.44166666666666665 0.4010416666666667 0.42314814814814816 0.4046875 0.4185185185185185
2 0.42864583333333334 0.3824074074074074 0.428125 0.40925925925925927 0.42604166666666665 0.4074074074074074 0.4244791666666667 0.39814814814814814 0.42552083333333335 0.3861111111111111 0.428125 0.3824074074074074
1 0.38776041666666666 0.8763888888888889 0.06614583333333333 0.05648148148148148
1 0.40572916666666664 0.8157407407407408 0.41354166666666664 0.8287037037037037 0.4125 0.8379629629629629 0.41458333333333336 0.8435185185185186 0.40260416666666665 0.8546296296296296 0.3802083333333333 0.8592592592592593 0.353125 0.8537037037037037 0.3515625 0.8425925925925926 0.3541666666666667 0.8333333333333334 0.3619791666666667 0.8314814814814815 0.3770833333333333 0.8212962962962963 0.40520833333333334 0.8157407407407408