0 0.628125 0.37037037037037035 0.6302083333333334 0.37222222222222223 0.6302083333333334 0.37777777777777777 0.628125 0.37962962962962965 0.5739583333333333 0.3851851851851852 0.5666666666666667 0.38981481481481484 0.5635416666666667 0.3851851851851852 0.5661458333333333 0.37407407407407406 0.571875 0.37592592592592594 0.6276041666666666 0.37037037037037035
0 0.53125 0.6472222222222223 0.540625 0.6407407407407407 0.54375 0.6444444444444445 0.5442708333333334 0.65 0.5395833333333333 0.6564814814814814 0.5322916666666667 0.6574074074074074 0.5302083333333333 0.6509259259259259 0.53125 0.6481481481481481
0 0.6588541666666666 0.5546296296296296 0.6854166666666667 0.5555555555555556 0.6890625 0.5583333333333333 0.6885416666666667 0.5666666666666667 0.6135416666666667 0.5731481481481482 0.5994791666666667 0.5777777777777777 0.5953125 0.575925925925926 0.5942708333333333 0.5666666666666667 0.5947916666666667 0.5611111111111111 0.5989583333333334 0.5564814814814815 0.6182291666666667 0.5583333333333333 0.6583333333333333 0.5546296296296296
0 0.5765625 0.48333333333333334 0.5791666666666667 0.4861111111111111 0.5932291666666667 0.48703703703703705 0.5947916666666667 0.4925925925925926 0.5921875 0.4981481481481482 0.5786458333333333 0.49907407407407406 0.5744791666666667 0.5027777777777778 0.5703125 0.5 0.5692708333333333 0.48703703703703705 0.5713541666666667 0.4824074074074074 0.5760416666666667 0.48333333333333334
0 0.59375 0.5962962962962963 0.615625 0.5990740740740741 0.6171875 0.6018518518518519 0.6166666666666667 0.6074074074074074 0.609375 0.6092592592592593 0.565625 0.6055555555555555 0.55 0.6074074074074074 0.5479166666666667 0.6027777777777777 0.55 0.5925925925925926 0.5671875 0.5962962962962963 0.5932291666666667 0.5962962962962963
0 0.5630208333333333 0.4564814814814815 0.5796875 0.45925925925925926 0.5802083333333333 0.4666666666666667 0.5770833333333333 0.4703703703703704 0.5578125 0.4703703703703704 0.55625 0.4675925925925926 0.5567708333333333 0.45740740740740743 0.5625 0.4564814814814815
0 0.5927083333333333 0.6444444444444445 0.5958333333333333 0.65 0.5953125 0.6564814814814814 0.5927083333333333 0.6592592592592592 0.5609375 0.6564814814814814 0.5588541666666667 0.6518518518518519 0.5604166666666667 0.6388888888888888 0.5921875 0.6444444444444445
0 0.6 0.3472222222222222 0.6026041666666667 0.35 0.621875 0.34814814814814815 0.6239583333333333 0.35648148148148145 0.6223958333333334 0.362962962962963 0.5994791666666667 0.3685185185185185 0.5958333333333333 0.3685185185185185 0.59375 0.3611111111111111 0.5947916666666667 0.35 0.5994791666666667 0.3472222222222222
0 0.5734375 0.41944444444444445 0.575 0.4222222222222222 0.5734375 0.43148148148148147 0.5619791666666667 0.43333333333333335 0.5598958333333334 0.42962962962962964 0.5598958333333334 0.4222222222222222 0.5729166666666666 0.4203703703703704
0 0.6161458333333333 0.4305555555555556 0.6255208333333333 0.4305555555555556 0.6276041666666666 0.43425925925925923 0.6260416666666667 0.43796296296296294 0.6161458333333333 0.44074074074074077 0.6161458333333333 0.43148148148148147
0 0.6166666666666667 0.6259259259259259 0.634375 0.6296296296296297 0.6369791666666667 0.6388888888888888 0.634375 0.6435185185185185 0.6135416666666667 0.6444444444444445 0.6083333333333333 0.6416666666666667 0.6078125 0.6287037037037037 0.609375 0.6240740740740741 0.6161458333333333 0.6259259259259259
2 0.5265625 0.6925925925925925 0.5265625 0.7046296296296296 0.5239583333333333 0.7027777777777777 0.5244791666666667 0.6935185185185185 0.5260416666666666 0.6925925925925925
2 0.578125 0.562962962962963 0.5796875 0.5666666666666667 0.5786458333333333 0.5731481481481482 0.5760416666666667 0.5703703703703704 0.5776041666666667 0.562962962962963
2 0.6177083333333333 0.3824074074074074 0.6197916666666666 0.3851851851851852 0.6182291666666667 0.39444444444444443 0.6151041666666667 0.3925925925925926 0.6130208333333333 0.3861111111111111 0.6145833333333334 0.3824074074074074 0.6171875 0.3824074074074074
2 0.5307291666666667 0.7648148148148148 0.5338541666666666 0.7722222222222223 0.534375 0.7870370370370371 0.5302083333333333 0.8018518518518518 0.5265625 0.8009259259259259 0.5244791666666667 0.7944444444444444 0.5255208333333333 0.774074074074074 0.5302083333333333 0.7648148148148148
2 0.571875 0.30972222222222223 0.004166666666666667 0.010185185185185186
2 0.5265625 0.5685185185185185 0.528125 0.5796296296296296 0.525 0.5842592592592593 0.5229166666666667 0.575 0.5260416666666666 0.5685185185185185
2 0.5171875 0.6370370370370371 0.5192708333333333 0.6444444444444445 0.5177083333333333 0.6518518518518519 0.5151041666666667 0.6518518518518519 0.5135416666666667 0.6462962962962963 0.5140625 0.6398148148148148 0.5166666666666667 0.6370370370370371
2 0.50625 0.28703703703703703 0.5109375 0.29444444444444445 0.5125 0.30462962962962964 0.5119791666666667 0.31666666666666665 0.5088541666666667 0.32407407407407407 0.5052083333333334 0.32407407407407407 0.5010416666666667 0.3111111111111111 0.5015625 0.29444444444444445 0.5057291666666667 0.28703703703703703
2 0.5802083333333333 0.412962962962963 0.5828125 0.4212962962962963 0.5828125 0.43148148148148147 0.5791666666666667 0.4388888888888889 0.5755208333333334 0.4361111111111111 0.575 0.4166666666666667 0.5776041666666667 0.41203703703703703 0.5796875 0.412962962962963
2 0.5776041666666667 0.2675925925925926 0.5796875 0.26851851851851855 0.5796875 0.275 0.5770833333333333 0.2740740740740741 0.5776041666666667 0.26851851851851855
2 0.5197916666666667 0.45092592592592595 0.00625 0.014814814814814815
2 0.5744791666666667 0.35 0.5765625 0.35462962962962963 0.575 0.362962962962963 0.571875 0.35555555555555557 0.5739583333333333 0.35
2 0.5265625 0.4050925925925926 0.011458333333333333 0.03796296296296296
2 0.5598958333333334 0.5694444444444444 0.5583333333333333 0.5638888888888889 0.5598958333333334 0.5527777777777778 0.5635416666666667 0.5546296296296296 0.5645833333333333 0.5638888888888889 0.5635416666666667 0.5685185185185185 0.5604166666666667 0.5694444444444444
2 0.53828125 0.6300925925925925 0.005729166666666666 0.017592592592592594
2 0.5515625 0.3175925925925926 0.5541666666666667 0.31666666666666665 0.55625 0.3212962962962963 0.55625 0.3314814814814815 0.5541666666666667 0.33425925925925926 0.5510416666666667 0.3296296296296296 0.5515625 0.31851851851851853
2 0.5375 0.5787037037037037 0.5416666666666666 0.5898148148148148 0.5411458333333333 0.6018518518518519 0.5375 0.612037037037037 0.534375 0.612037037037037 0.5317708333333333 0.6046296296296296 0.5317708333333333 0.5888888888888889 0.5338541666666666 0.5814814814814815 0.5369791666666667 0.5787037037037037
2 0.7609375 0.6648148148148149 0.7640625 0.6722222222222223 0.7635416666666667 0.687037037037037 0.7609375 0.6898148148148148 0.7526041666666666 0.687962962962963 0.7484375 0.6777777777777778 0.7484375 0.6685185185185185 0.7520833333333333 0.662962962962963 0.7583333333333333 0.6611111111111111 0.7604166666666666 0.6648148148148149
2 0.5135416666666667 0.48055555555555557 0.5166666666666667 0.49074074074074076 0.5171875 0.5055555555555555 0.5151041666666667 0.5148148148148148 0.5125 0.5175925925925926 0.5078125 0.5138888888888888 0.50625 0.4925925925925926 0.5083333333333333 0.48333333333333334 0.5130208333333334 0.48055555555555557
2 0.5729166666666666 0.6944444444444444 0.575 0.7083333333333334 0.571875 0.7194444444444444 0.56875 0.7166666666666667 0.5677083333333334 0.7064814814814815 0.5692708333333333 0.6972222222222222 0.5723958333333333 0.6944444444444444
2 0.615625 0.6666666666666666 0.6171875 0.6842592592592592 0.6151041666666667 0.6916666666666667 0.6125 0.6916666666666667 0.6104166666666667 0.6851851851851852 0.6109375 0.6703703703703704 0.6130208333333333 0.6657407407407407 0.6151041666666667 0.6666666666666666
2 0.6067708333333334 0.337037037037037 0.609375 0.34074074074074073 0.609375 0.34814814814814815 0.6046875 0.34814814814814815 0.60625 0.33796296296296297
2 0.5203125 0.6768518518518518 0.5197916666666667 0.687037037037037 0.5177083333333333 0.687037037037037 0.5171875 0.6833333333333333 0.5177083333333333 0.6777777777777778 0.5197916666666667 0.6768518518518518
2 0.61875 0.38333333333333336 0.6203125 0.38981481481481484 0.61875 0.39444444444444443 0.6151041666666667 0.3925925925925926 0.6135416666666667 0.387037037037037 0.6140625 0.38333333333333336 0.6182291666666667 0.38333333333333336
1 0.6119791666666666 0.07407407407407407 0.6213541666666667 0.0787037037037037 0.6307291666666667 0.07685185185185185 0.6328125 0.08518518518518518 0.6307291666666667 0.09814814814814815 0.6088541666666667 0.11203703703703703 0.58125 0.11851851851851852 0.565625 0.11666666666666667 0.565625 0.08703703703703704 0.5927083333333333 0.075 0.6114583333333333 0.07407407407407407
1 0.6145833333333334 0.025925925925925925 0.6203125 0.032407407407407406 0.628125 0.03333333333333333 0.628125 0.05277777777777778 0.6130208333333333 0.06851851851851852 0.5942708333333333 0.07222222222222222 0.5666666666666667 0.08425925925925926 0.5645833333333333 0.0824074074074074 0.5635416666666667 0.06944444444444445 0.5640625 0.04259259259259259 0.6140625 0.025925925925925925