0 0.5776041666666667 0.42685185185185187 0.5838541666666667 0.44166666666666665 0.5848958333333333 0.44907407407407407 0.5807291666666666 0.45 0.571875 0.4388888888888889 0.5713541666666667 0.4324074074074074 0.5739583333333333 0.42777777777777776 0.5770833333333333 0.42777777777777776
0 0.7036458333333333 0.4842592592592593 0.70625 0.487962962962963 0.7098958333333333 0.55 0.7130208333333333 0.5592592592592592 0.7125 0.5666666666666667 0.7098958333333333 0.5712962962962963 0.703125 0.5703703703703704 0.7010416666666667 0.5666666666666667 0.7020833333333333 0.5481481481481482 0.6984375 0.48703703703703705 0.703125 0.4842592592592593
0 0.6682291666666667 0.2953703703703704 0.6791666666666667 0.30092592592592593 0.6796875 0.3138888888888889 0.6760416666666667 0.3194444444444444 0.6432291666666666 0.3194444444444444 0.6307291666666667 0.32314814814814813 0.6265625 0.32037037037037036 0.5875 0.32592592592592595 0.5848958333333333 0.32407407407407407 0.5859375 0.3111111111111111 0.615625 0.30462962962962964 0.6598958333333333 0.30185185185185187 0.6677083333333333 0.2962962962962963
0 0.5942708333333333 0.4898148148148148 0.6046875 0.5 0.6052083333333333 0.5083333333333333 0.6020833333333333 0.5166666666666667 0.5895833333333333 0.5120370370370371 0.5822916666666667 0.5046296296296297 0.5869791666666667 0.4935185185185185 0.59375 0.4898148148148148
0 0.5125 0.2898148148148148 0.5296875 0.3 0.5317708333333333 0.30833333333333335 0.5276041666666667 0.31574074074074077 0.5052083333333334 0.30833333333333335 0.5026041666666666 0.30277777777777776 0.5036458333333333 0.29259259259259257 0.5072916666666667 0.287962962962963 0.5119791666666667 0.2898148148148148
0 0.4953125 0.3296296296296296 0.5015625 0.3351851851851852 0.5041666666666667 0.3435185185185185 0.5026041666666666 0.3527777777777778 0.49947916666666664 0.35555555555555557 0.4947916666666667 0.35462962962962963 0.49114583333333334 0.34074074074074073 0.490625 0.3314814814814815 0.4947916666666667 0.3296296296296296
0 0.5953125 0.3592592592592593 0.5984375 0.36574074074074076 0.6020833333333333 0.3675925925925926 0.6265625 0.3712962962962963 0.6296875 0.37592592592592594 0.6296875 0.37962962962962965 0.6265625 0.38333333333333336 0.5927083333333333 0.38055555555555554 0.5916666666666667 0.36666666666666664 0.5947916666666667 0.3592592592592593
0 0.5755208333333334 0.49074074074074076 0.5947916666666667 0.46574074074074073 0.5989583333333334 0.4666666666666667 0.5994791666666667 0.47314814814814815 0.5817708333333333 0.5037037037037037 0.5614583333333333 0.5324074074074074 0.5541666666666667 0.5453703703703704 0.5520833333333334 0.5555555555555556 0.5458333333333333 0.5537037037037037 0.5421875 0.5435185185185185 0.5651041666666666 0.5120370370370371 0.5755208333333334 0.49166666666666664
0 0.6505208333333333 0.3509259259259259 0.6526041666666667 0.35555555555555557 0.6526041666666667 0.37592592592592594 0.6489583333333333 0.3824074074074074 0.6421875 0.3768518518518518 0.6125 0.3675925925925926 0.6104166666666667 0.362962962962963 0.6125 0.3592592592592593 0.6442708333333333 0.35833333333333334 0.6473958333333333 0.3509259259259259 0.65 0.3509259259259259
2 0.4671875 0.49722222222222223 0.471875 0.5018518518518519 0.47291666666666665 0.5083333333333333 0.46979166666666666 0.5148148148148148 0.4625 0.5185185185185185 0.453125 0.5148148148148148 0.4505208333333333 0.5101851851851852 0.4505208333333333 0.5046296296296297 0.45625 0.49722222222222223 0.4666666666666667 0.49722222222222223
2 0.6098958333333333 0.4722222222222222 0.6161458333333333 0.4787037037037037 0.6166666666666667 0.48518518518518516 0.6088541666666667 0.4935185185185185 0.6020833333333333 0.49166666666666664 0.5953125 0.4842592592592593 0.5984375 0.475 0.6020833333333333 0.47129629629629627 0.609375 0.4722222222222222
2 0.5640625 0.43333333333333335 0.56875 0.4388888888888889 0.56875 0.44537037037037036 0.5640625 0.45 0.553125 0.44814814814814813 0.5484375 0.4425925925925926 0.5510416666666667 0.43425925925925923 0.5635416666666667 0.43333333333333335
2 0.4244791666666667 0.33287037037037037 0.014583333333333334 0.012037037037037037
2 0.3776041666666667 0.5388888888888889 0.38125 0.5435185185185185 0.38177083333333334 0.55 0.37552083333333336 0.5574074074074075 0.36614583333333334 0.5564814814814815 0.36354166666666665 0.5537037037037037 0.3625 0.5462962962962963 0.3692708333333333 0.5388888888888889 0.3770833333333333 0.5388888888888889
2 0.4635416666666667 0.40185185185185185 0.46875 0.40370370370370373 0.4708333333333333 0.4083333333333333 0.4703125 0.4148148148148148 0.4640625 0.4203703703703704 0.4557291666666667 0.41944444444444445 0.4510416666666667 0.412962962962963 0.45260416666666664 0.40555555555555556 0.4630208333333333 0.40185185185185185
2 0.4328125 0.3490740740740741 0.43385416666666665 0.35555555555555557 0.42604166666666665 0.3611111111111111 0.4192708333333333 0.3592592592592593 0.41770833333333335 0.35648148148148145 0.41822916666666665 0.35 0.4239583333333333 0.34629629629629627 0.4322916666666667 0.3490740740740741
2 0.4666666666666667 0.3675925925925926 0.4744791666666667 0.375 0.47239583333333335 0.38055555555555554 0.46770833333333334 0.38333333333333336 0.46041666666666664 0.38333333333333336 0.4557291666666667 0.3768518518518518 0.4583333333333333 0.37037037037037035 0.4661458333333333 0.3675925925925926
2 0.41770833333333335 0.4444444444444444 0.011458333333333333 0.012962962962962963
2 0.5494791666666666 0.37037037037037035 0.5520833333333334 0.37592592592592594 0.5479166666666667 0.38055555555555554 0.54375 0.37962962962962965 0.5421875 0.3731481481481482 0.5458333333333333 0.36944444444444446 0.5489583333333333 0.37037037037037035
2 0.6630208333333333 0.35185185185185186 0.6640625 0.35555555555555557 0.6625 0.35833333333333334 0.6557291666666667 0.35555555555555557 0.6583333333333333 0.3509259259259259 0.6625 0.35185185185185186
2 0.4671875 0.31851851851851853 0.46875 0.325 0.4666666666666667 0.32685185185185184 0.45989583333333334 0.325 0.45989583333333334 0.32037037037037036 0.4666666666666667 0.31851851851851853
2 0.484375 0.5592592592592592 0.49114583333333334 0.5675925925925925 0.49114583333333334 0.575925925925926 0.4875 0.5814814814814815 0.48072916666666665 0.5842592592592593 0.46979166666666666 0.5805555555555556 0.4671875 0.5685185185185185 0.47291666666666665 0.5601851851851852 0.48385416666666664 0.5592592592592592
2 0.5859375 0.4583333333333333 0.5921875 0.46296296296296297 0.5927083333333333 0.4675925925925926 0.5848958333333333 0.4777777777777778 0.5739583333333333 0.4759259259259259 0.5723958333333333 0.4666666666666667 0.5770833333333333 0.45925925925925926 0.5854166666666667 0.4583333333333333
1 0.8869791666666667 0.5851851851851851 0.8953125 0.587037037037037 0.9052083333333333 0.5990740740740741 0.9057291666666667 0.6055555555555555 0.9026041666666667 0.625 0.9088541666666666 0.6314814814814815 0.9166666666666666 0.65 0.9098958333333333 0.675 0.9005208333333333 0.7361111111111112 0.8953125 0.7425925925925926 0.8869791666666667 0.7416666666666667 0.8583333333333333 0.7212962962962963 0.8479166666666667 0.7064814814814815 0.8479166666666667 0.6953703703703704 0.8572916666666667 0.6657407407407407 0.8625 0.6222222222222222 0.8645833333333334 0.6175925925925926 0.8729166666666667 0.6111111111111112 0.8833333333333333 0.6111111111111112 0.8864583333333333 0.600925925925926 0.8869791666666667 0.5861111111111111
1 0.9286458333333333 0.5879629629629629 0.9317708333333333 0.5888888888888889 0.9333333333333333 0.5944444444444444 0.9348958333333334 0.6296296296296297 0.9421875 0.6546296296296297 0.9421875 0.6759259259259259 0.9333333333333333 0.7185185185185186 0.9296875 0.725925925925926 0.9130208333333333 0.7287037037037037 0.90625 0.7268518518518519 0.9046875 0.7231481481481481 0.9067708333333333 0.6962962962962963 0.9171875 0.6555555555555556 0.915625 0.6416666666666667 0.9098958333333333 0.6268518518518519 0.915625 0.6212962962962963 0.9182291666666667 0.6129629629629629 0.925 0.6027777777777777 0.9286458333333333 0.5888888888888889
1 0.8786458333333333 0.55 0.890625 0.5481481481481482 0.9067708333333333 0.5509259259259259 0.9067708333333333 0.5601851851851852 0.9109375 0.5712962962962963 0.9109375 0.575 0.9046875 0.5657407407407408 0.9005208333333333 0.5666666666666667 0.8979166666666667 0.5768518518518518 0.8927083333333333 0.5777777777777777 0.8953125 0.5805555555555556 0.8942708333333333 0.5833333333333334 0.8901041666666667 0.5814814814814815 0.8848958333333333 0.5879629629629629 0.8859375 0.5916666666666667 0.8833333333333333 0.6092592592592593 0.871875 0.6101851851851852 0.865625 0.6148148148148148 0.8614583333333333 0.6240740740740741 0.859375 0.6472222222222223 0.8552083333333333 0.6666666666666666 0.8510416666666667 0.6722222222222223 0.8489583333333334 0.6685185185185185 0.846875 0.6537037037037037 0.8489583333333334 0.6222222222222222 0.85625 0.6046296296296296 0.8645833333333334 0.5972222222222222 0.8755208333333333 0.5777777777777777 0.8786458333333333 0.5509259259259259
1 0.2677083333333333 0.28055555555555556 0.26979166666666665 0.28425925925925927 0.2703125 0.29259259259259257 0.2791666666666667 0.30833333333333335 0.2796875 0.3416666666666667 0.2869791666666667 0.39537037037037037 0.2864583333333333 0.3990740740740741 0.27760416666666665 0.4009259259259259 0.26458333333333334 0.4009259259259259 0.2625 0.3972222222222222 0.25364583333333335 0.3111111111111111 0.25364583333333335 0.30462962962962964 0.25729166666666664 0.2962962962962963 0.25729166666666664 0.2833333333333333 0.26197916666666665 0.2796296296296296 0.2671875 0.28055555555555556
1 0.28958333333333336 0.27314814814814814 0.29375 0.2740740740740741 0.29635416666666664 0.27870370370370373 0.303125 0.3175925925925926 0.309375 0.3972222222222222 0.2994791666666667 0.4009259259259259 0.28958333333333336 0.4 0.28802083333333334 0.3972222222222222 0.28177083333333336 0.35 0.28177083333333336 0.3175925925925926 0.284375 0.30648148148148147 0.2833333333333333 0.2777777777777778 0.2890625 0.2740740740740741