0 0.37916666666666665 0.5157407407407407 0.39375 0.5481481481481482 0.39375 0.5564814814814815 0.39166666666666666 0.5583333333333333 0.3854166666666667 0.5518518518518518 0.36770833333333336 0.5064814814814815 0.35572916666666665 0.48703703703703705 0.35833333333333334 0.47685185185185186 0.36302083333333335 0.4759259259259259 0.36666666666666664 0.49074074074074076 0.37864583333333335 0.5157407407407407
0 0.43776041666666665 0.38333333333333336 0.016145833333333335 0.044444444444444446
0 0.575 0.49166666666666664 0.578125 0.49444444444444446 0.5776041666666667 0.49907407407407406 0.534375 0.537962962962963 0.528125 0.5444444444444444 0.5223958333333333 0.5555555555555556 0.5151041666666667 0.55 0.5151041666666667 0.5416666666666666 0.5171875 0.5361111111111111 0.5260416666666666 0.5314814814814814 0.5609375 0.5 0.5744791666666667 0.49166666666666664
0 0.5859375 0.42685185185185187 0.5885416666666666 0.43148148148148147 0.5885416666666666 0.4361111111111111 0.5770833333333333 0.45185185185185184 0.5708333333333333 0.4564814814814815 0.5651041666666666 0.44722222222222224 0.5661458333333333 0.43425925925925923 0.5854166666666667 0.42685185185185187
0 0.4036458333333333 0.29907407407407405 0.40677083333333336 0.30462962962962964 0.40677083333333336 0.3111111111111111 0.4046875 0.3138888888888889 0.3453125 0.3175925925925926 0.3177083333333333 0.32314814814814813 0.31197916666666664 0.32037037037037036 0.3109375 0.30648148148148147 0.31302083333333336 0.3037037037037037 0.3265625 0.3055555555555556 0.353125 0.3 0.403125 0.29907407407407405
0 0.4010416666666667 0.4777777777777778 0.40677083333333336 0.4898148148148148 0.42135416666666664 0.5074074074074074 0.42135416666666664 0.5175925925925926 0.41770833333333335 0.524074074074074 0.4114583333333333 0.5222222222222223 0.403125 0.5120370370370371 0.3932291666666667 0.5055555555555555 0.3885416666666667 0.49722222222222223 0.3885416666666667 0.4888888888888889 0.3921875 0.47962962962962963 0.3953125 0.47685185185185186 0.4005208333333333 0.4777777777777778
0 0.41458333333333336 0.37777777777777777 0.4203125 0.38425925925925924 0.42239583333333336 0.3907407407407407 0.421875 0.3972222222222222 0.3984375 0.4351851851851852 0.3927083333333333 0.4324074074074074 0.3921875 0.4212962962962963 0.40260416666666665 0.4009259259259259 0.4078125 0.38055555555555554 0.4140625 0.37777777777777777
0 0.4234375 0.42592592592592593 0.4276041666666667 0.4351851851851852 0.4244791666666667 0.4425925925925926 0.41822916666666665 0.44907407407407407 0.41458333333333336 0.44907407407407407 0.41458333333333336 0.44351851851851853 0.4197916666666667 0.4287037037037037 0.42291666666666666 0.42592592592592593
0 0.43385416666666665 0.32685185185185184 0.4375 0.33796296296296297 0.4359375 0.3453703703703704 0.4078125 0.35462962962962963 0.40260416666666665 0.35185185185185186 0.40208333333333335 0.3453703703703704 0.4041666666666667 0.3416666666666667 0.4265625 0.33425925925925926 0.43333333333333335 0.32685185185185184
2 0.5046875 0.40925925925925927 0.5046875 0.412962962962963 0.5020833333333333 0.4148148148148148 0.4984375 0.4101851851851852 0.5041666666666667 0.40925925925925927
2 0.5354166666666667 0.3537037037037037 0.5401041666666667 0.35833333333333334 0.5401041666666667 0.36203703703703705 0.5354166666666667 0.3675925925925926 0.5255208333333333 0.3675925925925926 0.521875 0.362962962962963 0.5223958333333333 0.3574074074074074 0.5255208333333333 0.3537037037037037 0.5348958333333333 0.3537037037037037
2 0.525 0.5666666666666667 0.5302083333333333 0.5731481481481482 0.5296875 0.5805555555555556 0.525 0.5851851851851851 0.5166666666666667 0.5851851851851851 0.5109375 0.5787037037037037 0.5114583333333333 0.5712962962962963 0.5145833333333333 0.5666666666666667 0.5244791666666667 0.5666666666666667
2 0.5708333333333333 0.3212962962962963 0.5729166666666666 0.3277777777777778 0.5677083333333334 0.33055555555555555 0.5640625 0.3287037037037037 0.5635416666666667 0.32407407407407407 0.5703125 0.3212962962962963
2 0.5203125 0.42777777777777776 0.5260416666666666 0.42407407407407405 0.5333333333333333 0.425 0.5375 0.42777777777777776 0.5395833333333333 0.43333333333333335 0.5359375 0.44166666666666665 0.5276041666666667 0.44351851851851853 0.5197916666666667 0.43796296296296294 0.5203125 0.4287037037037037
2 0.26510416666666664 0.5388888888888889 0.271875 0.5425925925925926 0.27291666666666664 0.55 0.26458333333333334 0.5583333333333333 0.25833333333333336 0.5601851851851852 0.2526041666666667 0.5574074074074075 0.2515625 0.55 0.253125 0.5462962962962963 0.26458333333333334 0.5398148148148149
2 0.48489583333333336 0.42314814814814816 0.4895833333333333 0.42685185185185187 0.490625 0.43333333333333335 0.48385416666666664 0.44074074074074077 0.4734375 0.4398148148148148 0.46979166666666666 0.4351851851851852 0.46979166666666666 0.4305555555555556 0.475 0.42314814814814816 0.484375 0.42314814814814816
2 0.5239583333333333 0.33240740740740743 0.5270833333333333 0.33611111111111114 0.5270833333333333 0.3416666666666667 0.5197916666666667 0.34629629629629627 0.5140625 0.34444444444444444 0.5119791666666667 0.337037037037037 0.5145833333333333 0.33240740740740743 0.5234375 0.33240740740740743
2 0.56796875 0.38796296296296295 0.0109375 0.011111111111111112
2 0.5671875 0.48055555555555557 0.5760416666666667 0.49074074074074076 0.5609375 0.5009259259259259 0.5572916666666666 0.5009259259259259 0.5536458333333333 0.4962962962962963 0.553125 0.48703703703703705 0.5588541666666667 0.48055555555555557 0.5666666666666667 0.48055555555555557
2 0.446875 0.37592592592592594 0.44947916666666665 0.37037037037037035 0.4557291666666667 0.37037037037037035 0.4578125 0.375 0.4557291666666667 0.38055555555555554 0.44947916666666665 0.38055555555555554 0.4473958333333333 0.3768518518518518
2 0.6020833333333333 0.45092592592592595 0.6067708333333334 0.4601851851851852 0.6036458333333333 0.4666666666666667 0.5989583333333334 0.46944444444444444 0.5880208333333333 0.46574074074074073 0.5859375 0.462037037037037 0.5859375 0.4546296296296296 0.5916666666666667 0.44907407407407407 0.6015625 0.45092592592592595
2 0.515625 0.4685185185185185 0.5208333333333334 0.4787037037037037 0.51875 0.4842592592592593 0.5119791666666667 0.4888888888888889 0.5005208333333333 0.4842592592592593 0.49947916666666664 0.475 0.5041666666666667 0.4685185185185185 0.5151041666666667 0.4685185185185185
2 0.3734375 0.3472222222222222 0.3770833333333333 0.35185185185185186 0.37395833333333334 0.35555555555555557 0.36875 0.35185185185185186 0.3729166666666667 0.3472222222222222
2 0.5661458333333333 0.412962962962963 0.56875 0.4166666666666667 0.56875 0.4212962962962963 0.5604166666666667 0.42777777777777776 0.5510416666666667 0.42407407407407405 0.5489583333333333 0.41944444444444445 0.5494791666666666 0.41388888888888886 0.5557291666666667 0.40925925925925927 0.565625 0.412962962962963
1 0.029166666666666667 0.4703703703703704 0.03697916666666667 0.4759259259259259 0.040625 0.49444444444444446 0.05 0.5055555555555555 0.058333333333333334 0.5435185185185185 0.058333333333333334 0.5601851851851852 0.05260416666666667 0.5675925925925925 0.04375 0.5722222222222222 0.04010416666666667 0.5685185185185185 0.03177083333333333 0.5361111111111111 0.027604166666666666 0.5009259259259259 0.021875 0.49444444444444446 0.0203125 0.48703703703703705 0.0203125 0.47314814814814815 0.028645833333333332 0.4703703703703704
1 0.015625 0.4305555555555556 0.022395833333333334 0.4425925925925926 0.029166666666666667 0.46944444444444444 0.01875 0.47129629629629627 0.015104166666666667 0.43148148148148147
1 0.10989583333333333 0.5842592592592593 0.1125 0.5879629629629629 0.1125 0.6018518518518519 0.115625 0.6111111111111112 0.13072916666666667 0.6138888888888889 0.1375 0.625 0.13802083333333334 0.6398148148148148 0.1421875 0.6657407407407407 0.1515625 0.6972222222222222 0.15104166666666666 0.7083333333333334 0.14375 0.7185185185185186 0.12552083333333333 0.7342592592592593 0.11041666666666666 0.7425925925925926 0.103125 0.7425925925925926 0.0984375 0.7351851851851852 0.08958333333333333 0.675 0.0828125 0.6546296296296297 0.08333333333333333 0.6472222222222223 0.08697916666666666 0.637962962962963 0.09739583333333333 0.6268518518518519 0.09427083333333333 0.6046296296296296 0.0953125 0.5981481481481481 0.109375 0.5842592592592593
1 0.022395833333333334 0.4962962962962963 0.028125 0.5 0.033854166666666664 0.5370370370370371 0.04010416666666667 0.5527777777777778 0.0421875 0.5694444444444444 0.04010416666666667 0.5925925925925926 0.036458333333333336 0.5944444444444444 0.03229166666666667 0.5814814814814815 0.03177083333333333 0.5722222222222222 0.025520833333333333 0.5527777777777778 0.022395833333333334 0.5351851851851852 0.022395833333333334 0.49722222222222223
1 0.0765625 0.6055555555555555 0.08125 0.6129629629629629 0.0828125 0.6212962962962963 0.08958333333333333 0.6296296296296297 0.084375 0.6407407407407407 0.08177083333333333 0.6546296296296297 0.08854166666666667 0.675 0.0953125 0.7240740740740741 0.09322916666666667 0.7287037037037037 0.0859375 0.7305555555555555 0.07395833333333333 0.7296296296296296 0.06614583333333333 0.7203703703703703 0.06197916666666667 0.6925925925925925 0.05677083333333333 0.6722222222222223 0.057291666666666664 0.6518518518518519 0.06458333333333334 0.6296296296296297 0.0640625 0.6166666666666667 0.06666666666666667 0.5916666666666667 0.07083333333333333 0.5888888888888889 0.07604166666666666 0.6055555555555555
1 0.1203125 0.55 0.12291666666666666 0.5592592592592592 0.1234375 0.5777777777777777 0.12916666666666668 0.5842592592592593 0.13489583333333333 0.5981481481481481 0.14375 0.6055555555555555 0.15052083333333333 0.6240740740740741 0.15260416666666668 0.6388888888888888 0.15208333333333332 0.6564814814814814 0.15052083333333333 0.6694444444444444 0.14739583333333334 0.674074074074074 0.14479166666666668 0.6703703703703704 0.14010416666666667 0.65 0.13645833333333332 0.6203703703703703 0.12708333333333333 0.6101851851851852 0.11614583333333334 0.6101851851851852 0.1125 0.5972222222222222 0.11302083333333333 0.5861111111111111 0.10677083333333333 0.5814814814814815 0.10572916666666667 0.575925925925926 0.09479166666666666 0.5777777777777777 0.09739583333333333 0.575925925925926 0.09739583333333333 0.5675925925925925 0.09114583333333333 0.5675925925925925 0.09322916666666667 0.5601851851851852 0.09166666666666666 0.5583333333333333 0.0921875 0.5518518518518518 0.10885416666666667 0.5481481481481482 0.11979166666666667 0.55
1 0.7369791666666666 0.2796296296296296 0.7421875 0.28425925925925927 0.7416666666666667 0.2962962962962963 0.7458333333333333 0.3037037037037037 0.7458333333333333 0.31296296296296294 0.7375 0.3972222222222222 0.7354166666666667 0.4009259259259259 0.715625 0.4 0.7125 0.3962962962962963 0.7151041666666667 0.387037037037037 0.7161458333333334 0.3638888888888889 0.7197916666666667 0.3425925925925926 0.7203125 0.30648148148148147 0.7286458333333333 0.2935185185185185 0.7307291666666667 0.2814814814814815 0.7364583333333333 0.2796296296296296
1 0.7135416666666666 0.2740740740740741 0.7161458333333334 0.27870370370370373 0.7151041666666667 0.30648148148148147 0.7177083333333333 0.31574074074074077 0.7177083333333333 0.3490740740740741 0.7119791666666667 0.3962962962962963 0.7083333333333334 0.4009259259259259 0.6921875 0.4 0.6901041666666666 0.39537037037037037 0.6953125 0.32407407407407407 0.7020833333333333 0.29259259259259257 0.703125 0.27870370370370373 0.70625 0.2740740740740741 0.7130208333333333 0.2740740740740741
1 0.022395833333333334 0.4962962962962963 0.0265625 0.49722222222222223 0.028125 0.5009259259259259 0.033854166666666664 0.5388888888888889 0.041666666666666664 0.5703703703703704 0.041666666666666664 0.5833333333333334 0.03958333333333333 0.5925925925925926 0.0359375 0.5944444444444444 0.0328125 0.5851851851851851 0.03177083333333333 0.5731481481481482 0.025520833333333333 0.5537037037037037 0.022395833333333334 0.5361111111111111 0.022395833333333334 0.49722222222222223