0 0.4822916666666667 0.22407407407407406 0.48385416666666664 0.24074074074074073 0.515625 0.34814814814814815 0.5166666666666667 0.35462962962962963 0.5145833333333333 0.3592592592592593 0.5098958333333333 0.35555555555555557 0.4796875 0.24722222222222223 0.47239583333333335 0.2324074074074074 0.4765625 0.22407407407407406 0.4817708333333333 0.22407407407407406
0 0.5072916666666667 0.16203703703703703 0.55 0.21666666666666667 0.5609375 0.225 0.5640625 0.23703703703703705 0.5630208333333333 0.24351851851851852 0.5583333333333333 0.25092592592592594 0.5526041666666667 0.2490740740740741 0.534375 0.2175925925925926 0.5213541666666667 0.20925925925925926 0.5010416666666667 0.18425925925925926 0.496875 0.17685185185185184 0.4973958333333333 0.16574074074074074 0.5015625 0.15925925925925927 0.5067708333333333 0.16203703703703703
0 0.6109375 0.44351851851851853 0.6130208333333333 0.44722222222222224 0.61875 0.48333333333333334 0.6145833333333334 0.49444444444444446 0.6078125 0.49074074074074076 0.6036458333333333 0.45555555555555555 0.6036458333333333 0.44722222222222224 0.60625 0.44351851851851853 0.6104166666666667 0.44351851851851853
0 0.4973958333333333 0.31574074074074077 0.5098958333333333 0.35648148148148145 0.5145833333333333 0.3648148148148148 0.5140625 0.3731481481481482 0.5057291666666667 0.3824074074074074 0.49895833333333334 0.37592592592592594 0.4901041666666667 0.3287037037037037 0.490625 0.32037037037037036 0.496875 0.31574074074074077
0 0.5213541666666667 0.600925925925926 0.5229166666666667 0.6055555555555555 0.521875 0.6148148148148148 0.5125 0.6324074074074074 0.5078125 0.6324074074074074 0.5041666666666667 0.6277777777777778 0.5036458333333333 0.6129629629629629 0.5125 0.600925925925926 0.5208333333333334 0.600925925925926
0 0.5427083333333333 0.3074074074074074 0.5473958333333333 0.3111111111111111 0.5567708333333333 0.3277777777777778 0.5682291666666667 0.33796296296296297 0.5677083333333334 0.3537037037037037 0.5640625 0.36018518518518516 0.5598958333333334 0.36203703703703705 0.5541666666666667 0.35648148148148145 0.5479166666666667 0.34074074074074073 0.5380208333333333 0.32407407407407407 0.5369791666666667 0.3111111111111111 0.5421875 0.3074074074074074
0 0.5322916666666667 0.35 0.5390625 0.37222222222222223 0.534375 0.3787037037037037 0.5302083333333333 0.37592592592592594 0.5286458333333334 0.3638888888888889 0.5286458333333334 0.35185185185185186 0.5317708333333333 0.35
0 0.4869791666666667 0.4351851851851852 0.0375 0.10925925925925926
0 0.5875 0.32592592592592595 0.5895833333333333 0.33240740740740743 0.5932291666666667 0.3685185185185185 0.5973958333333333 0.3787037037037037 0.596875 0.3851851851851852 0.5911458333333334 0.3888888888888889 0.5869791666666667 0.3851851851851852 0.5864583333333333 0.3675925925925926 0.5817708333333333 0.33425925925925926 0.5833333333333334 0.32592592592592595 0.5869791666666667 0.32592592592592595
2 0.5885416666666666 0.25092592592592594 0.5916666666666667 0.262037037037037 0.5911458333333334 0.2759259259259259 0.5890625 0.2814814814814815 0.5848958333333333 0.2777777777777778 0.5828125 0.2638888888888889 0.5838541666666667 0.25277777777777777 0.5880208333333333 0.25092592592592594
2 0.5036458333333333 0.5638888888888889 0.50625 0.5712962962962963 0.50625 0.5824074074074074 0.5020833333333333 0.5935185185185186 0.4973958333333333 0.5898148148148148 0.49635416666666665 0.5731481481481482 0.49895833333333334 0.562962962962963 0.503125 0.5638888888888889
2 0.5510416666666667 0.4166666666666667 0.5536458333333333 0.43333333333333335 0.55 0.44537037037037036 0.5463541666666667 0.44074074074074077 0.5453125 0.42314814814814816 0.5473958333333333 0.4166666666666667 0.5505208333333333 0.4166666666666667
2 0.53125 0.5592592592592592 0.007291666666666667 0.020370370370370372
2 0.46979166666666666 0.058333333333333334 0.4734375 0.05740740740740741 0.47604166666666664 0.06111111111111111 0.48072916666666665 0.08055555555555556 0.4796875 0.09814814814814815 0.4765625 0.10277777777777777 0.471875 0.09907407407407408 0.4671875 0.0712962962962963 0.46979166666666666 0.05925925925925926
2 0.5802083333333333 0.5398148148148149 0.5822916666666667 0.5453703703703704 0.5828125 0.5583333333333333 0.5796875 0.5703703703703704 0.5765625 0.5685185185185185 0.5744791666666667 0.5583333333333333 0.575 0.5435185185185185 0.5776041666666667 0.5388888888888889 0.5796875 0.5398148148148149
2 0.5265625 0.6333333333333333 0.5302083333333333 0.6425925925925926 0.5302083333333333 0.6574074074074074 0.5265625 0.6703703703703704 0.5229166666666667 0.6703703703703704 0.51875 0.6564814814814814 0.5208333333333334 0.6388888888888888 0.5229166666666667 0.6342592592592593 0.5260416666666666 0.6333333333333333
2 0.553125 0.4759259259259259 0.5546875 0.4787037037037037 0.5536458333333333 0.487962962962963 0.5510416666666667 0.4842592592592593 0.5510416666666667 0.4777777777777778 0.5526041666666667 0.4759259259259259
2 0.5625 0.6208333333333333 0.00625 0.019444444444444445
2 0.5520833333333334 0.6648148148148149 0.5536458333333333 0.6833333333333333 0.5505208333333333 0.6935185185185185 0.5458333333333333 0.6916666666666667 0.5442708333333334 0.6759259259259259 0.5473958333333333 0.6638888888888889 0.5515625 0.6648148148148149
2 0.58125 0.2074074074074074 0.5838541666666667 0.21203703703703702 0.5833333333333334 0.2212962962962963 0.58125 0.2222222222222222 0.5796875 0.21851851851851853 0.5807291666666666 0.20833333333333334
2 0.5364583333333334 0.4009259259259259 0.5395833333333333 0.4027777777777778 0.5427083333333333 0.4111111111111111 0.5432291666666667 0.42685185185185187 0.5416666666666666 0.43425925925925923 0.5375 0.43703703703703706 0.5338541666666666 0.4287037037037037 0.5338541666666666 0.4083333333333333 0.5359375 0.40185185185185185
2 0.5697916666666667 0.4064814814814815 0.5729166666666666 0.4111111111111111 0.5729166666666666 0.4222222222222222 0.5677083333333334 0.4222222222222222 0.5671875 0.41203703703703703 0.5692708333333333 0.4074074074074074
2 0.5489583333333333 0.611574074074074 0.010416666666666666 0.03611111111111111
2 0.5552083333333333 0.17407407407407408 0.5588541666666667 0.18981481481481483 0.5583333333333333 0.20277777777777778 0.55625 0.20833333333333334 0.5515625 0.20277777777777778 0.5489583333333333 0.18888888888888888 0.55 0.17592592592592593 0.5515625 0.17314814814814813 0.5546875 0.17407407407407408
1 0.559375 0.8777777777777778 0.590625 0.8916666666666667 0.6088541666666667 0.8925925925925926 0.6161458333333333 0.9064814814814814 0.6223958333333334 0.9092592592592592 0.6239583333333333 0.9157407407407407 0.621875 0.9305555555555556 0.615625 0.9296296296296296 0.6098958333333333 0.937037037037037 0.5578125 0.9222222222222223 0.5557291666666667 0.9185185185185185 0.5557291666666667 0.8824074074074074 0.5567708333333333 0.8777777777777778 0.5588541666666667 0.8777777777777778
1 0.5588541666666667 0.8388888888888889 0.5979166666666667 0.8472222222222222 0.6244791666666667 0.8611111111111112 0.6270833333333333 0.8666666666666667 0.6260416666666667 0.8833333333333333 0.6088541666666667 0.8833333333333333 0.6020833333333333 0.8888888888888888 0.5854166666666667 0.887962962962963 0.5578125 0.8759259259259259 0.5557291666666667 0.8685185185185185 0.5557291666666667 0.8546296296296296 0.5583333333333333 0.8388888888888889