0 0.3375 0.30925925925925923 0.340625 0.3138888888888889 0.3411458333333333 0.32314814814814813 0.3328125 0.35648148148148145 0.328125 0.35648148148148145 0.3260416666666667 0.35 0.3265625 0.3175925925925926 0.32864583333333336 0.30925925925925923 0.33697916666666666 0.30925925925925923
0 0.309375 0.4166666666666667 0.31614583333333335 0.42962962962962964 0.31302083333333336 0.4444444444444444 0.3015625 0.4537037037037037 0.2786458333333333 0.48703703703703705 0.27239583333333334 0.5009259259259259 0.2552083333333333 0.5268518518518519 0.24375 0.5398148148148149 0.2390625 0.5398148148148149 0.23489583333333333 0.5351851851851852 0.23385416666666667 0.5259259259259259 0.23697916666666666 0.5157407407407407 0.26979166666666665 0.475 0.2791666666666667 0.4583333333333333 0.2947916666666667 0.43796296296296294 0.3015625 0.41759259259259257 0.30885416666666665 0.4166666666666667
0 0.44895833333333335 0.37592592592592594 0.4552083333333333 0.37407407407407406 0.4578125 0.3768518518518518 0.45989583333333334 0.39166666666666666 0.4661458333333333 0.4111111111111111 0.4661458333333333 0.41759259259259257 0.4630208333333333 0.42314814814814816 0.4588541666666667 0.4222222222222222 0.4557291666666667 0.41759259259259257 0.44583333333333336 0.3962962962962963 0.44583333333333336 0.387037037037037 0.44895833333333335 0.3768518518518518
0 0.47552083333333334 0.4444444444444444 0.48125 0.45 0.48333333333333334 0.45925925925925926 0.4791666666666667 0.46944444444444444 0.47708333333333336 0.49166666666666664 0.4734375 0.49907407407407406 0.4666666666666667 0.49444444444444446 0.4666666666666667 0.4527777777777778 0.4703125 0.44537037037037036 0.475 0.4444444444444444
0 0.5604166666666667 0.3388888888888889 0.575 0.35648148148148145 0.5770833333333333 0.3611111111111111 0.5765625 0.36574074074074076 0.5744791666666667 0.36944444444444446 0.5703125 0.36944444444444446 0.5671875 0.3648148148148148 0.5557291666666667 0.3592592592592593 0.5541666666666667 0.35555555555555557 0.5546875 0.3453703703703704 0.5598958333333334 0.3398148148148148
0 0.5015625 0.30092592592592593 0.5104166666666666 0.32685185185185184 0.5109375 0.33425925925925926 0.5088541666666667 0.3388888888888889 0.5020833333333333 0.3351851851851852 0.4947916666666667 0.31574074074074077 0.4947916666666667 0.30462962962962964 0.4973958333333333 0.30092592592592593 0.5010416666666667 0.30092592592592593
0 0.5635416666666667 0.3638888888888889 0.5671875 0.3648148148148148 0.56875 0.3685185185185185 0.565625 0.40370370370370373 0.5661458333333333 0.4203703703703704 0.5640625 0.42592592592592593 0.5614583333333333 0.42685185185185187 0.5583333333333333 0.42592592592592593 0.5567708333333333 0.4212962962962963 0.5604166666666667 0.3787037037037037 0.5635416666666667 0.3648148148148148
0 0.42239583333333336 0.42777777777777776 0.42604166666666665 0.4305555555555556 0.4276041666666667 0.43796296296296294 0.41875 0.45092592592592595 0.4140625 0.45092592592592595 0.41354166666666664 0.44722222222222224 0.421875 0.42777777777777776
0 0.2708333333333333 0.5435185185185185 0.2760416666666667 0.549074074074074 0.28854166666666664 0.5518518518518518 0.35 0.5564814814814815 0.35625 0.5611111111111111 0.35572916666666665 0.5675925925925925 0.34739583333333335 0.5685185185185185 0.2911458333333333 0.562037037037037 0.2682291666666667 0.5657407407407408 0.26614583333333336 0.562962962962963 0.26510416666666664 0.5509259259259259 0.2703125 0.5435185185185185
2 0.521875 0.5685185185185185 0.5265625 0.5703703703703704 0.5307291666666667 0.5777777777777777 0.528125 0.5861111111111111 0.5229166666666667 0.5888888888888889 0.5135416666666667 0.5861111111111111 0.5109375 0.5814814814814815 0.5119791666666667 0.5722222222222222 0.5213541666666667 0.5685185185185185
2 0.5817708333333333 0.3138888888888889 0.5880208333333333 0.3175925925925926 0.5885416666666666 0.325 0.5864583333333333 0.32685185185185184 0.5723958333333333 0.32407407407407407 0.571875 0.32037037037037036 0.5739583333333333 0.31574074074074077 0.58125 0.3138888888888889
2 0.5151041666666667 0.35462962962962963 0.5203125 0.3574074074074074 0.521875 0.36203703703703705 0.5177083333333333 0.36944444444444446 0.5088541666666667 0.36944444444444446 0.5041666666666667 0.3648148148148148 0.5052083333333334 0.3574074074074074 0.5145833333333333 0.35462962962962963
2 0.39895833333333336 0.30648148148148147 0.40208333333333335 0.30925925925925923 0.40260416666666665 0.3175925925925926 0.39739583333333334 0.32222222222222224 0.38958333333333334 0.32037037037037036 0.3885416666666667 0.3138888888888889 0.39114583333333336 0.30925925925925923 0.3984375 0.30648148148148147
2 0.4875 0.5527777777777778 0.4942708333333333 0.5611111111111111 0.4947916666666667 0.5666666666666667 0.49166666666666664 0.5740740740740741 0.484375 0.5787037037037037 0.4744791666666667 0.575925925925926 0.46979166666666666 0.5657407407407408 0.4739583333333333 0.5555555555555556 0.4869791666666667 0.5527777777777778
2 0.5869791666666667 0.5231481481481481 0.5932291666666667 0.5305555555555556 0.5932291666666667 0.5361111111111111 0.5848958333333333 0.5444444444444444 0.5744791666666667 0.5416666666666666 0.5697916666666667 0.5361111111111111 0.5692708333333333 0.5314814814814814 0.5744791666666667 0.5222222222222223 0.5864583333333333 0.5231481481481481
2 0.41015625 0.3523148148148148 0.0109375 0.010185185185185186
2 0.5786458333333333 0.44907407407407407 0.5838541666666667 0.4527777777777778 0.5854166666666667 0.46111111111111114 0.58125 0.4675925925925926 0.5744791666666667 0.46944444444444444 0.5661458333333333 0.4638888888888889 0.5640625 0.4564814814814815 0.5671875 0.45 0.578125 0.44907407407407407
2 0.434375 0.41759259259259257 0.43802083333333336 0.4212962962962963 0.4375 0.425 0.43333333333333335 0.4287037037037037 0.428125 0.42777777777777776 0.4265625 0.42407407407407405 0.42864583333333334 0.4185185185185185 0.43385416666666665 0.41759259259259257
2 0.49583333333333335 0.4166666666666667 0.4953125 0.4212962962962963 0.4901041666666667 0.4212962962962963 0.49114583333333334 0.41574074074074074 0.4953125 0.4166666666666667
2 0.5161458333333333 0.4722222222222222 0.51875 0.475 0.5203125 0.48333333333333334 0.5135416666666667 0.49074074074074076 0.5026041666666666 0.4888888888888889 0.49947916666666664 0.4842592592592593 0.49895833333333334 0.4787037037037037 0.5041666666666667 0.47129629629629627 0.515625 0.4722222222222222
2 0.4119791666666667 0.30277777777777776 0.4161458333333333 0.30648148148148147 0.4161458333333333 0.31203703703703706 0.40625 0.31666666666666665 0.403125 0.31574074074074077 0.40208333333333335 0.30648148148148147 0.4114583333333333 0.30277777777777776
2 0.3765625 0.3509259259259259 0.3765625 0.35555555555555557 0.3729166666666667 0.3574074074074074 0.3692708333333333 0.35648148148148145 0.36875 0.35185185185185186 0.3723958333333333 0.3490740740740741 0.37604166666666666 0.3509259259259259
2 0.27239583333333334 0.5425925925925926 0.2755208333333333 0.5472222222222223 0.2671875 0.5453703703703704 0.26458333333333334 0.5509259259259259 0.265625 0.562037037037037 0.2604166666666667 0.562962962962963 0.25625 0.562962962962963 0.253125 0.5583333333333333 0.25416666666666665 0.5481481481481482 0.26145833333333335 0.5416666666666666 0.271875 0.5425925925925926
1 0.03697916666666667 0.4685185185185185 0.04479166666666667 0.475 0.046875 0.49537037037037035 0.057291666666666664 0.5425925925925926 0.058333333333333334 0.5555555555555556 0.057291666666666664 0.562037037037037 0.05364583333333333 0.5675925925925925 0.043229166666666666 0.5722222222222222 0.03958333333333333 0.5675925925925925 0.034895833333333334 0.5527777777777778 0.026041666666666668 0.49907407407407406 0.022395833333333334 0.49537037037037035 0.0109375 0.49444444444444446 0.009895833333333333 0.49166666666666664 0.0109375 0.48333333333333334 0.016666666666666666 0.4759259259259259 0.036458333333333336 0.4685185185185185
1 0.027604166666666666 0.42314814814814816 0.03229166666666667 0.43148148148148147 0.034895833333333334 0.4666666666666667 0.0203125 0.47314814814814815 0.014583333333333334 0.4703703703703704 0.0078125 0.44722222222222224 0.0067708333333333336 0.43333333333333335 0.008854166666666666 0.4287037037037037 0.015625 0.42407407407407405 0.027083333333333334 0.42314814814814816
1 0 0.45092592592592595 0.008854166666666666 0.45185185185185184 0.015625 0.47314814814814815 0.008854166666666666 0.49444444444444446 0 0.4925925925925926 0 0.45185185185185184
1 0.11145833333333334 0.5861111111111111 0.11302083333333333 0.5879629629629629 0.1125 0.5944444444444444 0.11614583333333334 0.612037037037037 0.13020833333333334 0.6148148148148148 0.13697916666666668 0.6259259259259259 0.14114583333333333 0.6666666666666666 0.15052083333333333 0.6962962962962963 0.15104166666666666 0.7074074074074074 0.14791666666666667 0.7148148148148148 0.140625 0.7231481481481481 0.109375 0.7444444444444445 0.1015625 0.7435185185185185 0.0984375 0.7388888888888889 0.0953125 0.7268518518518519 0.09114583333333333 0.6898148148148148 0.08229166666666667 0.65 0.08489583333333334 0.6416666666666667 0.09635416666666667 0.6259259259259259 0.09427083333333333 0.6092592592592593 0.0953125 0.5990740740740741 0.10416666666666667 0.5879629629629629 0.1109375 0.5861111111111111
1 0.7411458333333333 0.2861111111111111 0.7416666666666667 0.30092592592592593 0.7447916666666666 0.30648148148148147 0.7453125 0.3138888888888889 0.7375 0.3972222222222222 0.734375 0.4046296296296296 0.7151041666666667 0.40370370370370373 0.7119791666666667 0.39814814814814814 0.7182291666666667 0.3537037037037037 0.7208333333333333 0.31296296296296294 0.7276041666666667 0.2972222222222222 0.7302083333333333 0.2851851851851852 0.740625 0.2861111111111111
1 0.11302083333333333 0.549074074074074 0.1203125 0.5537037037037037 0.12395833333333334 0.5805555555555556 0.128125 0.5842592592592593 0.1328125 0.5953703703703703 0.1421875 0.6055555555555555 0.14739583333333334 0.6166666666666667 0.15208333333333332 0.6407407407407407 0.15208333333333332 0.6574074074074074 0.1484375 0.674074074074074 0.1453125 0.6731481481481482 0.14270833333333333 0.6666666666666666 0.13645833333333332 0.6222222222222222 0.13020833333333334 0.6138888888888889 0.11614583333333334 0.6092592592592593 0.11510416666666666 0.5879629629629629 0.10885416666666667 0.5814814814814815 0.1046875 0.5611111111111111 0.1078125 0.55 0.1125 0.549074074074074
1 0.078125 0.6101851851851852 0.08125 0.6175925925925926 0.08385416666666666 0.6388888888888888 0.08177083333333333 0.6564814814814814 0.09166666666666666 0.6962962962962963 0.09375 0.7194444444444444 0.09270833333333334 0.7287037037037037 0.0859375 0.7305555555555555 0.07135416666666666 0.7296296296296296 0.065625 0.7222222222222222 0.05572916666666667 0.6722222222222223 0.057291666666666664 0.65 0.06354166666666666 0.6324074074074074 0.06614583333333333 0.5916666666666667 0.0703125 0.5907407407407408 0.07760416666666667 0.6101851851851852
1 0.7125 0.2777777777777778 0.715625 0.2824074074074074 0.7145833333333333 0.2972222222222222 0.7182291666666667 0.3138888888888889 0.7182291666666667 0.33055555555555555 0.7161458333333334 0.36203703703703705 0.7109375 0.4009259259259259 0.70625 0.4046296296296296 0.6921875 0.40370370370370373 0.6901041666666666 0.4009259259259259 0.6890625 0.3925925925925926 0.6911458333333333 0.3824074074074074 0.6958333333333333 0.31666666666666665 0.7015625 0.2972222222222222 0.703125 0.2814814814814815 0.70625 0.2777777777777778 0.7119791666666667 0.2777777777777778
1 0.024479166666666666 0.49722222222222223 0.0265625 0.5 0.027604166666666666 0.5157407407407407 0.04114583333333333 0.5787037037037037 0.03958333333333333 0.5935185185185186 0.0265625 0.6037037037037037 0.013541666666666667 0.6018518518518519 0.0109375 0.5898148148148148 0.0036458333333333334 0.5814814814814815 0.0020833333333333333 0.562037037037037 0 0.5592592592592592 0 0.5 0.008333333333333333 0.4962962962962963 0.023958333333333335 0.49722222222222223