0 0.4942708333333333 0.2462962962962963 0.5036458333333333 0.2657407407407407 0.5171875 0.28055555555555556 0.5322916666666667 0.30277777777777776 0.5328125 0.30833333333333335 0.5302083333333333 0.31296296296296294 0.521875 0.3055555555555556 0.4947916666666667 0.2638888888888889 0.4864583333333333 0.2574074074074074 0.4864583333333333 0.25092592592592594 0.4890625 0.24537037037037038 0.49375 0.2462962962962963
0 0.4296875 0.37592592592592594 0.44583333333333336 0.38981481481481484 0.44583333333333336 0.3990740740740741 0.44166666666666665 0.40370370370370373 0.4265625 0.4009259259259259 0.421875 0.39444444444444443 0.42291666666666666 0.38055555555555554 0.42916666666666664 0.37592592592592594
0 0.5265625 0.5268518518518519 0.5302083333333333 0.5324074074074074 0.53125 0.5407407407407407 0.525 0.5509259259259259 0.5213541666666667 0.562037037037037 0.49895833333333334 0.6398148148148148 0.49635416666666665 0.6388888888888888 0.4953125 0.6324074074074074 0.5 0.6092592592592593 0.509375 0.5796296296296296 0.5203125 0.5314814814814814 0.5260416666666666 0.5268518518518519
0 0.4713541666666667 0.6175925925925926 0.47552083333333334 0.6268518518518519 0.475 0.6314814814814815 0.4640625 0.6583333333333333 0.46145833333333336 0.6583333333333333 0.4588541666666667 0.6537037037037037 0.46145833333333336 0.6222222222222222 0.4661458333333333 0.6157407407407407 0.4708333333333333 0.6175925925925926
0 0.3953125 0.1648148148148148 0.4 0.1675925925925926 0.4005208333333333 0.17685185185185184 0.39739583333333334 0.22592592592592592 0.3953125 0.3314814814814815 0.39375 0.3351851851851852 0.39010416666666664 0.3351851851851852 0.38697916666666665 0.3296296296296296 0.38697916666666665 0.2851851851851852 0.3875 0.23981481481481481 0.390625 0.1925925925925926 0.38958333333333334 0.1685185185185185 0.39114583333333336 0.1648148148148148 0.39479166666666665 0.1648148148148148
0 0.5005208333333333 0.33101851851851855 0.027083333333333334 0.06018518518518518
0 0.46197916666666666 0.3101851851851852 0.4635416666666667 0.31574074074074077 0.4625 0.325 0.44895833333333335 0.34814814814814815 0.44635416666666666 0.35648148148148145 0.440625 0.362962962962963 0.4328125 0.35555555555555557 0.43125 0.3490740740740741 0.4322916666666667 0.33796296296296297 0.44427083333333334 0.3277777777777778 0.45364583333333336 0.3111111111111111 0.4578125 0.30833333333333335 0.46145833333333336 0.3101851851851852
0 0.4713541666666667 0.3490740740740741 0.46979166666666666 0.3611111111111111 0.4635416666666667 0.37222222222222223 0.4588541666666667 0.3675925925925926 0.4583333333333333 0.3611111111111111 0.465625 0.3509259259259259 0.4708333333333333 0.3490740740740741
0 0.4119791666666667 0.3277777777777778 0.415625 0.32685185185185184 0.41822916666666665 0.33055555555555555 0.41302083333333334 0.387037037037037 0.4088541666666667 0.38981481481481484 0.40260416666666665 0.38333333333333336 0.40677083333333336 0.37037037037037035 0.4119791666666667 0.3287037037037037
2 0.4505208333333333 0.4981481481481482 0.45208333333333334 0.5027777777777778 0.4510416666666667 0.5092592592592593 0.4484375 0.5074074074074074 0.45 0.4981481481481482
2 0.4239583333333333 0.5407407407407407 0.42552083333333335 0.5462962962962963 0.42552083333333335 0.5638888888888889 0.42239583333333336 0.5722222222222222 0.4203125 0.5722222222222222 0.41822916666666665 0.5666666666666667 0.4171875 0.55 0.4197916666666667 0.5407407407407407 0.4234375 0.5407407407407407
2 0.5442708333333334 0.5203703703703704 0.5479166666666667 0.5305555555555556 0.5479166666666667 0.5453703703703704 0.5442708333333334 0.5546296296296296 0.5411458333333333 0.5546296296296296 0.5369791666666667 0.5416666666666666 0.5375 0.5268518518518519 0.5401041666666667 0.5212962962962963 0.54375 0.5203703703703704
2 0.403125 0.6138888888888889 0.4046875 0.6203703703703703 0.403125 0.6305555555555555 0.39947916666666666 0.6268518518518519 0.39947916666666666 0.6175925925925926 0.40260416666666665 0.6138888888888889
2 0.46510416666666665 0.5361111111111111 0.46822916666666664 0.5546296296296296 0.4671875 0.5648148148148148 0.4635416666666667 0.5712962962962963 0.4588541666666667 0.5657407407407408 0.45729166666666665 0.5472222222222223 0.459375 0.5370370370370371 0.46458333333333335 0.5361111111111111
2 0.5317708333333333 0.06018518518518518 0.5333333333333333 0.07777777777777778 0.528125 0.09722222222222222 0.5239583333333333 0.09537037037037037 0.5223958333333333 0.07685185185185185 0.5260416666666666 0.062037037037037036 0.53125 0.06018518518518518
2 0.459375 0.44814814814814813 0.4635416666666667 0.44722222222222224 0.4666666666666667 0.4583333333333333 0.4666666666666667 0.4722222222222222 0.46458333333333335 0.48148148148148145 0.4625 0.4842592592592593 0.4588541666666667 0.4824074074074074 0.45625 0.4601851851851852 0.459375 0.44907407407407407
2 0.4109375 0.5231481481481481 0.41354166666666664 0.5361111111111111 0.4125 0.5462962962962963 0.40989583333333335 0.55 0.40625 0.5462962962962963 0.40520833333333334 0.5314814814814814 0.40729166666666666 0.5231481481481481 0.41041666666666665 0.5231481481481481
2 0.43697916666666664 0.6208333333333333 0.00625 0.019444444444444445
2 0.496875 0.5953703703703703 0.5005208333333333 0.6027777777777777 0.5005208333333333 0.6092592592592593 0.4947916666666667 0.6361111111111111 0.4890625 0.6203703703703703 0.4890625 0.6055555555555555 0.49270833333333336 0.5953703703703703 0.49635416666666665 0.5953703703703703
2 0.43020833333333336 0.4064814814814815 0.4328125 0.4111111111111111 0.4322916666666667 0.42407407407407405 0.4296875 0.42592592592592593 0.4265625 0.41944444444444445 0.4270833333333333 0.4111111111111111 0.4296875 0.4074074074074074
2 0.4786458333333333 0.6537037037037037 0.4822916666666667 0.6648148148148149 0.4828125 0.6768518518518518 0.48125 0.6851851851851852 0.47760416666666666 0.6907407407407408 0.47239583333333335 0.6824074074074075 0.4713541666666667 0.6638888888888889 0.4744791666666667 0.6537037037037037 0.478125 0.6537037037037037
2 0.49114583333333334 0.5018518518518519 0.49375 0.5222222222222223 0.49114583333333334 0.5342592592592592 0.48802083333333335 0.537962962962963 0.4822916666666667 0.5287037037037037 0.4817708333333333 0.512962962962963 0.48489583333333336 0.5009259259259259 0.490625 0.5018518518518519
2 0.4166666666666667 0.2675925925925926 0.41875 0.2722222222222222 0.41822916666666665 0.28055555555555556 0.4166666666666667 0.2824074074074074 0.41458333333333336 0.2796296296296296 0.4140625 0.2740740740740741 0.4161458333333333 0.26851851851851855
2 0.4546875 0.5879629629629629 0.4578125 0.5935185185185186 0.459375 0.6083333333333333 0.4557291666666667 0.6231481481481481 0.4515625 0.6203703703703703 0.44895833333333335 0.6064814814814815 0.45 0.5925925925925926 0.45416666666666666 0.5879629629629629
1 0.39739583333333334 0.8907407407407407 0.4114583333333333 0.8916666666666667 0.4234375 0.8851851851851852 0.43645833333333334 0.8833333333333333 0.4421875 0.8787037037037037 0.44427083333333334 0.8935185185185185 0.44427083333333334 0.9194444444444444 0.4421875 0.9231481481481482 0.39479166666666665 0.937962962962963 0.38958333333333334 0.937962962962963 0.3854166666666667 0.9305555555555556 0.3776041666666667 0.9305555555555556 0.37604166666666666 0.9166666666666666 0.378125 0.9092592592592592 0.38385416666666666 0.9074074074074074 0.39114583333333336 0.8925925925925926 0.396875 0.8907407407407407
1 0.4088541666666667 0.8629629629629629 0.071875 0.05