0 0.6661458333333333 0.6675925925925926 0.015625 0.05
0 0.7635416666666667 0.462037037037037 0.765625 0.47314814814814815 0.7625 0.48333333333333334 0.7296875 0.524074074074074 0.7203125 0.5407407407407407 0.7046875 0.5611111111111111 0.7015625 0.5666666666666667 0.7005208333333334 0.5768518518518518 0.6958333333333333 0.5833333333333334 0.6901041666666666 0.5824074074074074 0.6848958333333334 0.575 0.6833333333333333 0.5638888888888889 0.6864583333333333 0.5546296296296296 0.6979166666666666 0.5453703703703704 0.7510416666666667 0.46296296296296297 0.7557291666666667 0.45925925925925926 0.7630208333333334 0.462037037037037
0 0.534375 0.5777777777777777 0.540625 0.5768518518518518 0.5536458333333333 0.6027777777777777 0.5536458333333333 0.612037037037037 0.5505208333333333 0.6231481481481481 0.5427083333333333 0.6240740740740741 0.5333333333333333 0.5879629629629629 0.534375 0.5787037037037037
0 0.5270833333333333 0.5 0.5317708333333333 0.5027777777777778 0.5333333333333333 0.5083333333333333 0.5328125 0.5462962962962963 0.5307291666666667 0.5518518518518518 0.5260416666666666 0.5546296296296296 0.5203125 0.5527777777777778 0.5161458333333333 0.5398148148148149 0.5203125 0.5296296296296297 0.5223958333333333 0.5074074074074074 0.5265625 0.5
0 0.42916666666666664 0.6296296296296297 0.4322916666666667 0.6342592592592593 0.4421875 0.637962962962963 0.4453125 0.6435185185185185 0.44479166666666664 0.6537037037037037 0.4390625 0.6601851851851852 0.42291666666666666 0.6398148148148148 0.42291666666666666 0.6333333333333333 0.425 0.6296296296296297 0.42864583333333334 0.6296296296296297
0 0.4895833333333333 0.6611111111111111 0.4942708333333333 0.6601851851851852 0.4973958333333333 0.6638888888888889 0.5057291666666667 0.6888888888888889 0.503125 0.6972222222222222 0.4979166666666667 0.6981481481481482 0.4890625 0.6722222222222223 0.4895833333333333 0.6620370370370371
0 0.43697916666666664 0.6041666666666666 0.0125 0.06388888888888888
0 0.5791666666666667 0.5601851851851852 0.014583333333333334 0.024074074074074074
0 0.64375 0.43148148148148147 0.6630208333333333 0.4305555555555556 0.7083333333333334 0.43703703703703706 0.73125 0.43333333333333335 0.7333333333333333 0.4361111111111111 0.734375 0.4462962962962963 0.7296875 0.4564814814814815 0.7234375 0.45 0.7109375 0.44722222222222224 0.6494791666666667 0.4425925925925926 0.64375 0.4388888888888889 0.64375 0.4324074074074074
2 0.4796875 0.4101851851851852 0.4859375 0.412962962962963 0.48854166666666665 0.41759259259259257 0.4875 0.42685185185185187 0.4817708333333333 0.4305555555555556 0.47291666666666665 0.4287037037037037 0.46875 0.4212962962962963 0.4713541666666667 0.412962962962963 0.4791666666666667 0.4101851851851852
2 0.4265625 0.674074074074074 0.4270833333333333 0.6805555555555556 0.421875 0.6851851851851852 0.4119791666666667 0.6824074074074075 0.4109375 0.674074074074074 0.42604166666666665 0.674074074074074
2 0.49322916666666666 0.6314814814814815 0.4953125 0.6342592592592593 0.4947916666666667 0.6407407407407407 0.48854166666666665 0.6444444444444445 0.4791666666666667 0.6416666666666667 0.478125 0.6333333333333333 0.4817708333333333 0.6296296296296297 0.49270833333333336 0.6314814814814815
2 0.60625 0.6768518518518518 0.6098958333333333 0.6787037037037037 0.6109375 0.6851851851851852 0.609375 0.6888888888888889 0.6026041666666667 0.6925925925925925 0.5973958333333333 0.6898148148148148 0.596875 0.6814814814814815 0.6057291666666667 0.6768518518518518
2 0.5203125 0.4203703703703704 0.5260416666666666 0.42407407407407405 0.5296875 0.43148148148148147 0.5276041666666667 0.44074074074074077 0.5213541666666667 0.4462962962962963 0.5119791666666667 0.4462962962962963 0.5046875 0.4361111111111111 0.5078125 0.425 0.5197916666666667 0.4203703703703704
2 0.41875 0.4546296296296296 0.4270833333333333 0.45925925925925926 0.43020833333333336 0.46574074074074073 0.4276041666666667 0.4740740740740741 0.421875 0.4777777777777778 0.41354166666666664 0.47685185185185186 0.40625 0.4685185185185185 0.4078125 0.45925925925925926 0.41822916666666665 0.4546296296296296
2 0.5916666666666667 0.6425925925925926 0.5947916666666667 0.6462962962962963 0.5916666666666667 0.6518518518518519 0.5869791666666667 0.6518518518518519 0.584375 0.6481481481481481 0.5864583333333333 0.6435185185185185 0.5911458333333334 0.6425925925925926
2 0.425 0.5296296296296297 0.43333333333333335 0.5351851851851852 0.4354166666666667 0.5398148148148149 0.434375 0.5462962962962963 0.43020833333333336 0.55 0.42083333333333334 0.55 0.415625 0.5462962962962963 0.4140625 0.5425925925925926 0.41458333333333336 0.5361111111111111 0.41822916666666665 0.5314814814814814 0.4244791666666667 0.5305555555555556
2 0.5619791666666667 0.5740740740740741 0.5661458333333333 0.5703703703703704 0.5729166666666666 0.5740740740740741 0.5692708333333333 0.5814814814814815 0.5635416666666667 0.5805555555555556 0.5614583333333333 0.5777777777777777 0.5619791666666667 0.575
2 0.509375 0.5777777777777777 0.5083333333333333 0.5833333333333334 0.503125 0.5805555555555556 0.5041666666666667 0.5777777777777777 0.5088541666666667 0.5777777777777777
2 0.4979166666666667 0.5111111111111111 0.5005208333333333 0.5166666666666667 0.5 0.5231481481481481 0.49270833333333336 0.5287037037037037 0.4822916666666667 0.5259259259259259 0.4791666666666667 0.5157407407407407 0.4859375 0.5083333333333333 0.4973958333333333 0.5111111111111111
2 0.5903645833333333 0.6898148148148148 0.015104166666666667 0.014814814814814815
2 0.6302083333333334 0.6425925925925926 0.6307291666666667 0.6472222222222223 0.6270833333333333 0.65 0.6229166666666667 0.6481481481481481 0.6229166666666667 0.6435185185185185 0.6296875 0.6425925925925926
2 0.7432291666666667 0.4361111111111111 0.7463541666666667 0.44074074074074077 0.7453125 0.45092592592592595 0.7333333333333333 0.4583333333333333 0.7255208333333333 0.45555555555555555 0.7239583333333334 0.45185185185185184 0.7322916666666667 0.4537037037037037 0.7348958333333333 0.44814814814814813 0.7338541666666667 0.43703703703703706 0.7427083333333333 0.4361111111111111
1 0.95625 0.42685185185185187 0.9598958333333333 0.43148148148148147 0.9645833333333333 0.4462962962962963 0.9734375 0.5 0.9770833333333333 0.5037037037037037 0.9885416666666667 0.5046296296296297 0.9885416666666667 0.5157407407407407 0.9828125 0.5231481481481481 0.9697916666666667 0.5296296296296297 0.9625 0.5305555555555556 0.9552083333333333 0.5259259259259259 0.9526041666666667 0.5037037037037037 0.9421875 0.4564814814814815 0.9411458333333333 0.4425925925925926 0.9458333333333333 0.43148148148148147 0.9557291666666666 0.42777777777777776
1 0.9833333333333333 0.5259259259259259 0.9916666666666667 0.5518518518518518 0.9927083333333333 0.5657407407407408 0.9885416666666667 0.5722222222222222 0.9786458333333333 0.5768518518518518 0.96875 0.5731481481481482 0.9645833333333333 0.5324074074074074 0.9828125 0.5259259259259259
1 0.9973958333333334 0.5046296296296297 0.9994791666666667 0.5064814814814815 0.9994791666666667 0.5481481481481482 0.990625 0.5472222222222223 0.9838541666666667 0.5259259259259259 0.990625 0.5046296296296297 0.996875 0.5046296296296297
1 0.8979166666666667 0.25555555555555554 0.9036458333333334 0.26944444444444443 0.90625 0.2972222222222222 0.9171875 0.3490740740740741 0.9145833333333333 0.3574074074074074 0.903125 0.3731481481481482 0.9052083333333333 0.38981481481481484 0.9041666666666667 0.4 0.8984375 0.4083333333333333 0.8911458333333333 0.412962962962963 0.8864583333333333 0.4111111111111111 0.8869791666666667 0.4046296296296296 0.8833333333333333 0.387037037037037 0.8692708333333333 0.38425925925925924 0.8625 0.3731481481481482 0.8583333333333333 0.33240740740740743 0.8489583333333334 0.30277777777777776 0.8484375 0.2916666666666667 0.85625 0.27870370370370373 0.8723958333333334 0.26481481481481484 0.8901041666666667 0.25462962962962965 0.8973958333333333 0.25555555555555554
1 0.284375 0.5953703703703703 0.2875 0.600925925925926 0.28125 0.6453703703703704 0.2791666666666667 0.6833333333333333 0.2760416666666667 0.6953703703703704 0.271875 0.7018518518518518 0.26979166666666665 0.7129629629629629 0.2677083333333333 0.7148148148148148 0.25833333333333336 0.7129629629629629 0.2578125 0.6981481481481482 0.25416666666666665 0.6898148148148148 0.26197916666666665 0.6018518518518519 0.26510416666666664 0.5944444444444444 0.2838541666666667 0.5953703703703703
1 0.853125 0.325 0.8557291666666667 0.3287037037037037 0.859375 0.34444444444444444 0.8630208333333333 0.3768518518518518 0.8692708333333333 0.3851851851851852 0.8833333333333333 0.38981481481481484 0.884375 0.4111111111111111 0.890625 0.41759259259259257 0.8947916666666667 0.43796296296296294 0.8916666666666667 0.44907407407407407 0.8875 0.45 0.8791666666666667 0.44537037037037036 0.8755208333333333 0.4185185185185185 0.8713541666666667 0.4148148148148148 0.8666666666666667 0.40370370370370373 0.8572916666666667 0.39351851851851855 0.8494791666666667 0.3731481481481482 0.8473958333333333 0.3416666666666667 0.8494791666666667 0.32685185185185184 0.8526041666666667 0.325
1 0.925 0.26851851851851855 0.9338541666666667 0.27685185185185185 0.94375 0.32685185185185184 0.9421875 0.3490740740740741 0.9359375 0.36666666666666664 0.934375 0.4009259259259259 0.9322916666666666 0.40925925925925927 0.928125 0.4064814814814815 0.9244791666666666 0.39351851851851855 0.9182291666666667 0.3814814814814815 0.915625 0.36018518518518516 0.9177083333333333 0.3425925925925926 0.9078125 0.30277777777777776 0.9057291666666667 0.2796296296296296 0.9057291666666667 0.2722222222222222 0.9078125 0.26944444444444443 0.9244791666666666 0.26851851851851855
1 0.3026041666666667 0.5944444444444444 0.309375 0.5981481481481481 0.3104166666666667 0.6064814814814815 0.30833333333333335 0.6166666666666667 0.30364583333333334 0.6824074074074075 0.29791666666666666 0.7018518518518518 0.29635416666666664 0.7175925925925926 0.29322916666666665 0.7212962962962963 0.2869791666666667 0.7212962962962963 0.2838541666666667 0.7166666666666667 0.28489583333333335 0.7018518518518518 0.28125 0.6851851851851852 0.28229166666666666 0.6481481481481481 0.28854166666666664 0.5981481481481481 0.29322916666666665 0.5944444444444444 0.3020833333333333 0.5944444444444444
1 0.9848958333333333 0.3962962962962963 0.9875 0.4009259259259259 0.9885416666666667 0.40925925925925927 0.9958333333333333 0.41759259259259257 0.9973958333333334 0.43703703703703706 0.9994791666666667 0.4398148148148148 0.9994791666666667 0.49907407407407406 0.9911458333333333 0.5027777777777778 0.9770833333333333 0.5027777777777778 0.9729166666666667 0.49907407407407406 0.971875 0.48333333333333334 0.9583333333333334 0.4203703703703704 0.9588541666666667 0.4074074074074074 0.9614583333333333 0.40370370370370373 0.9729166666666667 0.39537037037037037 0.984375 0.3962962962962963