0 0.43125 0.26851851851851855 0.43385416666666665 0.29814814814814816 0.4354166666666667 0.3685185185185185 0.43802083333333336 0.3814814814814815 0.4354166666666667 0.387037037037037 0.42916666666666664 0.3824074074074074 0.43020833333333336 0.37222222222222223 0.4270833333333333 0.2722222222222222 0.428125 0.26851851851851855 0.43072916666666666 0.26851851851851855
0 0.5828125 0.4444444444444444 0.5791666666666667 0.42777777777777776 0.58125 0.4222222222222222 0.584375 0.4212962962962963 0.5880208333333333 0.42962962962962964 0.5885416666666666 0.4425925925925926 0.5848958333333333 0.4462962962962963 0.5833333333333334 0.4444444444444444
0 0.5364583333333334 0.16296296296296298 0.5401041666666667 0.21944444444444444 0.5411458333333333 0.29814814814814816 0.54375 0.32314814814814813 0.5427083333333333 0.33055555555555555 0.5375 0.33240740740740743 0.534375 0.3314814814814815 0.5317708333333333 0.32407407407407407 0.5328125 0.2898148148148148 0.5307291666666667 0.225 0.53125 0.17037037037037037 0.5328125 0.1638888888888889 0.5359375 0.16296296296296298
0 0.4979166666666667 0.33240740740740743 0.49947916666666664 0.36018518518518516 0.5015625 0.3675925925925926 0.5010416666666667 0.3731481481481482 0.4979166666666667 0.3768518518518518 0.49114583333333334 0.37592592592592594 0.4895833333333333 0.36944444444444446 0.4921875 0.3592592592592593 0.49270833333333336 0.33425925925925926 0.4942708333333333 0.3314814814814815 0.4973958333333333 0.33240740740740743
0 0.559375 0.2916666666666667 0.5609375 0.29444444444444445 0.5614583333333333 0.3314814814814815 0.559375 0.38333333333333336 0.5604166666666667 0.4111111111111111 0.5578125 0.4148148148148148 0.5536458333333333 0.41388888888888886 0.5520833333333334 0.4064814814814815 0.5541666666666667 0.38055555555555554 0.5552083333333333 0.2972222222222222 0.55625 0.29259259259259257 0.5588541666666667 0.2916666666666667
0 0.4822916666666667 0.35833333333333334 0.48333333333333334 0.3972222222222222 0.4817708333333333 0.4 0.47708333333333336 0.4 0.475 0.39444444444444443 0.4765625 0.3611111111111111 0.47760416666666666 0.3574074074074074 0.4817708333333333 0.35833333333333334
0 0.5880208333333333 0.33055555555555555 0.5895833333333333 0.3351851851851852 0.5880208333333333 0.39166666666666666 0.5854166666666667 0.39537037037037037 0.5791666666666667 0.39444444444444443 0.578125 0.38425925925925924 0.58125 0.3351851851851852 0.5828125 0.33055555555555555 0.5875 0.33055555555555555
0 0.4192708333333333 0.2796296296296296 0.42291666666666666 0.2824074074074074 0.42604166666666665 0.32314814814814813 0.42604166666666665 0.3296296296296296 0.421875 0.3333333333333333 0.4166666666666667 0.33240740740740743 0.4140625 0.3277777777777778 0.415625 0.3175925925925926 0.41458333333333336 0.2833333333333333 0.41875 0.2796296296296296
0 0.4546875 0.36944444444444446 0.45625 0.36666666666666664 0.46145833333333336 0.36944444444444446 0.4625 0.38981481481481484 0.46041666666666664 0.39351851851851855 0.45625 0.39351851851851855 0.4552083333333333 0.37037037037037035
0 0.4609375 0.2935185185185185 0.4609375 0.27685185185185185 0.4630208333333333 0.27314814814814814 0.46510416666666665 0.2759259259259259 0.4666666666666667 0.2935185185185185 0.46145833333333336 0.2935185185185185
0 0.578125 0.2564814814814815 0.5807291666666666 0.2611111111111111 0.58125 0.29814814814814816 0.58125 0.3037037037037037 0.5786458333333333 0.30833333333333335 0.5697916666666667 0.3055555555555556 0.5723958333333333 0.2638888888888889 0.5776041666666667 0.2564814814814815
2 0.6140625 0.45185185185185184 0.6140625 0.45740740740740743 0.6083333333333333 0.4546296296296296 0.609375 0.45092592592592595 0.6135416666666667 0.45185185185185184
2 0.5359375 0.3592592592592593 0.5411458333333333 0.36018518518518516 0.5395833333333333 0.3648148148148148 0.5359375 0.3638888888888889 0.5359375 0.36018518518518516
2 0.41458333333333336 0.30462962962962964 0.41458333333333336 0.3138888888888889 0.4088541666666667 0.3111111111111111 0.409375 0.30648148148148147 0.4140625 0.3055555555555556
2 0.6614583333333334 0.4388888888888889 0.6697916666666667 0.4462962962962963 0.6692708333333334 0.4527777777777778 0.665625 0.4564814814814815 0.6541666666666667 0.4546296296296296 0.6489583333333333 0.44722222222222224 0.6515625 0.44074074074074077 0.6609375 0.4388888888888889
2 0.39479166666666665 0.36944444444444446 0.3953125 0.3731481481481482 0.39375 0.375 0.390625 0.37407407407407406 0.39010416666666664 0.37037037037037035 0.39427083333333335 0.36944444444444446
2 0.5447916666666667 0.45 0.5473958333333333 0.45555555555555555 0.5447916666666667 0.45925925925925926 0.5401041666666667 0.4583333333333333 0.5385416666666667 0.4546296296296296 0.540625 0.45 0.5442708333333334 0.45
2 0.5815104166666667 0.47129629629629627 0.008854166666666666 0.011111111111111112
2 0.39427083333333335 0.4777777777777778 0.4005208333333333 0.4824074074074074 0.4010416666666667 0.49074074074074076 0.39375 0.4981481481481482 0.384375 0.49722222222222223 0.3802083333333333 0.49074074074074076 0.384375 0.48055555555555557 0.39375 0.4777777777777778
2 0.4583333333333333 0.36018518518518516 0.015625 0.014814814814814815
2 0.3692708333333333 0.36203703703703705 0.3697916666666667 0.35833333333333334 0.3734375 0.35833333333333334 0.3729166666666667 0.362962962962963 0.3697916666666667 0.36203703703703705
2 0.4739583333333333 0.45925925925925926 0.47604166666666664 0.462037037037037 0.47604166666666664 0.4666666666666667 0.4739583333333333 0.46944444444444444 0.46822916666666664 0.4666666666666667 0.46927083333333336 0.4601851851851852 0.4734375 0.45925925925925926
2 0.42135416666666664 0.3638888888888889 0.42239583333333336 0.36944444444444446 0.41875 0.37222222222222223 0.415625 0.3675925925925926 0.42083333333333334 0.3638888888888889
2 0.45364583333333336 0.4444444444444444 0.45677083333333335 0.44907407407407407 0.45625 0.45555555555555555 0.44947916666666665 0.462037037037037 0.4401041666666667 0.4601851851851852 0.43645833333333334 0.45555555555555555 0.4359375 0.45 0.44427083333333334 0.4425925925925926 0.453125 0.4444444444444444
2 0.5359375 0.3851851851851852 0.5385416666666667 0.387037037037037 0.5390625 0.39351851851851855 0.5359375 0.3962962962962963 0.5296875 0.39351851851851855 0.5307291666666667 0.387037037037037 0.5354166666666667 0.3861111111111111
2 0.5731770833333333 0.43194444444444446 0.009895833333333333 0.010185185185185186
2 0.39739583333333334 0.4083333333333333 0.396875 0.40370370370370373 0.39947916666666666 0.4 0.40520833333333334 0.4 0.40677083333333336 0.40370370370370373 0.4041666666666667 0.40925925925925927 0.39791666666666664 0.4083333333333333
2 0.5546875 0.42592592592592593 0.5604166666666667 0.4287037037037037 0.5630208333333333 0.43333333333333335 0.5630208333333333 0.4388888888888889 0.5588541666666667 0.44351851851851853 0.55 0.44351851851851853 0.5442708333333334 0.4351851851851852 0.5463541666666667 0.4287037037037037 0.5541666666666667 0.42592592592592593
2 0.59375 0.032407407407407406 0.6026041666666667 0.030555555555555555 0.60625 0.032407407407407406 0.6067708333333334 0.03611111111111111 0.6057291666666667 0.05092592592592592 0.6015625 0.05740740740740741 0.5947916666666667 0.058333333333333334 0.590625 0.04722222222222222 0.590625 0.040740740740740744 0.59375 0.03333333333333333
2 0.5052083333333334 0.4703703703703704 0.5088541666666667 0.4740740740740741 0.5098958333333333 0.48148148148148145 0.503125 0.4888888888888889 0.49583333333333335 0.4888888888888889 0.490625 0.48518518518518516 0.4890625 0.4759259259259259 0.4947916666666667 0.4703703703703704 0.5046875 0.4703703703703704
2 0.6203125 0.3675925925925926 0.6229166666666667 0.37037037037037035 0.6229166666666667 0.37592592592592594 0.6177083333333333 0.37962962962962965 0.6109375 0.3768518518518518 0.609375 0.37037037037037035 0.6145833333333334 0.36666666666666664 0.6197916666666666 0.3675925925925926
2 0.59375 0.29444444444444445 0.6036458333333333 0.2916666666666667 0.6078125 0.2953703703703704 0.6078125 0.3 0.6041666666666666 0.3037037037037037 0.5958333333333333 0.30277777777777776 0.5932291666666667 0.29907407407407405 0.59375 0.2953703703703704
2 0.41458333333333336 0.3055555555555556 0.41458333333333336 0.3138888888888889 0.4109375 0.3138888888888889 0.4083333333333333 0.3101851851851852 0.41041666666666665 0.3055555555555556 0.4140625 0.3055555555555556
2 0.5994791666666667 0.4638888888888889 0.6052083333333333 0.4648148148148148 0.6052083333333333 0.4685185185185185 0.603125 0.46944444444444444 0.6 0.4685185185185185 0.5994791666666667 0.4648148148148148
2 0.4390625 0.2861111111111111 0.440625 0.29259259259259257 0.43645833333333334 0.29814814814814816 0.434375 0.2972222222222222 0.434375 0.28888888888888886 0.43854166666666666 0.2861111111111111
1 0.9364583333333333 0.4046296296296296 0.9421875 0.4111111111111111 0.9427083333333334 0.4324074074074074 0.9385416666666667 0.4425925925925926 0.9328125 0.4462962962962963 0.9223958333333333 0.44351851851851853 0.9197916666666667 0.42407407407407405 0.9213541666666667 0.41574074074074074 0.9265625 0.40555555555555556 0.9359375 0.4046296296296296
1 0.8380208333333333 0.525 0.8453125 0.5361111111111111 0.8427083333333333 0.5564814814814815 0.8526041666666667 0.5685185185185185 0.85625 0.5796296296296296 0.8479166666666667 0.6222222222222222 0.8458333333333333 0.6546296296296297 0.8432291666666667 0.662962962962963 0.8395833333333333 0.6666666666666666 0.8307291666666666 0.6657407407407407 0.8140625 0.6564814814814814 0.8036458333333333 0.6481481481481481 0.7963541666666667 0.6370370370370371 0.7994791666666666 0.6138888888888889 0.8052083333333333 0.5935185185185186 0.8083333333333333 0.5564814814814815 0.8166666666666667 0.549074074074074 0.825 0.5481481481481482 0.8302083333333333 0.5296296296296297 0.8338541666666667 0.525 0.8375 0.525
1 0.928125 0.44722222222222224 0.9369791666666667 0.45 0.9380208333333333 0.4527777777777778 0.9354166666666667 0.45555555555555555 0.9364583333333333 0.46574074074074073 0.9322916666666666 0.4787037037037037 0.9291666666666667 0.5027777777777778 0.9229166666666667 0.524074074074074 0.921875 0.5342592592592592 0.91875 0.5416666666666666 0.9151041666666667 0.5435185185185185 0.9072916666666667 0.5425925925925926 0.8973958333333333 0.5351851851851852 0.8963541666666667 0.5166666666666667 0.8994791666666667 0.49166666666666664 0.9078125 0.44722222222222224 0.9276041666666667 0.44722222222222224
1 0.9328125 0.44907407407407407 0.9432291666666667 0.45185185185185184 0.946875 0.4564814814814815 0.9479166666666666 0.4648148148148148 0.9354166666666667 0.5231481481481481 0.9317708333333333 0.5277777777777778 0.9234375 0.5287037037037037 0.9302083333333333 0.4962962962962963 0.9317708333333333 0.4787037037037037 0.9354166666666667 0.4675925925925926 0.9333333333333333 0.45
1 0.26979166666666665 0.2638888888888889 0.27447916666666666 0.26944444444444443 0.28229166666666666 0.3111111111111111 0.28541666666666665 0.36018518518518516 0.284375 0.38333333333333336 0.28072916666666664 0.3851851851851852 0.2677083333333333 0.38333333333333336 0.2609375 0.3351851851851852 0.2598958333333333 0.30833333333333335 0.2630208333333333 0.28425925925925927 0.26145833333333335 0.2712962962962963 0.2630208333333333 0.2657407407407407 0.26927083333333335 0.2638888888888889
1 0.24583333333333332 0.27037037037037037 0.2484375 0.2722222222222222 0.25729166666666664 0.29907407407407405 0.259375 0.33240740740740743 0.26614583333333336 0.3814814814814815 0.26510416666666664 0.3851851851851852 0.246875 0.38796296296296295 0.2421875 0.38425925925925924 0.240625 0.3574074074074074 0.23333333333333334 0.3 0.23697916666666666 0.2861111111111111 0.2375 0.2722222222222222 0.2453125 0.27037037037037037
1 0.8921875 0.425 0.8994791666666667 0.4212962962962963 0.9088541666666666 0.42407407407407405 0.9182291666666667 0.42962962962962964 0.9203125 0.4351851851851852 0.91875 0.44351851851851853 0.9114583333333334 0.44351851851851853 0.9057291666666667 0.44907407407407407 0.9041666666666667 0.46944444444444444 0.8984375 0.49166666666666664 0.896875 0.5101851851851852 0.8942708333333333 0.5157407407407407 0.8921875 0.5157407407407407 0.8833333333333333 0.5111111111111111 0.8802083333333334 0.5046296296296297 0.8921875 0.42592592592592593
1 0.8453125 0.4935185185185185 0.846875 0.5009259259259259 0.8411458333333334 0.5037037037037037 0.8333333333333334 0.5148148148148148 0.834375 0.5222222222222223 0.8291666666666667 0.5296296296296297 0.8244791666666667 0.5462962962962963 0.8166666666666667 0.5472222222222223 0.8083333333333333 0.5546296296296296 0.8046875 0.5888888888888889 0.8005208333333333 0.6064814814814815 0.796875 0.6055555555555555 0.7947916666666667 0.5842592592592593 0.7963541666666667 0.562037037037037 0.8 0.5509259259259259 0.8104166666666667 0.5370370370370371 0.8192708333333333 0.5157407407407407 0.8208333333333333 0.5009259259259259 0.8239583333333333 0.49166666666666664 0.8447916666666667 0.4935185185185185
1 0.9708333333333333 0.387037037037037 0.9791666666666666 0.3925925925925926 0.9817708333333334 0.4009259259259259 0.9744791666666667 0.4212962962962963 0.971875 0.4425925925925926 0.9671875 0.44722222222222224 0.9546875 0.44166666666666665 0.9526041666666667 0.43148148148148147 0.9578125 0.4046296296296296 0.9583333333333334 0.3907407407407407 0.9614583333333333 0.387037037037037 0.9703125 0.387037037037037
1 0.8510416666666667 0.5601851851851852 0.8552083333333333 0.5564814814814815 0.8651041666666667 0.5277777777777778 0.8697916666666666 0.5259259259259259 0.8723958333333334 0.5638888888888889 0.8770833333333333 0.5731481481481482 0.8802083333333334 0.5861111111111111 0.8796875 0.6064814814814815 0.8729166666666667 0.6453703703703704 0.8661458333333333 0.6527777777777778 0.8505208333333333 0.6527777777777778 0.8473958333333333 0.6481481481481481 0.8484375 0.6231481481481481 0.8515625 0.6027777777777777 0.8572916666666667 0.5851851851851851 0.8510416666666667 0.5611111111111111
1 0.9151041666666667 0.3824074074074074 0.9229166666666667 0.387037037037037 0.9260416666666667 0.39351851851851855 0.9255208333333333 0.4046296296296296 0.9182291666666667 0.42777777777777776 0.9020833333333333 0.4212962962962963 0.9010416666666666 0.4185185185185185 0.9041666666666667 0.3851851851851852 0.9145833333333333 0.3824074074074074