0 0.6411458333333333 0.47685185185185186 0.64375 0.4824074074074074 0.6427083333333333 0.4898148148148148 0.6317708333333333 0.5064814814814815 0.6234375 0.5305555555555556 0.6098958333333333 0.5583333333333333 0.6057291666666667 0.5564814814814815 0.6057291666666667 0.5481481481481482 0.6328125 0.49074074074074076 0.6348958333333333 0.4787037037037037 0.6364583333333333 0.4759259259259259 0.640625 0.47685185185185186
0 0.5661458333333333 0.36203703703703705 0.5692708333333333 0.36666666666666664 0.5697916666666667 0.375 0.5635416666666667 0.4009259259259259 0.5609375 0.4046296296296296 0.5546875 0.4 0.5557291666666667 0.36944444444444446 0.559375 0.3611111111111111 0.565625 0.36203703703703705
0 0.42552083333333335 0.49166666666666664 0.43854166666666666 0.5 0.4734375 0.5314814814814814 0.4822916666666667 0.5361111111111111 0.48489583333333336 0.5472222222222223 0.4786458333333333 0.5555555555555556 0.475 0.5537037037037037 0.4713541666666667 0.5444444444444444 0.46510416666666665 0.537962962962963 0.421875 0.49907407407407406 0.42135416666666664 0.49444444444444446 0.425 0.49166666666666664
0 0.41875 0.42685185185185187 0.43333333333333335 0.43425925925925923 0.434375 0.44722222222222224 0.42864583333333334 0.4564814814814815 0.42239583333333336 0.45185185185185184 0.4109375 0.4361111111111111 0.4109375 0.43148148148148147 0.41354166666666664 0.42685185185185187 0.41822916666666665 0.42685185185185187
0 0.6208333333333333 0.29907407407407405 0.6463541666666667 0.3 0.6729166666666667 0.3055555555555556 0.6864583333333333 0.3037037037037037 0.6885416666666667 0.30648148148148147 0.6885416666666667 0.3138888888888889 0.6859375 0.32314814814814813 0.6541666666666667 0.3175925925925926 0.5947916666666667 0.3138888888888889 0.5927083333333333 0.3111111111111111 0.5927083333333333 0.30462962962962964 0.5958333333333333 0.29907407407407405 0.6203125 0.29907407407407405
0 0.6072916666666667 0.47962962962962963 0.6109375 0.4888888888888889 0.6109375 0.49722222222222223 0.60625 0.5055555555555555 0.5838541666666667 0.524074074074074 0.5802083333333333 0.5231481481481481 0.578125 0.5175925925925926 0.5791666666666667 0.5046296296296297 0.5927083333333333 0.4898148148148148 0.5984375 0.4777777777777778 0.6041666666666666 0.47685185185185186 0.6067708333333334 0.47962962962962963
0 0.5890625 0.37777777777777777 0.5916666666666667 0.38055555555555554 0.596875 0.4009259259259259 0.6072916666666667 0.4212962962962963 0.6072916666666667 0.4305555555555556 0.6036458333333333 0.4351851851851852 0.5984375 0.43333333333333335 0.5776041666666667 0.3972222222222222 0.5770833333333333 0.3907407407407407 0.5791666666666667 0.38425925925925924 0.5833333333333334 0.3787037037037037 0.5885416666666666 0.37777777777777777
0 0.578125 0.42592592592592593 0.5838541666666667 0.4388888888888889 0.5848958333333333 0.44907407407407407 0.58125 0.44907407407407407 0.5729166666666666 0.4388888888888889 0.571875 0.4324074074074074 0.5744791666666667 0.42685185185185187 0.5776041666666667 0.42592592592592593
0 0.5677083333333334 0.32685185185185184 0.5729166666666666 0.33425925925925926 0.5953125 0.3416666666666667 0.5973958333333333 0.3453703703703704 0.5953125 0.35462962962962963 0.5635416666666667 0.3453703703703704 0.5619791666666667 0.3416666666666667 0.5625 0.3351851851851852 0.5640625 0.3277777777777778 0.5671875 0.32685185185185184
2 0.4947916666666667 0.40925925925925927 0.5010416666666667 0.4101851851851852 0.4984375 0.4148148148148148 0.4947916666666667 0.412962962962963 0.4947916666666667 0.4101851851851852
2 0.4739583333333333 0.3537037037037037 0.47760416666666666 0.36018518518518516 0.47708333333333336 0.3648148148148148 0.4739583333333333 0.3675925925925926 0.4640625 0.3675925925925926 0.459375 0.36203703703703705 0.459375 0.35833333333333334 0.4625 0.35462962962962963 0.4734375 0.3537037037037037
2 0.4864583333333333 0.5685185185185185 0.48854166666666665 0.5787037037037037 0.4828125 0.5851851851851851 0.47291666666666665 0.5842592592592593 0.46979166666666666 0.5805555555555556 0.46927083333333336 0.5731481481481482 0.4765625 0.5657407407407408 0.4859375 0.5685185185185185
2 0.43385416666666665 0.3212962962962963 0.4359375 0.3277777777777778 0.4322916666666667 0.33055555555555555 0.4265625 0.3277777777777778 0.4265625 0.32407407407407407 0.43333333333333335 0.3212962962962963
2 0.4765625 0.425 0.4791666666666667 0.42777777777777776 0.48020833333333335 0.4361111111111111 0.4786458333333333 0.4398148148148148 0.471875 0.44351851851851853 0.4635416666666667 0.44166666666666665 0.45989583333333334 0.43333333333333335 0.46197916666666666 0.42777777777777776 0.4661458333333333 0.425 0.47604166666666664 0.425
2 0.734375 0.5388888888888889 0.7463541666666667 0.5462962962962963 0.7479166666666667 0.55 0.7473958333333334 0.5564814814814815 0.740625 0.5601851851851852 0.7286458333333333 0.5537037037037037 0.7265625 0.55 0.7270833333333333 0.5435185185185185 0.7338541666666667 0.5398148148148149
2 0.5244791666666667 0.42314814814814816 0.5291666666666667 0.42777777777777776 0.5296875 0.4351851851851852 0.5234375 0.44074074074074077 0.5125 0.4388888888888889 0.509375 0.4351851851851852 0.5088541666666667 0.4305555555555556 0.5125 0.42407407407407405 0.5239583333333333 0.42314814814814816
2 0.4859375 0.3333333333333333 0.4869791666666667 0.3416666666666667 0.48072916666666665 0.34629629629629627 0.4739583333333333 0.34444444444444444 0.471875 0.3398148148148148 0.47239583333333335 0.33611111111111114 0.47760416666666666 0.3314814814814815 0.48541666666666666 0.3333333333333333
2 0.4265625 0.387037037037037 0.4296875 0.3824074074074074 0.4354166666666667 0.3824074074074074 0.43697916666666664 0.3851851851851852 0.4354166666666667 0.39166666666666666 0.42864583333333334 0.3925925925925926 0.4270833333333333 0.38796296296296295
2 0.440625 0.48055555555555557 0.446875 0.4898148148148148 0.44583333333333336 0.4962962962962963 0.4421875 0.5009259259259259 0.4328125 0.49907407407407406 0.4234375 0.49074074074074076 0.4322916666666667 0.48055555555555557 0.4401041666666667 0.48055555555555557
2 0.55 0.37037037037037035 0.5526041666666667 0.37592592592592594 0.5473958333333333 0.3814814814814815 0.5427083333333333 0.37962962962962965 0.5416666666666666 0.375 0.54375 0.37037037037037035 0.5494791666666666 0.37037037037037035
2 0.40989583333333335 0.45 0.41354166666666664 0.4546296296296296 0.41354166666666664 0.462037037037037 0.4046875 0.46944444444444444 0.3958333333333333 0.4666666666666667 0.3932291666666667 0.46296296296296297 0.3932291666666667 0.4564814814814815 0.39947916666666666 0.45 0.409375 0.45
2 0.49635416666666665 0.46944444444444444 0.49947916666666664 0.47314814814814815 0.5 0.48148148148148145 0.49583333333333335 0.48703703703703705 0.4895833333333333 0.4888888888888889 0.48072916666666665 0.4842592592592593 0.4791666666666667 0.475 0.48385416666666664 0.4685185185185185 0.49583333333333335 0.46944444444444444
2 0.6270833333333333 0.3472222222222222 0.6307291666666667 0.35185185185185186 0.628125 0.35555555555555557 0.6223958333333334 0.35185185185185186 0.6265625 0.3472222222222222
2 0.44947916666666665 0.412962962962963 0.4505208333333333 0.41944444444444445 0.4484375 0.42407407407407405 0.4390625 0.42777777777777776 0.43072916666666666 0.4212962962962963 0.4322916666666667 0.41388888888888886 0.4401041666666667 0.40925925925925927 0.44895833333333335 0.412962962962963
1 0.9713541666666666 0.4703703703703704 0.9791666666666666 0.47314814814814815 0.9791666666666666 0.48703703703703705 0.9776041666666667 0.49444444444444446 0.971875 0.5009259259259259 0.9677083333333333 0.5361111111111111 0.959375 0.5685185185185185 0.9567708333333333 0.5722222222222222 0.946875 0.5675925925925925 0.9411458333333333 0.5601851851851852 0.9411458333333333 0.5435185185185185 0.9494791666666667 0.5055555555555555 0.9588541666666667 0.49444444444444446 0.9625 0.4759259259259259 0.9708333333333333 0.4703703703703704
1 0.9838541666666667 0.4305555555555556 0.984375 0.4425925925925926 0.98125 0.4564814814814815 0.9807291666666667 0.47129629629629627 0.9708333333333333 0.4703703703703704 0.9703125 0.4675925925925926 0.9770833333333333 0.4425925925925926 0.9833333333333333 0.43148148148148147
1 0.890625 0.5842592592592593 0.9041666666666667 0.5981481481481481 0.9052083333333333 0.6046296296296296 0.9020833333333333 0.6268518518518519 0.9114583333333334 0.6361111111111111 0.9166666666666666 0.65 0.9083333333333333 0.6833333333333333 0.9026041666666667 0.7287037037037037 0.9 0.7379629629629629 0.8963541666666667 0.7425925925925926 0.8890625 0.7425925925925926 0.8739583333333333 0.7342592592592593 0.8583333333333333 0.7212962962962963 0.8479166666666667 0.7064814814814815 0.8484375 0.6944444444444444 0.8572916666666667 0.6657407407407407 0.8614583333333333 0.6398148148148148 0.8619791666666666 0.625 0.86875 0.6138888888888889 0.8838541666666667 0.6111111111111112 0.8869791666666667 0.6018518518518519 0.8869791666666667 0.5879629629629629 0.8901041666666667 0.5842592592592593
1 0.9770833333333333 0.4962962962962963 0.9770833333333333 0.5351851851851852 0.9630208333333333 0.5944444444444444 0.9588541666666667 0.5916666666666667 0.9572916666666667 0.5814814814814815 0.9588541666666667 0.5555555555555556 0.965625 0.5370370370370371 0.971875 0.4981481481481482 0.9765625 0.4962962962962963
1 0.9098958333333333 0.6296296296296297 0.9166666666666666 0.6212962962962963 0.9182291666666667 0.6129629629629629 0.9244791666666666 0.6037037037037037 0.9270833333333334 0.5916666666666667 0.9286458333333333 0.5888888888888889 0.9317708333333333 0.5898148148148148 0.9338541666666667 0.5962962962962963 0.9354166666666667 0.6333333333333333 0.9421875 0.6518518518518519 0.9427083333333334 0.6722222222222223 0.9375 0.6925925925925925 0.9354166666666667 0.712037037037037 0.93125 0.7240740740740741 0.9229166666666667 0.7305555555555555 0.9078125 0.7296296296296296 0.9046875 0.7268518518518519 0.9072916666666667 0.6944444444444444 0.9109375 0.675 0.9177083333333333 0.6546296296296297 0.9151041666666667 0.6407407407407407 0.9104166666666667 0.6305555555555555
1 0.9026041666666667 0.55 0.9078125 0.5527777777777778 0.90625 0.5601851851851852 0.9083333333333333 0.5675925925925925 0.9041666666666667 0.5657407407407408 0.9015625 0.5703703703703704 0.9020833333333333 0.575925925925926 0.9046875 0.5777777777777777 0.89375 0.575925925925926 0.8927083333333333 0.5814814814814815 0.8854166666666666 0.5879629629629629 0.8869791666666667 0.5972222222222222 0.8833333333333333 0.6101851851851852 0.8723958333333334 0.6101851851851852 0.8630208333333333 0.6203703703703703 0.859375 0.65 0.8546875 0.6703703703703704 0.8520833333333333 0.674074074074074 0.8489583333333334 0.6694444444444444 0.846875 0.6462962962962963 0.8479166666666667 0.6296296296296297 0.8520833333333333 0.6138888888888889 0.8557291666666667 0.6055555555555555 0.8645833333333334 0.5981481481481481 0.8697916666666666 0.5851851851851851 0.8760416666666667 0.5777777777777777 0.8765625 0.5592592592592592 0.8791666666666667 0.55 0.9020833333333333 0.55
1 0.265625 0.2796296296296296 0.26979166666666665 0.2833333333333333 0.2708333333333333 0.2935185185185185 0.27760416666666665 0.30277777777777776 0.28020833333333334 0.3138888888888889 0.2796875 0.3425925925925926 0.2833333333333333 0.3638888888888889 0.284375 0.387037037037037 0.2869791666666667 0.3972222222222222 0.2786458333333333 0.4009259259259259 0.2640625 0.4009259259259259 0.26197916666666665 0.3972222222222222 0.25364583333333335 0.3037037037037037 0.2578125 0.2962962962962963 0.2578125 0.2824074074074074 0.26510416666666664 0.2796296296296296
1 0.29322916666666665 0.2740740740740741 0.29635416666666664 0.27870370370370373 0.29739583333333336 0.29259259259259257 0.3020833333333333 0.3101851851851852 0.3046875 0.3296296296296296 0.309375 0.39814814814814814 0.303125 0.4009259259259259 0.2911458333333333 0.4009259259259259 0.28802083333333334 0.39814814814814814 0.28177083333333336 0.3490740740740741 0.28177083333333336 0.31574074074074077 0.284375 0.30648148148148147 0.2833333333333333 0.27870370370370373 0.2859375 0.2740740740740741 0.29270833333333335 0.2740740740740741
1 0.9770833333333333 0.4962962962962963 0.9770833333333333 0.5361111111111111 0.9635416666666666 0.5944444444444444 0.9588541666666667 0.5907407407407408 0.9578125 0.5703703703703704 0.965625 0.5388888888888889 0.9713541666666666 0.5009259259259259 0.9729166666666667 0.49722222222222223 0.9765625 0.4962962962962963