0 0.421875 0.42685185185185187 0.42552083333333335 0.42777777777777776 0.428125 0.4324074074074074 0.4276041666666667 0.4388888888888889 0.41875 0.45 0.41458333333333336 0.44907407407407407 0.42135416666666664 0.42777777777777776
0 0.2989583333333333 0.4842592592592593 0.30104166666666665 0.48703703703703705 0.30104166666666665 0.49907407407407406 0.29739583333333336 0.5481481481481482 0.2984375 0.5666666666666667 0.2942708333333333 0.5712962962962963 0.28854166666666664 0.5703703703703704 0.2864583333333333 0.5592592592592592 0.28958333333333336 0.55 0.29322916666666665 0.487962962962963 0.2984375 0.4842592592592593
0 0.33125 0.2953703703703704 0.33958333333333335 0.30185185185185187 0.4114583333333333 0.30925925925925923 0.41458333333333336 0.3138888888888889 0.41458333333333336 0.32407407407407407 0.39427083333333335 0.325 0.3729166666666667 0.32037037037037036 0.36875 0.32314814814814813 0.3328125 0.3175925925925926 0.3234375 0.3194444444444444 0.31979166666666664 0.3138888888888889 0.3203125 0.30092592592592593 0.3255208333333333 0.2962962962962963 0.3307291666666667 0.2962962962962963
0 0.409375 0.49074074074074076 0.41510416666666666 0.49722222222222223 0.4171875 0.5046296296296297 0.4015625 0.5166666666666667 0.39739583333333334 0.5166666666666667 0.3953125 0.512962962962963 0.39427083333333335 0.5018518518518519 0.40520833333333334 0.4898148148148148 0.4088541666666667 0.49074074074074076
0 0.4825520833333333 0.3023148148148148 0.0296875 0.028703703703703703
0 0.5072916666666667 0.3296296296296296 0.5088541666666667 0.3314814814814815 0.5083333333333333 0.34074074074074073 0.503125 0.35555555555555557 0.4973958333333333 0.3537037037037037 0.4953125 0.3435185185185185 0.4979166666666667 0.3351851851851852 0.5067708333333333 0.3296296296296296
0 0.40520833333333334 0.3592592592592593 0.4078125 0.36666666666666664 0.40677083333333336 0.38055555555555554 0.38385416666666666 0.38333333333333336 0.371875 0.3824074074074074 0.3697916666666667 0.37962962962962965 0.371875 0.37222222222222223 0.3854166666666667 0.3675925925925926 0.39739583333333334 0.3675925925925926 0.4046875 0.3592592592592593
0 0.4005208333333333 0.4666666666666667 0.40572916666666664 0.4666666666666667 0.4239583333333333 0.49074074074074076 0.434375 0.5120370370370371 0.45729166666666665 0.5435185185185185 0.45364583333333336 0.5537037037037037 0.4473958333333333 0.5555555555555556 0.4453125 0.5453703703703704 0.43802083333333336 0.5324074074074074 0.41770833333333335 0.5037037037037037 0.4 0.47314814814814815 0.4005208333333333 0.4675925925925926
0 0.35208333333333336 0.3509259259259259 0.35520833333333335 0.35833333333333334 0.38697916666666665 0.3592592592592593 0.3890625 0.362962962962963 0.38697916666666665 0.3675925925925926 0.3572916666666667 0.3768518518518518 0.35208333333333336 0.3824074074074074 0.3484375 0.3814814814814815 0.346875 0.37592592592592594 0.346875 0.35555555555555557 0.34791666666666665 0.35185185185185186 0.3515625 0.3509259259259259
2 0.5432291666666667 0.49722222222222223 0.5489583333333333 0.5046296296296297 0.5489583333333333 0.5101851851851852 0.5401041666666667 0.5185185185185185 0.5307291666666667 0.5157407407407407 0.5265625 0.5064814814814815 0.528125 0.5009259259259259 0.5322916666666667 0.49722222222222223 0.5427083333333333 0.49722222222222223
2 0.3984375 0.4722222222222222 0.4041666666666667 0.4842592592592593 0.39375 0.4935185185185185 0.3859375 0.49074074074074076 0.38333333333333336 0.48703703703703705 0.3828125 0.48055555555555557 0.38958333333333334 0.4722222222222222 0.39791666666666664 0.4722222222222222
2 0.44947916666666665 0.4351851851851852 0.4510416666666667 0.4388888888888889 0.45 0.44537037037037036 0.44166666666666665 0.45 0.4322916666666667 0.44814814814814813 0.43072916666666666 0.4388888888888889 0.4375 0.4324074074074074 0.44895833333333335 0.4351851851851852
2 0.5802083333333333 0.3277777777777778 0.5822916666666667 0.3351851851851852 0.5796875 0.33796296296296297 0.5713541666666667 0.33796296296296297 0.5682291666666667 0.33425925925925926 0.5682291666666667 0.33055555555555555 0.5713541666666667 0.32685185185185184 0.5796875 0.3277777777777778
2 0.63125 0.5398148148148149 0.6369791666666667 0.5462962962962963 0.6359375 0.5537037037037037 0.63125 0.5574074074074075 0.6239583333333333 0.5574074074074075 0.6177083333333333 0.55 0.6182291666666667 0.5435185185185185 0.6229166666666667 0.537962962962963 0.6307291666666667 0.5398148148148149
2 0.5401041666666667 0.40185185185185185 0.5447916666666667 0.40370370370370373 0.5484375 0.40925925925925927 0.5458333333333333 0.41759259259259257 0.5416666666666666 0.4203703703703704 0.5333333333333333 0.41944444444444445 0.5286458333333334 0.41203703703703703 0.5296875 0.4046296296296296 0.5395833333333333 0.40185185185185185
2 0.5786458333333333 0.3472222222222222 0.58125 0.35 0.5817708333333333 0.35648148148148145 0.5776041666666667 0.3611111111111111 0.5671875 0.35833333333333334 0.565625 0.3527777777777778 0.5708333333333333 0.34629629629629627 0.578125 0.3472222222222222
2 0.5338541666666666 0.3675925925925926 0.5432291666666667 0.3731481481481482 0.5432291666666667 0.3787037037037037 0.5390625 0.38333333333333336 0.5296875 0.3824074074074074 0.525 0.3768518518518518 0.5260416666666666 0.37222222222222223 0.5333333333333333 0.3675925925925926
2 0.5854166666666667 0.4388888888888889 0.5875 0.44166666666666665 0.5875 0.4462962962962963 0.584375 0.45 0.5776041666666667 0.44814814814814813 0.5765625 0.44166666666666665 0.5807291666666666 0.43796296296296294 0.5848958333333333 0.4388888888888889
2 0.4557291666666667 0.37037037037037035 0.45729166666666665 0.3768518518518518 0.453125 0.38055555555555554 0.44895833333333335 0.37962962962962965 0.4473958333333333 0.375 0.45 0.37037037037037035 0.4552083333333333 0.37037037037037035
2 0.3359375 0.3574074074074074 0.3375 0.3509259259259259 0.34270833333333334 0.35185185185185186 0.34375 0.35555555555555557 0.3416666666666667 0.35833333333333334 0.33645833333333336 0.3574074074074074
2 0.5375 0.31851851851851853 0.5395833333333333 0.32037037037037036 0.5395833333333333 0.325 0.5364583333333334 0.32685185185185184 0.5307291666666667 0.325 0.5307291666666667 0.3212962962962963 0.5369791666666667 0.31851851851851853
2 0.5244791666666667 0.5592592592592592 0.5317708333333333 0.5666666666666667 0.5322916666666667 0.5740740740740741 0.5296875 0.5805555555555556 0.5223958333333333 0.5842592592592593 0.5119791666666667 0.5814814814814815 0.5088541666666667 0.5777777777777777 0.5078125 0.5712962962962963 0.5098958333333333 0.5638888888888889 0.5151041666666667 0.5592592592592592 0.5239583333333333 0.5592592592592592
2 0.4234375 0.4601851851851852 0.4270833333333333 0.4666666666666667 0.4270833333333333 0.47129629629629627 0.42239583333333336 0.4777777777777778 0.41458333333333336 0.4777777777777778 0.4083333333333333 0.4703703703703704 0.40677083333333336 0.4648148148148148 0.4166666666666667 0.45740740740740743 0.42291666666666666 0.4601851851851852
1 0.13229166666666667 0.6148148148148148 0.1375 0.6240740740740741 0.1421875 0.6657407407407407 0.1515625 0.6953703703703704 0.1515625 0.7064814814814815 0.14739583333333334 0.7148148148148148 0.13385416666666666 0.7277777777777777 0.10989583333333333 0.7425925925925926 0.10208333333333333 0.7416666666666667 0.09895833333333333 0.7361111111111112 0.09583333333333334 0.7231481481481481 0.09479166666666666 0.7027777777777777 0.0828125 0.65 0.08645833333333333 0.6388888888888888 0.096875 0.625 0.09375 0.6055555555555555 0.09427083333333333 0.5990740740740741 0.10416666666666667 0.587037037037037 0.1125 0.5851851851851851 0.11302083333333333 0.600925925925926 0.11614583333333334 0.6111111111111112 0.1265625 0.6111111111111112 0.13177083333333334 0.6148148148148148
1 0.07083333333333333 0.5879629629629629 0.07447916666666667 0.6027777777777777 0.08125 0.6129629629629629 0.08385416666666666 0.6212962962962963 0.08958333333333333 0.6268518518518519 0.08385416666666666 0.6416666666666667 0.08229166666666667 0.6555555555555556 0.09270833333333334 0.6962962962962963 0.09427083333333333 0.725 0.08645833333333333 0.7287037037037037 0.06979166666666667 0.725925925925926 0.06614583333333333 0.7185185185185186 0.057291666666666664 0.6759259259259259 0.057291666666666664 0.6546296296296297 0.06458333333333334 0.6296296296296297 0.06614583333333333 0.5944444444444444 0.06770833333333333 0.5888888888888889 0.0703125 0.5888888888888889
1 0.09166666666666666 0.5518518518518518 0.10885416666666667 0.5481481481481482 0.12083333333333333 0.55 0.12395833333333334 0.5777777777777777 0.13489583333333333 0.5972222222222222 0.14114583333333333 0.6018518518518519 0.14739583333333334 0.6129629629629629 0.15260416666666668 0.637962962962963 0.15052083333333333 0.6685185185185185 0.1484375 0.6722222222222223 0.14583333333333334 0.6712962962962963 0.14010416666666667 0.6472222222222223 0.13697916666666668 0.6203703703703703 0.12760416666666666 0.6101851851851852 0.11614583333333334 0.6092592592592593 0.11354166666666667 0.5916666666666667 0.11458333333333333 0.5879629629629629 0.109375 0.5814814814814815 0.10520833333333333 0.5833333333333334 0.10416666666666667 0.5805555555555556 0.10677083333333333 0.5777777777777777 0.1015625 0.5768518518518518 0.09895833333333333 0.5666666666666667 0.09479166666666666 0.5657407407407408 0.08854166666666667 0.575 0.09270833333333334 0.5601851851851852 0.09166666666666666 0.5527777777777778
1 0.7411458333333333 0.2814814814814815 0.7427083333333333 0.2861111111111111 0.7421875 0.2962962962962963 0.7458333333333333 0.30462962962962964 0.7458333333333333 0.3111111111111111 0.7375 0.39444444444444443 0.7348958333333333 0.4009259259259259 0.7145833333333333 0.4 0.7125 0.39537037037037037 0.7197916666666667 0.3416666666666667 0.7203125 0.30833333333333335 0.7291666666666666 0.29259259259259257 0.7307291666666667 0.2814814814814815 0.740625 0.2814814814814815
1 0.7098958333333333 0.27314814814814814 0.7161458333333334 0.2777777777777778 0.7151041666666667 0.30648148148148147 0.7177083333333333 0.3175925925925926 0.7177083333333333 0.35 0.7114583333333333 0.3972222222222222 0.70625 0.4009259259259259 0.6901041666666666 0.3972222222222222 0.6963541666666667 0.3175925925925926 0.703125 0.27870370370370373 0.7057291666666666 0.2740740740740741 0.709375 0.2740740740740741