0 0.4583333333333333 0.7675925925925926 0.4630208333333333 0.775 0.4666666666666667 0.8074074074074075 0.4713541666666667 0.8203703703703704 0.46979166666666666 0.8287037037037037 0.46197916666666666 0.8342592592592593 0.4546875 0.8305555555555556 0.4557291666666667 0.8101851851851852 0.45208333333333334 0.775 0.45416666666666666 0.7694444444444445 0.4578125 0.7675925925925926
0 0.4947916666666667 0.42685185185185187 0.4979166666666667 0.42962962962962964 0.4979166666666667 0.4564814814814815 0.49375 0.4564814814814815 0.4895833333333333 0.4361111111111111 0.4901041666666667 0.42962962962962964 0.4942708333333333 0.42777777777777776
0 0.48802083333333335 0.32407407407407407 0.5046875 0.32592592592592595 0.5072916666666667 0.33796296296296297 0.5026041666666666 0.3453703703703704 0.4942708333333333 0.3453703703703704 0.48333333333333334 0.35185185185185186 0.47760416666666666 0.3453703703703704 0.47708333333333336 0.33240740740740743 0.48072916666666665 0.32407407407407407 0.4875 0.32407407407407407
0 0.425 0.512962962962963 0.42864583333333334 0.5185185185185185 0.4328125 0.5537037037037037 0.4375 0.562037037037037 0.4375 0.5657407407407408 0.4296875 0.5814814814814815 0.42604166666666665 0.5814814814814815 0.4244791666666667 0.5777777777777777 0.4244791666666667 0.5564814814814815 0.4203125 0.5305555555555556 0.4203125 0.5175925925925926 0.4244791666666667 0.512962962962963
0 0.45 0.6518518518518519 0.4552083333333333 0.6453703703703704 0.46041666666666664 0.6444444444444445 0.4609375 0.6518518518518519 0.4578125 0.6583333333333333 0.4421875 0.6768518518518518 0.43072916666666666 0.6972222222222222 0.4270833333333333 0.6962962962962963 0.42552083333333335 0.6907407407407408 0.4276041666666667 0.6833333333333333 0.4317708333333333 0.6805555555555556 0.45 0.6527777777777778
0 0.4119791666666667 0.35462962962962963 0.4166666666666667 0.3611111111111111 0.41510416666666666 0.37407407407407406 0.3921875 0.4287037037037037 0.3859375 0.4527777777777778 0.38177083333333334 0.45740740740740743 0.375 0.4537037037037037 0.37447916666666664 0.44074074074074077 0.3828125 0.42777777777777776 0.4083333333333333 0.35555555555555557 0.4114583333333333 0.35462962962962963
0 0.44479166666666664 0.3712962962962963 0.4473958333333333 0.37962962962962965 0.44583333333333336 0.3861111111111111 0.41822916666666665 0.39444444444444443 0.4125 0.3925925925925926 0.4140625 0.38425925925925924 0.44427083333333334 0.3712962962962963
0 0.4109375 0.7564814814814815 0.41510416666666666 0.7694444444444445 0.415625 0.7759259259259259 0.4140625 0.7796296296296297 0.4114583333333333 0.7787037037037037 0.40572916666666664 0.7675925925925926 0.40572916666666664 0.7611111111111111 0.41041666666666665 0.7564814814814815
0 0.43072916666666666 0.5842592592592593 0.4348958333333333 0.5888888888888889 0.4432291666666667 0.6083333333333333 0.4421875 0.6175925925925926 0.4375 0.6231481481481481 0.4322916666666667 0.6222222222222222 0.43020833333333336 0.6166666666666667 0.43020833333333336 0.6064814814814815 0.4270833333333333 0.5953703703703703 0.4270833333333333 0.5879629629629629 0.43020833333333336 0.5842592592592593
0 0.49114583333333334 0.7231481481481481 0.48802083333333335 0.6907407407407408 0.48333333333333334 0.6787037037037037 0.48489583333333336 0.6731481481481482 0.4901041666666667 0.6703703703703704 0.496875 0.6703703703703704 0.49895833333333334 0.6768518518518518 0.496875 0.687037037037037 0.4984375 0.7194444444444444 0.4947916666666667 0.7240740740740741 0.49166666666666664 0.7231481481481481
0 0.42916666666666664 0.7425925925925926 0.43645833333333334 0.7555555555555555 0.4359375 0.762962962962963 0.43333333333333335 0.7648148148148148 0.4276041666666667 0.762962962962963 0.4265625 0.7444444444444445 0.42864583333333334 0.7425925925925926
0 0.4140625 0.6037037037037037 0.4171875 0.6370370370370371 0.4244791666666667 0.6648148148148149 0.42239583333333336 0.6712962962962963 0.4166666666666667 0.6768518518518518 0.4083333333333333 0.6722222222222223 0.409375 0.6481481481481481 0.4046875 0.6166666666666667 0.40520833333333334 0.6083333333333333 0.41354166666666664 0.6037037037037037
0 0.4083333333333333 0.5712962962962963 0.41510416666666666 0.6027777777777777 0.40729166666666666 0.6064814814814815 0.4036458333333333 0.5777777777777777 0.4078125 0.5712962962962963
2 0.41302083333333334 0.6759259259259259 0.4166666666666667 0.6814814814814815 0.4166666666666667 0.6916666666666667 0.41458333333333336 0.6981481481481482 0.4109375 0.6972222222222222 0.4088541666666667 0.6907407407407408 0.4088541666666667 0.6777777777777778 0.4125 0.6759259259259259
2 0.4869791666666667 0.7611111111111111 0.4921875 0.775 0.49166666666666664 0.7944444444444444 0.4869791666666667 0.7981481481481482 0.4817708333333333 0.7888888888888889 0.48125 0.774074074074074 0.48333333333333334 0.7648148148148148 0.4864583333333333 0.7620370370370371
2 0.45026041666666666 0.6125 0.0036458333333333334 0.012037037037037037
2 0.41875 0.325 0.42135416666666664 0.325 0.42239583333333336 0.33055555555555555 0.42135416666666664 0.33611111111111114 0.4192708333333333 0.337037037037037 0.41770833333333335 0.3314814814814815 0.41875 0.32592592592592595
2 0.4109375 0.4351851851851852 0.4119791666666667 0.44351851851851853 0.41041666666666665 0.44814814814814813 0.4078125 0.4444444444444444 0.4083333333333333 0.4361111111111111 0.41041666666666665 0.4351851851851852
2 0.4703125 0.44537037037037036 0.4744791666666667 0.45925925925925926 0.4739583333333333 0.47314814814814815 0.4703125 0.48148148148148145 0.465625 0.48055555555555557 0.4635416666666667 0.47314814814814815 0.46458333333333335 0.4527777777777778 0.4671875 0.4462962962962963 0.46979166666666666 0.44537037037037036
2 0.45260416666666664 0.49212962962962964 0.008333333333333333 0.028703703703703703
2 0.4010416666666667 0.5111111111111111 0.4036458333333333 0.5222222222222223 0.4015625 0.5388888888888889 0.396875 0.537962962962963 0.3953125 0.5287037037037037 0.3963541666666667 0.5157407407407407 0.4005208333333333 0.5111111111111111
2 0.4236979166666667 0.36527777777777776 0.009895833333333333 0.030555555555555555
2 0.44609375 0.49583333333333335 0.0046875 0.013888888888888888
2 0.4010416666666667 0.6666666666666666 0.4046875 0.6777777777777778 0.4041666666666667 0.6888888888888889 0.4015625 0.6944444444444444 0.3984375 0.6925925925925925 0.3963541666666667 0.6851851851851852 0.3963541666666667 0.6722222222222223 0.4005208333333333 0.6666666666666666
2 0.42916666666666664 0.4361111111111111 0.43020833333333336 0.4305555555555556 0.4322916666666667 0.42962962962962964 0.43333333333333335 0.44166666666666665 0.43020833333333336 0.4425925925925926 0.4296875 0.43703703703703706
2 0.4786458333333333 0.5407407407407407 0.48020833333333335 0.5453703703703704 0.4791666666666667 0.5592592592592592 0.47552083333333334 0.5592592592592592 0.4734375 0.5527777777777778 0.4744791666666667 0.5425925925925926 0.478125 0.5407407407407407
2 0.453125 0.5222222222222223 0.4557291666666667 0.5138888888888888 0.46145833333333336 0.512962962962963 0.46510416666666665 0.5259259259259259 0.46458333333333335 0.5388888888888889 0.46197916666666666 0.5472222222222223 0.4552083333333333 0.5462962962962963 0.45364583333333336 0.5231481481481481
2 0.4864583333333333 0.6166666666666667 0.48854166666666665 0.6296296296296297 0.48802083333333335 0.6342592592592593 0.48489583333333336 0.637962962962963 0.48125 0.6314814814814815 0.48125 0.6212962962962963 0.4828125 0.6166666666666667 0.4859375 0.6166666666666667
2 0.434375 0.4842592592592593 0.4322916666666667 0.46944444444444444 0.43385416666666665 0.4583333333333333 0.43697916666666664 0.4527777777777778 0.440625 0.4583333333333333 0.44114583333333335 0.4787037037037037 0.4390625 0.48518518518518516 0.4348958333333333 0.4842592592592593
2 0.4791666666666667 0.7796296296296297 0.4817708333333333 0.787962962962963 0.4796875 0.7981481481481482 0.47552083333333334 0.7972222222222223 0.4739583333333333 0.7907407407407407 0.475 0.7814814814814814 0.4786458333333333 0.7796296296296297
1 0.37135416666666665 0.0962962962962963 0.41875 0.1111111111111111 0.41875 0.1527777777777778 0.40572916666666664 0.14629629629629629 0.36614583333333334 0.1361111111111111 0.3614583333333333 0.1259259259259259 0.35520833333333335 0.12129629629629629 0.3546875 0.10925925925925926 0.35625 0.1037037037037037 0.36354166666666665 0.10277777777777777 0.36822916666666666 0.0962962962962963 0.37083333333333335 0.0962962962962963
1 0.3828125 0.1425925925925926 0.40520833333333334 0.14814814814814814 0.409375 0.1527777777777778 0.409375 0.17592592592592593 0.40520833333333334 0.18518518518518517 0.37604166666666666 0.17962962962962964 0.35208333333333336 0.1648148148148148 0.35208333333333336 0.14907407407407408 0.3536458333333333 0.14629629629629629 0.3614583333333333 0.14722222222222223 0.36875 0.14166666666666666 0.38229166666666664 0.1425925925925926