0 0.4083333333333333 0.3175925925925926 0.40989583333333335 0.3277777777777778 0.4078125 0.3398148148148148 0.4041666666666667 0.3537037037037037 0.4010416666666667 0.35833333333333334 0.39739583333333334 0.3574074074074074 0.3958333333333333 0.35185185185185186 0.39739583333333334 0.33425925925925926 0.4010416666666667 0.31851851851851853 0.4078125 0.3175925925925926
0 0.6760416666666667 0.46296296296296297 0.6822916666666666 0.46944444444444444 0.7020833333333333 0.47129629629629627 0.7072916666666667 0.47314814814814815 0.7088541666666667 0.47685185185185186 0.70625 0.4925925925925926 0.6765625 0.4935185185185185 0.6713541666666667 0.4925925925925926 0.6692708333333334 0.4888888888888889 0.6697916666666667 0.4703703703703704 0.671875 0.4648148148148148 0.6755208333333333 0.46296296296296297
0 0.5489583333333333 0.30648148148148147 0.5776041666666667 0.3472222222222222 0.5807291666666666 0.35555555555555557 0.5791666666666667 0.36018518518518516 0.5744791666666667 0.35833333333333334 0.5640625 0.34444444444444444 0.5578125 0.3314814814814815 0.5473958333333333 0.32037037037037036 0.5447916666666667 0.31296296296296294 0.5484375 0.30648148148148147
0 0.6692708333333334 0.43657407407407406 0.010416666666666666 0.019444444444444445
0 0.5557291666666667 0.3768518518518518 0.5671875 0.3824074074074074 0.5677083333333334 0.3972222222222222 0.5640625 0.40370370370370373 0.559375 0.4027777777777778 0.546875 0.3851851851851852 0.546875 0.37777777777777777 0.5552083333333333 0.3768518518518518
0 0.44583333333333336 0.4074074074074074 0.44895833333333335 0.41203703703703703 0.4473958333333333 0.425 0.4125 0.49537037037037035 0.4109375 0.5083333333333333 0.4036458333333333 0.5231481481481481 0.39739583333333334 0.5231481481481481 0.3927083333333333 0.5185185185185185 0.38958333333333334 0.5083333333333333 0.390625 0.49722222222222223 0.4036458333333333 0.4824074074074074 0.43697916666666664 0.41388888888888886 0.4453125 0.4074074074074074
0 0.5322916666666667 0.30833333333333335 0.534375 0.31666666666666665 0.5265625 0.3212962962962963 0.5223958333333333 0.32037037037037036 0.521875 0.3148148148148148 0.5317708333333333 0.30833333333333335
0 0.4791666666666667 0.3787037037037037 0.4859375 0.38981481481481484 0.4859375 0.3972222222222222 0.4822916666666667 0.40185185185185185 0.47604166666666664 0.3962962962962963 0.4713541666666667 0.3814814814814815 0.47291666666666665 0.375 0.4786458333333333 0.3787037037037037
0 0.5708333333333333 0.28888888888888886 0.58125 0.2962962962962963 0.5833333333333334 0.30092592592592593 0.5833333333333334 0.31203703703703706 0.578125 0.3194444444444444 0.5744791666666667 0.3175925925925926 0.5635416666666667 0.30092592592592593 0.5640625 0.29074074074074074 0.5661458333333333 0.287962962962963 0.5703125 0.28888888888888886
0 0.4505208333333333 0.287962962962963 0.45364583333333336 0.29259259259259257 0.45416666666666666 0.3037037037037037 0.453125 0.31203703703703706 0.45 0.31574074074074077 0.4390625 0.3074074074074074 0.4203125 0.30648148148148147 0.4161458333333333 0.29814814814814816 0.4166666666666667 0.29259259259259257 0.42083333333333334 0.2898148148148148 0.4432291666666667 0.29259259259259257 0.45 0.287962962962963
0 0.5005208333333333 0.35555555555555557 0.49895833333333334 0.35 0.49947916666666664 0.3398148148148148 0.49322916666666666 0.31203703703703706 0.4942708333333333 0.30462962962962964 0.4979166666666667 0.30462962962962964 0.49895833333333334 0.3074074074074074 0.5046875 0.33796296296296297 0.5083333333333333 0.34814814814814815 0.5072916666666667 0.35555555555555557 0.5010416666666667 0.35555555555555557
0 0.4739583333333333 0.2962962962962963 0.4822916666666667 0.29814814814814816 0.4817708333333333 0.3055555555555556 0.47708333333333336 0.30925925925925923 0.471875 0.30833333333333335 0.4708333333333333 0.29907407407407405 0.4734375 0.2972222222222222
0 0.6489583333333333 0.33425925925925926 0.6526041666666667 0.3435185185185185 0.6526041666666667 0.35185185185185186 0.6479166666666667 0.35833333333333334 0.6421875 0.35555555555555557 0.6401041666666667 0.34444444444444444 0.6432291666666666 0.3314814814814815 0.6484375 0.33425925925925926
2 0.5919270833333333 0.37037037037037035 0.0067708333333333336 0.007407407407407408
2 0.5119791666666667 0.4759259259259259 0.5151041666666667 0.47962962962962963 0.5161458333333333 0.487962962962963 0.5130208333333334 0.4935185185185185 0.5067708333333333 0.49537037037037035 0.4953125 0.49074074074074076 0.4942708333333333 0.48333333333333334 0.5010416666666667 0.475 0.5114583333333333 0.4759259259259259
2 0.5291666666666667 0.44351851851851853 0.5317708333333333 0.44907407407407407 0.5302083333333333 0.4527777777777778 0.5234375 0.45 0.5234375 0.44537037037037036 0.5286458333333334 0.44351851851851853
2 0.6270833333333333 0.31574074074074077 0.6296875 0.32407407407407407 0.6260416666666667 0.3277777777777778 0.61875 0.3277777777777778 0.6145833333333334 0.325 0.6130208333333333 0.32037037037037036 0.6166666666666667 0.3138888888888889 0.6265625 0.31574074074074077
2 0.44947916666666665 0.3277777777777778 0.4510416666666667 0.337037037037037 0.44635416666666666 0.3416666666666667 0.43854166666666666 0.34074074074074073 0.4354166666666667 0.33425925925925926 0.4395833333333333 0.3277777777777778 0.44895833333333335 0.3277777777777778
2 0.5708333333333333 0.4537037037037037 0.5765625 0.45925925925925926 0.5776041666666667 0.4666666666666667 0.5739583333333333 0.4722222222222222 0.5682291666666667 0.475 0.5583333333333333 0.4703703703703704 0.5567708333333333 0.46111111111111114 0.5604166666666667 0.45555555555555555 0.5703125 0.4537037037037037
2 0.515625 0.3768518518518518 0.5192708333333333 0.3787037037037037 0.5208333333333334 0.38333333333333336 0.5166666666666667 0.3907407407407407 0.5098958333333333 0.3907407407407407 0.5057291666666667 0.3861111111111111 0.5067708333333333 0.37962962962962965 0.5151041666666667 0.3768518518518518
2 0.6265625 0.3638888888888889 0.6296875 0.37037037037037035 0.6260416666666667 0.37407407407407406 0.6192708333333333 0.37037037037037035 0.6203125 0.3648148148148148 0.6260416666666667 0.3638888888888889
2 0.6088541666666667 0.3138888888888889 0.6098958333333333 0.3175925925925926 0.6067708333333334 0.3212962962962963 0.6020833333333333 0.32037037037037036 0.6005208333333333 0.3148148148148148 0.6036458333333333 0.31203703703703706 0.6083333333333333 0.3138888888888889
2 0.4671875 0.4444444444444444 0.46927083333333336 0.45092592592592595 0.4666666666666667 0.4546296296296296 0.46197916666666666 0.4537037037037037 0.46041666666666664 0.45 0.46197916666666666 0.44537037037037036 0.4666666666666667 0.4444444444444444
2 0.5791666666666667 0.3990740740740741 0.5828125 0.4009259259259259 0.5848958333333333 0.40925925925925927 0.5776041666666667 0.41574074074074074 0.5708333333333333 0.4148148148148148 0.5651041666666666 0.4064814814814815 0.56875 0.4 0.5786458333333333 0.3990740740740741
2 0.48072916666666665 0.3314814814814815 0.4828125 0.33425925925925926 0.4828125 0.3398148148148148 0.478125 0.34444444444444444 0.46822916666666664 0.3425925925925926 0.4661458333333333 0.337037037037037 0.46979166666666666 0.33055555555555555 0.48020833333333335 0.3314814814814815
2 0.4395833333333333 0.39814814814814814 0.4427083333333333 0.4027777777777778 0.4427083333333333 0.4064814814814815 0.4390625 0.41203703703703703 0.4322916666666667 0.4148148148148148 0.4270833333333333 0.41203703703703703 0.425 0.40370370370370373 0.4317708333333333 0.3972222222222222 0.4390625 0.39814814814814814
2 0.5859375 0.4148148148148148 0.5890625 0.4166666666666667 0.5890625 0.4212962962962963 0.584375 0.4212962962962963 0.5833333333333334 0.41759259259259257 0.5854166666666667 0.4148148148148148
2 0.55 0.44814814814814813 0.5567708333333333 0.45740740740740743 0.5546875 0.4648148148148148 0.5479166666666667 0.4675925925925926 0.5369791666666667 0.4638888888888889 0.5348958333333333 0.4564814814814815 0.5385416666666667 0.44907407407407407 0.5494791666666666 0.44814814814814813
2 0.5666666666666667 0.48055555555555557 0.5692708333333333 0.4842592592592593 0.5697916666666667 0.49166666666666664 0.5645833333333333 0.4962962962962963 0.5557291666666667 0.49444444444444446 0.553125 0.4898148148148148 0.553125 0.4842592592592593 0.5567708333333333 0.47962962962962963 0.5661458333333333 0.48055555555555557
2 0.6088541666666667 0.4111111111111111 0.6098958333333333 0.4185185185185185 0.60625 0.4212962962962963 0.6005208333333333 0.4185185185185185 0.5994791666666667 0.41388888888888886 0.6020833333333333 0.4101851851851852 0.6083333333333333 0.4111111111111111
2 0.4947916666666667 0.5083333333333333 0.5 0.5074074074074074 0.503125 0.5111111111111111 0.5015625 0.5175925925925926 0.4973958333333333 0.5185185185185185 0.4947916666666667 0.5166666666666667 0.4947916666666667 0.5092592592592593
1 0.8776041666666666 0.4935185185185185 0.8848958333333333 0.49444444444444446 0.8885416666666667 0.4981481481481482 0.8864583333333333 0.5027777777777778 0.875 0.5092592592592593 0.871875 0.5212962962962963 0.8776041666666666 0.5287037037037037 0.8770833333333333 0.5768518518518518 0.8739583333333333 0.5925925925925926 0.8671875 0.612037037037037 0.8619791666666666 0.6194444444444445 0.8572916666666667 0.6203703703703703 0.8447916666666667 0.6185185185185185 0.834375 0.6055555555555555 0.83125 0.5879629629629629 0.8322916666666667 0.5694444444444444 0.8380208333333333 0.5518518518518518 0.8473958333333333 0.5416666666666666 0.8588541666666667 0.5203703703703704 0.8609375 0.4981481481481482 0.8630208333333333 0.4935185185185185 0.8770833333333333 0.4935185185185185
1 0.9015625 0.5481481481481482 0.90625 0.5611111111111111 0.9161458333333333 0.6194444444444445 0.9151041666666667 0.6333333333333333 0.9098958333333333 0.6546296296296297 0.9041666666666667 0.6611111111111111 0.890625 0.6601851851851852 0.8807291666666667 0.6546296296296297 0.8713541666666667 0.6416666666666667 0.8682291666666667 0.6305555555555555 0.8713541666666667 0.6064814814814815 0.8786458333333333 0.5740740740740741 0.8828125 0.5675925925925925 0.8942708333333333 0.5611111111111111 0.9010416666666666 0.5481481481481482
1 0.2833333333333333 0.24166666666666667 0.2875 0.24444444444444444 0.2890625 0.2537037037037037 0.2953125 0.2657407407407407 0.3 0.33055555555555555 0.30364583333333334 0.34814814814814815 0.3026041666666667 0.3574074074074074 0.2833333333333333 0.35833333333333334 0.2796875 0.35185185185185186 0.278125 0.3194444444444444 0.27239583333333334 0.27037037037037037 0.2760416666666667 0.25833333333333336 0.2765625 0.24444444444444444 0.2828125 0.24166666666666667
1 0.925 0.6509259259259259 0.9302083333333333 0.6620370370370371 0.9447916666666667 0.7194444444444444 0.9421875 0.7296296296296296 0.9375 0.7314814814814815 0.9234375 0.725 0.9161458333333333 0.7138888888888889 0.9145833333333333 0.6962962962962963 0.925 0.6518518518518519
1 0.3098958333333333 0.23703703703703705 0.3125 0.24074074074074073 0.31302083333333336 0.2518518518518518 0.31927083333333334 0.28055555555555556 0.3223958333333333 0.3277777777777778 0.32135416666666666 0.33611111111111114 0.31302083333333336 0.34074074074074073 0.303125 0.3388888888888889 0.2989583333333333 0.30925925925925923 0.3015625 0.262037037037037 0.30052083333333335 0.24166666666666667 0.3026041666666667 0.23703703703703705 0.309375 0.23703703703703705