0 0.5697916666666667 0.6148148148148148 0.5723958333333333 0.712037037037037 0.5713541666666667 0.7305555555555555 0.5682291666666667 0.7305555555555555 0.5671875 0.7268518518518519 0.5640625 0.6305555555555555 0.5614583333333333 0.6175925925925926 0.5640625 0.612037037037037 0.5692708333333333 0.6148148148148148
0 0.41458333333333336 0.5527777777777778 0.4197916666666667 0.5648148148148148 0.4197916666666667 0.5740740740740741 0.41510416666666666 0.5777777777777777 0.4125 0.5740740740740741 0.4109375 0.5564814814814815 0.4140625 0.5537037037037037
0 0.4625 0.7518518518518519 0.013541666666666667 0.17037037037037037
0 0.5067708333333333 0.6222222222222222 0.5098958333333333 0.6305555555555555 0.5072916666666667 0.6398148148148148 0.5072916666666667 0.6601851851851852 0.5052083333333334 0.6675925925925926 0.5015625 0.6666666666666666 0.5005208333333333 0.662962962962963 0.5 0.6388888888888888 0.4979166666666667 0.6277777777777778 0.5015625 0.6222222222222222 0.50625 0.6222222222222222
0 0.4390625 0.7064814814814815 0.4390625 0.5879629629629629 0.44166666666666665 0.5842592592592593 0.44583333333333336 0.5851851851851851 0.4473958333333333 0.5925925925925926 0.4453125 0.6185185185185185 0.44427083333333334 0.7018518518518518 0.4432291666666667 0.7064814814814815 0.4395833333333333 0.7064814814814815
0 0.5234375 0.6 0.5244791666666667 0.6055555555555555 0.521875 0.6416666666666667 0.5171875 0.6407407407407407 0.5161458333333333 0.6361111111111111 0.5161458333333333 0.6018518518518519 0.5177083333333333 0.5990740740740741 0.5229166666666667 0.6
0 0.40989583333333335 0.6638888888888889 0.4114583333333333 0.6074074074074074 0.4140625 0.6037037037037037 0.4203125 0.6046296296296296 0.42135416666666664 0.6148148148148148 0.41822916666666665 0.6638888888888889 0.41510416666666666 0.6694444444444444 0.4114583333333333 0.6685185185185185 0.41041666666666665 0.6648148148148149
0 0.5838541666666667 0.6675925925925926 0.5854166666666667 0.6712962962962963 0.5838541666666667 0.6814814814814815 0.5848958333333333 0.7157407407407408 0.5822916666666667 0.7194444444444444 0.5765625 0.7166666666666667 0.5734375 0.6694444444444444 0.5776041666666667 0.6657407407407407 0.5833333333333334 0.6675925925925926
0 0.5432291666666667 0.6055555555555555 0.5447916666666667 0.6296296296296297 0.5432291666666667 0.6324074074074074 0.5380208333333333 0.6296296296296297 0.5369791666666667 0.6129629629629629 0.5380208333333333 0.6064814814814815 0.5427083333333333 0.6055555555555555
0 0.5364583333333334 0.7037037037037037 0.5385416666666667 0.7055555555555556 0.5385416666666667 0.7222222222222222 0.5364583333333334 0.725925925925926 0.534375 0.7231481481481481 0.5328125 0.7101851851851851 0.5328125 0.7055555555555556 0.5359375 0.7037037037037037
0 0.4270833333333333 0.6907407407407408 0.4296875 0.6935185185185185 0.4270833333333333 0.7351851851851852 0.42239583333333336 0.7425925925925926 0.41875 0.7379629629629629 0.41822916666666665 0.6953703703703704 0.42083333333333334 0.6907407407407408 0.4265625 0.6907407407407408
2 0.3885416666666667 0.5416666666666666 0.39114583333333336 0.5444444444444444 0.39010416666666664 0.5481481481481482 0.384375 0.5462962962962963 0.384375 0.5425925925925926 0.3880208333333333 0.5416666666666666
2 0.4609375 0.6342592592592593 0.4640625 0.6361111111111111 0.46197916666666666 0.6407407407407407 0.4583333333333333 0.6388888888888888 0.46041666666666664 0.6342592592592593
2 0.5848958333333333 0.6851851851851852 0.590625 0.687962962962963 0.5901041666666667 0.6925925925925925 0.5848958333333333 0.6944444444444444 0.5848958333333333 0.6861111111111111
2 0.3453125 0.5444444444444444 0.35052083333333334 0.5537037037037037 0.34427083333333336 0.5601851851851852 0.3328125 0.5574074074074075 0.3296875 0.5527777777777778 0.3296875 0.5481481481481482 0.3338541666666667 0.5425925925925926 0.34479166666666666 0.5444444444444444
2 0.6078125 0.6240740740740741 0.609375 0.6287037037037037 0.60625 0.6305555555555555 0.6041666666666666 0.6259259259259259 0.6072916666666667 0.6240740740740741
2 0.459375 0.5407407407407407 0.4609375 0.5462962962962963 0.4588541666666667 0.549074074074074 0.453125 0.5481481481481482 0.45208333333333334 0.5435185185185185 0.4546875 0.5398148148148149 0.4588541666666667 0.5407407407407407
2 0.42083333333333334 0.524074074074074 0.42239583333333336 0.5296296296296297 0.41822916666666665 0.5333333333333333 0.41510416666666666 0.5324074074074074 0.4140625 0.5259259259259259 0.4203125 0.524074074074074
2 0.6130208333333333 0.5009259259259259 0.6171875 0.5037037037037037 0.6192708333333333 0.5101851851851852 0.6151041666666667 0.5185185185185185 0.609375 0.5212962962962963 0.6 0.5185185185185185 0.5984375 0.5083333333333333 0.6057291666666667 0.5009259259259259 0.6125 0.5009259259259259
2 0.5463541666666667 0.6324074074074074 0.5489583333333333 0.6398148148148148 0.54375 0.6462962962962963 0.5364583333333334 0.6453703703703704 0.5338541666666666 0.6370370370370371 0.5369791666666667 0.6324074074074074 0.5458333333333333 0.6324074074074074
2 0.6302083333333334 0.6370370370370371 0.6296875 0.6407407407407407 0.6260416666666667 0.6407407407407407 0.6265625 0.6361111111111111 0.6296875 0.6370370370370371
2 0.5307291666666667 0.5314814814814814 0.53125 0.5370370370370371 0.5276041666666667 0.5398148148148149 0.5244791666666667 0.5388888888888889 0.5234375 0.5324074074074074 0.5255208333333333 0.5296296296296297 0.5302083333333333 0.5314814814814814
2 0.5822916666666667 0.6277777777777778 0.5838541666666667 0.6314814814814815 0.58125 0.6351851851851852 0.5765625 0.6324074074074074 0.578125 0.6277777777777778 0.5817708333333333 0.6277777777777778
2 0.5578125 0.537962962962963 0.5630208333333333 0.5435185185185185 0.5635416666666667 0.549074074074074 0.5552083333333333 0.5564814814814815 0.5442708333333334 0.5537037037037037 0.5427083333333333 0.5462962962962963 0.5458333333333333 0.5398148148148149 0.55 0.5370370370370371 0.5572916666666666 0.537962962962963
2 0.46822916666666664 0.6037037037037037 0.46979166666666666 0.6101851851851852 0.4635416666666667 0.6138888888888889 0.4609375 0.612037037037037 0.46041666666666664 0.6055555555555555 0.46770833333333334 0.6037037037037037
2 0.42916666666666664 0.562962962962963 0.43125 0.5694444444444444 0.42864583333333334 0.5722222222222222 0.4234375 0.5712962962962963 0.421875 0.5675925925925925 0.4239583333333333 0.562962962962963 0.42864583333333334 0.562962962962963
2 0.6010416666666667 0.5898148148148148 0.6026041666666667 0.5953703703703703 0.6 0.5990740740740741 0.5942708333333333 0.5990740740740741 0.5927083333333333 0.5953703703703703 0.5953125 0.5898148148148148 0.6005208333333333 0.5898148148148148
2 0.4505208333333333 0.5564814814814815 0.45416666666666666 0.5601851851851852 0.4552083333333333 0.5657407407407408 0.44895833333333335 0.5731481481481482 0.4390625 0.5703703703703704 0.43645833333333334 0.5657407407407408 0.43645833333333334 0.5601851851851852 0.440625 0.5555555555555556 0.45 0.5564814814814815
2 0.4046875 0.9407407407407408 0.4083333333333333 0.9490740740740741 0.4088541666666667 0.9583333333333334 0.40572916666666664 0.9666666666666667 0.40260416666666665 0.9685185185185186 0.3932291666666667 0.9666666666666667 0.3927083333333333 0.9527777777777777 0.39791666666666664 0.9416666666666667 0.4041666666666667 0.9407407407407408
2 0.5036458333333333 0.5101851851851852 0.5098958333333333 0.5157407407407407 0.5104166666666666 0.5231481481481481 0.5020833333333333 0.5296296296296297 0.49114583333333334 0.5259259259259259 0.4895833333333333 0.5175925925925926 0.4942708333333333 0.5111111111111111 0.503125 0.5101851851851852
2 0.38645833333333335 0.6203703703703703 0.39010416666666664 0.625 0.39010416666666664 0.6287037037037037 0.3848958333333333 0.6324074074074074 0.37916666666666665 0.6314814814814815 0.37604166666666666 0.6259259259259259 0.37864583333333335 0.6203703703703703 0.3859375 0.6203703703703703
2 0.4046875 0.6972222222222222 0.40572916666666664 0.7046296296296296 0.4015625 0.7074074074074074 0.3932291666666667 0.7064814814814815 0.39166666666666666 0.6990740740740741 0.3953125 0.6953703703703704 0.4041666666666667 0.6972222222222222
2 0.5895833333333333 0.6861111111111111 0.5911458333333334 0.6888888888888889 0.5890625 0.6935185185185185 0.584375 0.6916666666666667 0.5848958333333333 0.6851851851851852 0.5890625 0.6861111111111111
2 0.39739583333333334 0.5296296296296297 0.4005208333333333 0.5324074074074074 0.39895833333333336 0.5361111111111111 0.39427083333333335 0.5342592592592592 0.39427083333333335 0.5305555555555556 0.396875 0.5296296296296297
2 0.5625 0.7074074074074074 0.007291666666666667 0.012962962962962963
1 0.06875 0.5527777777777778 0.07708333333333334 0.5555555555555556 0.0796875 0.5694444444444444 0.07916666666666666 0.5787037037037037 0.07604166666666666 0.5888888888888889 0.06875 0.5953703703703703 0.06041666666666667 0.5935185185185186 0.05677083333333333 0.5851851851851851 0.057291666666666664 0.5648148148148148 0.0625 0.5546296296296296 0.06822916666666666 0.5527777777777778
1 0.16875 0.3333333333333333 0.19583333333333333 0.3509259259259259 0.20260416666666667 0.36018518518518516 0.203125 0.36944444444444446 0.19427083333333334 0.40555555555555556 0.19114583333333332 0.4425925925925926 0.1828125 0.45 0.17447916666666666 0.45092592592592595 0.16927083333333334 0.46944444444444444 0.165625 0.4740740740740741 0.16041666666666668 0.47314814814814815 0.15416666666666667 0.46296296296296297 0.15677083333333333 0.4425925925925926 0.14583333333333334 0.4287037037037037 0.14322916666666666 0.41388888888888886 0.14895833333333333 0.39351851851851855 0.1546875 0.34074074074074073 0.1578125 0.3333333333333333 0.16822916666666668 0.3333333333333333
1 0.0921875 0.4564814814814815 0.10208333333333333 0.4638888888888889 0.103125 0.4824074074074074 0.09947916666666666 0.5111111111111111 0.09322916666666667 0.5388888888888889 0.09322916666666667 0.5481481481481482 0.0890625 0.5537037037037037 0.06354166666666666 0.55 0.06145833333333333 0.5462962962962963 0.0640625 0.5435185185185185 0.06302083333333333 0.5333333333333333 0.0671875 0.5203703703703704 0.07083333333333333 0.4935185185185185 0.0765625 0.475 0.078125 0.46296296296296297 0.08177083333333333 0.4564814814814815 0.09166666666666666 0.4564814814814815
1 0.07447916666666667 0.46944444444444444 0.0765625 0.47314814814814815 0.071875 0.4888888888888889 0.06770833333333333 0.5203703703703704 0.0640625 0.5314814814814814 0.06666666666666667 0.55 0.05625 0.5472222222222223 0.05260416666666667 0.5425925925925926 0.0515625 0.5342592592592592 0.0640625 0.4759259259259259 0.06770833333333333 0.47129629629629627 0.07395833333333333 0.4703703703703704
1 0.7151041666666667 0.6157407407407407 0.7317708333333334 0.6157407407407407 0.7395833333333334 0.6824074074074075 0.7385416666666667 0.7074074074074074 0.7364583333333333 0.7148148148148148 0.7375 0.7314814814814815 0.7328125 0.7351851851851852 0.7255208333333333 0.7314814814814815 0.7171875 0.687962962962963 0.7140625 0.6435185185185185 0.7151041666666667 0.6166666666666667
1 0.75625 0.612037037037037 0.7661458333333333 0.6990740740740741 0.7625 0.7129629629629629 0.7625 0.725 0.7588541666666667 0.7287037037037037 0.7510416666666667 0.7268518518518519 0.7489583333333333 0.7166666666666667 0.7427083333333333 0.7027777777777777 0.7401041666666667 0.6666666666666666 0.7333333333333333 0.6175925925925926 0.734375 0.6138888888888889 0.7375 0.6129629629629629 0.7557291666666667 0.612037037037037
1 0.10729166666666666 0.48333333333333334 0.11770833333333333 0.4898148148148148 0.11927083333333334 0.4981481481481482 0.10729166666666666 0.5740740740740741 0.1 0.5777777777777777 0.08333333333333333 0.5712962962962963 0.0796875 0.5666666666666667 0.07916666666666666 0.5592592592592592 0.08072916666666667 0.5555555555555556 0.08802083333333334 0.5555555555555556 0.09375 0.55 0.0953125 0.5296296296296297 0.10104166666666667 0.5074074074074074 0.10260416666666666 0.4888888888888889 0.10677083333333333 0.48333333333333334
1 0.20104166666666667 0.3925925925925926 0.20260416666666667 0.39351851851851855 0.2046875 0.4148148148148148 0.203125 0.43703703703703706 0.19947916666666668 0.44814814814814813 0.1890625 0.462037037037037 0.18020833333333333 0.48333333333333334 0.17760416666666667 0.5027777777777778 0.17447916666666666 0.5083333333333333 0.15416666666666667 0.5055555555555555 0.15260416666666668 0.4981481481481482 0.15833333333333333 0.49537037037037035 0.16614583333333333 0.4842592592592593 0.16510416666666666 0.47685185185185186 0.1703125 0.46944444444444444 0.175 0.4527777777777778 0.1828125 0.45185185185185184 0.19114583333333332 0.4444444444444444 0.19479166666666667 0.4101851851851852 0.1984375 0.39351851851851855 0.20052083333333334 0.3925925925925926
1 0.03697916666666667 0.5527777777777778 0.04479166666666667 0.5574074074074075 0.046875 0.5638888888888889 0.04635416666666667 0.575925925925926 0.041666666666666664 0.5944444444444444 0.041666666666666664 0.6055555555555555 0.03802083333333333 0.612037037037037 0.026041666666666668 0.6111111111111112 0.0203125 0.6064814814814815 0.017708333333333333 0.6 0.021354166666666667 0.5842592592592593 0.025 0.5777777777777777 0.027604166666666666 0.5564814814814815 0.0296875 0.5527777777777778 0.036458333333333336 0.5527777777777778
1 0.15 0.3472222222222222 0.15208333333333332 0.3509259259259259 0.15052083333333333 0.38055555555555554 0.14791666666666667 0.3962962962962963 0.1421875 0.41388888888888886 0.1484375 0.4388888888888889 0.14427083333333332 0.4425925925925926 0.13333333333333333 0.47314814814814815 0.1296875 0.47314814814814815 0.12864583333333332 0.4703703703703704 0.12708333333333333 0.4351851851851852 0.12239583333333333 0.42592592592592593 0.11927083333333334 0.412962962962963 0.11979166666666667 0.3925925925925926 0.125 0.3592592592592593 0.1296875 0.34814814814814815 0.13854166666666667 0.3453703703703704 0.14947916666666666 0.3472222222222222
1 0.08385416666666666 0.5722222222222222 0.09739583333333333 0.5777777777777777 0.0984375 0.5805555555555556 0.09583333333333334 0.612037037037037 0.08958333333333333 0.6166666666666667 0.08125 0.6157407407407407 0.0734375 0.6055555555555555 0.07395833333333333 0.5944444444444444 0.08020833333333334 0.5731481481481482 0.08333333333333333 0.5722222222222222