0 0.6619791666666667 0.41574074074074074 0.6739583333333333 0.4212962962962963 0.6854166666666667 0.41944444444444445 0.6875 0.4287037037037037 0.6869791666666667 0.43796296296296294 0.6817708333333333 0.44907407407407407 0.678125 0.44814814814814813 0.6723958333333333 0.44074074074074077 0.6619791666666667 0.4388888888888889 0.6515625 0.43148148148148147 0.65 0.42407407407407405 0.6520833333333333 0.4166666666666667 0.6614583333333334 0.41574074074074074
0 0.45989583333333334 0.4824074074074074 0.4635416666666667 0.48148148148148145 0.47604166666666664 0.49074074074074076 0.4739583333333333 0.49722222222222223 0.45989583333333334 0.4962962962962963 0.4583333333333333 0.49074074074074076 0.45989583333333334 0.48333333333333334
0 0.4114583333333333 0.45925925925925926 0.4161458333333333 0.4703703703703704 0.4125 0.4898148148148148 0.4125 0.5046296296296297 0.4083333333333333 0.512962962962963 0.4015625 0.5083333333333333 0.4 0.4685185185185185 0.4036458333333333 0.4601851851851852 0.4109375 0.45925925925925926
0 0.5166666666666667 0.35833333333333334 0.53125 0.36574074074074076 0.5395833333333333 0.3648148148148148 0.5447916666666667 0.3675925925925926 0.5453125 0.375 0.5364583333333334 0.3888888888888889 0.5328125 0.38796296296296295 0.5296875 0.38055555555555554 0.5088541666666667 0.37222222222222223 0.5067708333333333 0.36666666666666664 0.5078125 0.36018518518518516 0.5161458333333333 0.35833333333333334
0 0.6088541666666667 0.3685185185185185 0.6104166666666667 0.37222222222222223 0.609375 0.37962962962962965 0.5989583333333334 0.3972222222222222 0.5953125 0.4101851851851852 0.5848958333333333 0.4305555555555556 0.5807291666666666 0.42962962962962964 0.5817708333333333 0.4185185185185185 0.6010416666666667 0.3787037037037037 0.6026041666666667 0.3712962962962963 0.6052083333333333 0.3675925925925926 0.6083333333333333 0.3685185185185185
0 0.47239583333333335 0.27685185185185185 0.47552083333333334 0.2851851851851852 0.47291666666666665 0.2972222222222222 0.459375 0.30833333333333335 0.4395833333333333 0.33611111111111114 0.425 0.35185185185185186 0.42135416666666664 0.35185185185185186 0.41822916666666665 0.34629629629629627 0.41822916666666665 0.337037037037037 0.45677083333333335 0.29444444444444445 0.4661458333333333 0.27685185185185185 0.471875 0.27685185185185185
0 0.43359375 0.37592592592592594 0.0140625 0.06296296296296296
0 0.6473958333333333 0.3314814814814815 0.6541666666666667 0.3388888888888889 0.6567708333333333 0.3472222222222222 0.6536458333333334 0.35 0.6458333333333334 0.3453703703703704 0.64375 0.33796296296296297 0.646875 0.33240740740740743
0 0.553125 0.37037037037037035 0.5682291666666667 0.37962962962962965 0.56875 0.3888888888888889 0.5671875 0.39444444444444443 0.5625 0.3990740740740741 0.5583333333333333 0.3972222222222222 0.5473958333333333 0.37962962962962965 0.5473958333333333 0.37222222222222223 0.5526041666666667 0.37037037037037035
0 0.6046875 0.47685185185185186 0.6229166666666667 0.4824074074074074 0.625 0.4842592592592593 0.625 0.4935185185185185 0.6229166666666667 0.49722222222222223 0.6046875 0.49444444444444446 0.5989583333333334 0.4981481481481482 0.5953125 0.49444444444444446 0.596875 0.47314814814814815 0.6 0.4703703703703704 0.6041666666666666 0.47685185185185186
0 0.6447916666666667 0.37037037037037035 0.6484375 0.37407407407407406 0.6479166666666667 0.38425925925925924 0.6458333333333334 0.387037037037037 0.6432291666666666 0.387037037037037 0.6359375 0.37407407407407406 0.6369791666666667 0.36944444444444446 0.6442708333333333 0.37037037037037035
0 0.5651041666666666 0.33055555555555555 0.5828125 0.3388888888888889 0.5927083333333333 0.33611111111111114 0.5973958333333333 0.33796296296296297 0.5989583333333334 0.35185185185185186 0.5927083333333333 0.36574074074074076 0.5765625 0.3527777777777778 0.5578125 0.3472222222222222 0.5604166666666667 0.3314814814814815 0.5645833333333333 0.33055555555555555
0 0.5489583333333333 0.3296296296296296 0.559375 0.3333333333333333 0.5572916666666666 0.3490740740740741 0.5395833333333333 0.337037037037037 0.5416666666666666 0.3296296296296296 0.5484375 0.3296296296296296
2 0.6067708333333334 0.33796296296296297 0.6109375 0.3435185185185185 0.6109375 0.34814814814814815 0.6072916666666667 0.35185185185185186 0.6 0.3509259259259259 0.5984375 0.3453703703703704 0.5994791666666667 0.33796296296296297 0.60625 0.33796296296296297
2 0.6619791666666667 0.4675925925925926 0.6671875 0.47685185185185186 0.6666666666666666 0.4824074074074074 0.6625 0.48703703703703705 0.6510416666666666 0.4842592592592593 0.6463541666666667 0.47685185185185186 0.6505208333333333 0.4685185185185185 0.6567708333333333 0.46574074074074073 0.6614583333333334 0.4675925925925926
2 0.56328125 0.4115740740740741 0.0067708333333333336 0.006481481481481481
2 0.40677083333333336 0.35462962962962963 0.40729166666666666 0.36018518518518516 0.4041666666666667 0.36203703703703705 0.4010416666666667 0.36018518518518516 0.4010416666666667 0.35555555555555557 0.40625 0.35462962962962963
2 0.46822916666666664 0.33611111111111114 0.4703125 0.34074074074074073 0.46770833333333334 0.3435185185185185 0.4630208333333333 0.3416666666666667 0.4635416666666667 0.337037037037037 0.46770833333333334 0.33611111111111114
2 0.484375 0.4351851851851852 0.48854166666666665 0.4388888888888889 0.4890625 0.44722222222222224 0.4817708333333333 0.4546296296296296 0.4734375 0.4537037037037037 0.46927083333333336 0.44907407407407407 0.46875 0.44351851851851853 0.47291666666666665 0.43703703703703706 0.48385416666666664 0.4351851851851852
2 0.4984375 0.4083333333333333 0.503125 0.41388888888888886 0.503125 0.4185185185185185 0.5 0.4222222222222222 0.490625 0.4222222222222222 0.4875 0.4185185185185185 0.48854166666666665 0.41203703703703703 0.4979166666666667 0.4083333333333333
2 0.515625 0.3138888888888889 0.5208333333333334 0.31666666666666665 0.5213541666666667 0.325 0.5145833333333333 0.3287037037037037 0.5078125 0.32685185185185184 0.5057291666666667 0.32037037037037036 0.5083333333333333 0.31574074074074077 0.5151041666666667 0.3138888888888889
2 0.425 0.37222222222222223 0.41770833333333335 0.36944444444444446 0.415625 0.362962962962963 0.42239583333333336 0.35648148148148145 0.43072916666666666 0.35648148148148145 0.4322916666666667 0.36574074074074076 0.42552083333333335 0.3712962962962963
2 0.49895833333333334 0.4 0.5010416666666667 0.40370370370370373 0.49947916666666664 0.4074074074074074 0.49375 0.40555555555555556 0.4947916666666667 0.4 0.4984375 0.4
2 0.6036458333333333 0.31574074074074077 0.6088541666666667 0.32314814814814813 0.6078125 0.3277777777777778 0.6036458333333333 0.33055555555555555 0.5947916666666667 0.3277777777777778 0.5932291666666667 0.32407407407407407 0.5932291666666667 0.32037037037037036 0.5963541666666666 0.31574074074074077 0.603125 0.31574074074074077
2 0.4635416666666667 0.37407407407407406 0.4666666666666667 0.375 0.4671875 0.38055555555555554 0.46041666666666664 0.38055555555555554 0.45989583333333334 0.3768518518518518 0.4630208333333333 0.375
2 0.5291666666666667 0.4527777777777778 0.5328125 0.4564814814814815 0.5328125 0.46296296296296297 0.5307291666666667 0.4648148148148148 0.5223958333333333 0.462037037037037 0.5234375 0.4546296296296296 0.5286458333333334 0.4527777777777778
2 0.5119791666666667 0.4166666666666667 0.5255208333333333 0.4203703703703704 0.5260416666666666 0.4324074074074074 0.51875 0.43796296296296294 0.5088541666666667 0.4351851851851852 0.50625 0.42592592592592593 0.5088541666666667 0.4185185185185185 0.5114583333333333 0.41759259259259257
2 0.5744791666666667 0.4675925925925926 0.5770833333333333 0.47314814814814815 0.575 0.4787037037037037 0.5723958333333333 0.47962962962962963 0.5671875 0.4787037037037037 0.5645833333333333 0.47129629629629627 0.5677083333333334 0.4666666666666667 0.5739583333333333 0.4675925925925926
2 0.48854166666666665 0.3814814814814815 0.49166666666666664 0.387037037037037 0.49114583333333334 0.39166666666666666 0.4875 0.39537037037037037 0.47604166666666664 0.39444444444444443 0.47291666666666665 0.38796296296296295 0.4796875 0.38055555555555554 0.48802083333333335 0.3814814814814815
2 0.6630208333333333 0.4537037037037037 0.6671875 0.4583333333333333 0.6671875 0.4638888888888889 0.6645833333333333 0.4675925925925926 0.6567708333333333 0.46296296296296297 0.6578125 0.45555555555555555 0.6625 0.4537037037037037
1 0.9088541666666666 0.5287037037037037 0.9114583333333334 0.5324074074074074 0.9119791666666667 0.5685185185185185 0.91875 0.5833333333333334 0.9197916666666667 0.6046296296296296 0.9114583333333334 0.65 0.9041666666666667 0.6611111111111111 0.8895833333333333 0.6601851851851852 0.8765625 0.6509259259259259 0.8697916666666666 0.6398148148148148 0.8682291666666667 0.6268518518518519 0.8791666666666667 0.575 0.8833333333333333 0.5675925925925925 0.89375 0.562962962962963 0.903125 0.5435185185185185 0.9046875 0.5324074074074074 0.9083333333333333 0.5287037037037037
1 0.9671875 0.45 0.9838541666666667 0.4546296296296296 0.9859375 0.462037037037037 0.9682291666666667 0.5 0.9671875 0.5101851851851852 0.9708333333333333 0.5175925925925926 0.9708333333333333 0.5222222222222223 0.9651041666666667 0.5314814814814814 0.9598958333333333 0.55 0.9567708333333333 0.5527777777777778 0.9479166666666666 0.55 0.9401041666666666 0.5425925925925926 0.9375 0.5314814814814814 0.9505208333333334 0.4703703703703704 0.9520833333333333 0.4537037037037037 0.9578125 0.45 0.9666666666666667 0.45
1 0.9494791666666667 0.425 0.9645833333333333 0.43425925925925923 0.9666666666666667 0.4425925925925926 0.9640625 0.44814814814814813 0.9557291666666666 0.44907407407407407 0.9510416666666667 0.4537037037037037 0.9432291666666667 0.5037037037037037 0.9354166666666667 0.5277777777777778 0.925 0.5166666666666667 0.921875 0.5055555555555555 0.9307291666666667 0.4675925925925926 0.9364583333333333 0.42962962962962964 0.9411458333333333 0.425 0.9489583333333333 0.425
1 0.9567708333333333 0.575 0.9630208333333333 0.5814814814814815 0.9651041666666667 0.5879629629629629 0.965625 0.5990740740740741 0.9630208333333333 0.6111111111111112 0.9651041666666667 0.6157407407407407 0.9661458333333334 0.6277777777777778 0.9479166666666666 0.7148148148148148 0.9453125 0.7231481481481481 0.9395833333333333 0.7305555555555555 0.928125 0.7277777777777777 0.9197916666666667 0.7212962962962963 0.9161458333333333 0.7138888888888889 0.9145833333333333 0.6990740740740741 0.9296875 0.6324074074074074 0.9328125 0.6064814814814815 0.9354166666666667 0.6018518518518519 0.9432291666666667 0.5972222222222222 0.9484375 0.5796296296296296 0.9526041666666667 0.575 0.95625 0.575
1 0.2864583333333333 0.24259259259259258 0.2890625 0.2537037037037037 0.2953125 0.26481481481481484 0.30052083333333335 0.33240740740740743 0.30364583333333334 0.34629629629629627 0.303125 0.3574074074074074 0.28229166666666666 0.3574074074074074 0.278125 0.3398148148148148 0.278125 0.3175925925925926 0.275 0.3 0.27239583333333334 0.2657407407407407 0.2760416666666667 0.2574074074074074 0.27760416666666665 0.24259259259259258 0.2859375 0.24259259259259258
1 0.9651041666666667 0.3861111111111111 0.9713541666666666 0.38981481481481484 0.9739583333333334 0.3972222222222222 0.9645833333333333 0.43148148148148147 0.9494791666666667 0.425 0.946875 0.4212962962962963 0.9510416666666667 0.38796296296296295 0.9541666666666667 0.3851851851851852 0.9645833333333333 0.3861111111111111
1 0.3078125 0.2361111111111111 0.3125 0.23981481481481481 0.31927083333333334 0.2796296296296296 0.32135416666666666 0.3037037037037037 0.321875 0.33425925925925926 0.3140625 0.3398148148148148 0.30625 0.3398148148148148 0.3020833333333333 0.3351851851851852 0.2989583333333333 0.30833333333333335 0.29791666666666666 0.26666666666666666 0.30104166666666665 0.2537037037037037 0.30052083333333335 0.23981481481481481 0.3072916666666667 0.2361111111111111
1 0.9875 0.4101851851851852 0.990625 0.4148148148148148 0.9911458333333333 0.43703703703703706 0.984375 0.45092592592592595 0.9692708333333333 0.44907407407407407 0.9661458333333334 0.4305555555555556 0.96875 0.41759259259259257 0.9734375 0.4101851851851852 0.9869791666666666 0.4101851851851852
1 0.8744791666666667 0.4925925925925926 0.8854166666666666 0.49444444444444446 0.8880208333333334 0.5 0.878125 0.5064814814814815 0.8723958333333334 0.5194444444444445 0.871875 0.5222222222222223 0.8776041666666666 0.5305555555555556 0.8770833333333333 0.5777777777777777 0.875 0.5898148148148148 0.8677083333333333 0.6111111111111112 0.8640625 0.6175925925925926 0.8588541666666667 0.6203703703703703 0.846875 0.6194444444444445 0.8369791666666667 0.612037037037037 0.834375 0.6074074074074074 0.8317708333333333 0.5935185185185186 0.8317708333333333 0.5722222222222222 0.8375 0.5518518518518518 0.8489583333333334 0.5388888888888889 0.8520833333333333 0.5287037037037037 0.8578125 0.5212962962962963 0.8625 0.49444444444444446 0.8739583333333333 0.4925925925925926