0 0.43020833333333336 0.37592592592592594 0.43333333333333335 0.37962962962962965 0.43333333333333335 0.3861111111111111 0.4296875 0.39166666666666666 0.42552083333333335 0.3888888888888889 0.42083333333333334 0.37962962962962965 0.4234375 0.375 0.4296875 0.37592592592592594
0 0.4703125 0.43333333333333335 0.5041666666666667 0.44351851851851853 0.50625 0.4462962962962963 0.5046875 0.45740740740740743 0.4796875 0.45092592592592595 0.4666666666666667 0.45185185185185184 0.46458333333333335 0.44722222222222224 0.46458333333333335 0.4351851851851852 0.46979166666666666 0.43333333333333335
0 0.44375 0.2490740740740741 0.4473958333333333 0.25277777777777777 0.4484375 0.25925925925925924 0.4432291666666667 0.27870370370370373 0.4401041666666667 0.2759259259259259 0.43854166666666666 0.2611111111111111 0.4390625 0.2518518518518518 0.4432291666666667 0.2490740740740741
0 0.6348958333333333 0.3425925925925926 0.6364583333333333 0.3490740740740741 0.6354166666666666 0.4064814814814815 0.6380208333333334 0.42685185185185187 0.6369791666666667 0.4324074074074074 0.63125 0.4388888888888889 0.6234375 0.4361111111111111 0.6203125 0.42314814814814816 0.6244791666666667 0.4083333333333333 0.6234375 0.4 0.625 0.39444444444444443 0.6260416666666667 0.3490740740740741 0.6291666666666667 0.3416666666666667 0.634375 0.3425925925925926
0 0.453125 0.33240740740740743 0.45625 0.34074074074074073 0.45625 0.35185185185185186 0.453125 0.35185185185185186 0.4484375 0.3416666666666667 0.4484375 0.3351851851851852 0.45260416666666664 0.33240740740740743
0 0.5223958333333333 0.43796296296296294 0.5208333333333334 0.43425925925925923 0.5213541666666667 0.425 0.5359375 0.412962962962963 0.5401041666666667 0.41388888888888886 0.5395833333333333 0.4222222222222222 0.528125 0.4388888888888889 0.5229166666666667 0.43796296296296294
0 0.47552083333333334 0.3509259259259259 0.48541666666666666 0.3574074074074074 0.4942708333333333 0.35555555555555557 0.4979166666666667 0.3592592592592593 0.49947916666666664 0.3675925925925926 0.4979166666666667 0.37962962962962965 0.49166666666666664 0.387037037037037 0.4796875 0.37407407407407406 0.4640625 0.362962962962963 0.4630208333333333 0.35185185185185186 0.46458333333333335 0.3490740740740741 0.4713541666666667 0.34814814814814815 0.475 0.3509259259259259
0 0.6411458333333333 0.29259259259259257 0.6442708333333333 0.29907407407407405 0.6421875 0.3074074074074074 0.625 0.31851851851851853 0.6213541666666667 0.3175925925925926 0.6192708333333333 0.31296296296296294 0.61875 0.3055555555555556 0.6208333333333333 0.2962962962962963 0.640625 0.29259259259259257
0 0.5901041666666667 0.27870370370370373 0.5901041666666667 0.2722222222222222 0.5984375 0.26944444444444443 0.6010416666666667 0.2712962962962963 0.6005208333333333 0.2814814814814815 0.590625 0.27870370370370373
0 0.5557291666666667 0.4083333333333333 0.017708333333333333 0.07222222222222222
0 0.4765625 0.3074074074074074 0.48333333333333334 0.31296296296296294 0.5260416666666666 0.3287037037037037 0.5291666666666667 0.33425925925925926 0.5270833333333333 0.3388888888888889 0.4875 0.32222222222222224 0.4734375 0.32037037037037036 0.4703125 0.31203703703703706 0.4734375 0.3055555555555556 0.47604166666666664 0.3074074074074074
0 0.5609375 0.25092592592592594 0.5640625 0.2611111111111111 0.5630208333333333 0.26851851851851855 0.5541666666666667 0.26944444444444443 0.5494791666666666 0.27314814814814814 0.5442708333333334 0.2722222222222222 0.5432291666666667 0.26481481481481484 0.5604166666666667 0.25092592592592594
0 0.6385416666666667 0.2574074074074074 0.6453125 0.27037037037037037 0.6453125 0.2796296296296296 0.6416666666666667 0.2851851851851852 0.6364583333333333 0.28425925925925927 0.6338541666666667 0.27870370370370373 0.6328125 0.262037037037037 0.6348958333333333 0.2574074074074074 0.6380208333333334 0.2574074074074074
2 0.45625 0.28888888888888886 0.46041666666666664 0.29259259259259257 0.45989583333333334 0.2962962962962963 0.453125 0.29814814814814816 0.45208333333333334 0.29259259259259257 0.4557291666666667 0.2898148148148148
2 0.571875 0.3175925925925926 0.5765625 0.32407407407407407 0.5729166666666666 0.3314814814814815 0.5645833333333333 0.3314814814814815 0.5588541666666667 0.32407407407407407 0.5630208333333333 0.3175925925925926 0.5713541666666667 0.3175925925925926
2 0.46927083333333336 0.28055555555555556 0.4713541666666667 0.28425925925925927 0.4703125 0.28888888888888886 0.4609375 0.29259259259259257 0.4557291666666667 0.287962962962963 0.45677083333333335 0.2824074074074074 0.46197916666666666 0.27870370370370373 0.46875 0.28055555555555556
2 0.6619791666666667 0.36666666666666664 0.6651041666666667 0.3712962962962963 0.6651041666666667 0.37592592592592594 0.6619791666666667 0.37962962962962965 0.6541666666666667 0.37962962962962965 0.646875 0.37222222222222223 0.646875 0.3685185185185185 0.65 0.36574074074074076 0.6614583333333334 0.36666666666666664
2 0.525 0.2861111111111111 0.528125 0.28888888888888886 0.5260416666666666 0.2953703703703704 0.51875 0.29259259259259257 0.5197916666666667 0.287962962962963 0.5244791666666667 0.2861111111111111
2 0.5260416666666666 0.3074074074074074 0.5276041666666667 0.30925925925925923 0.5270833333333333 0.31296296296296294 0.5223958333333333 0.31203703703703706 0.5223958333333333 0.30833333333333335 0.5255208333333333 0.3074074074074074
2 0.6859375 0.37407407407407406 0.6880208333333333 0.37962962962962965 0.6864583333333333 0.3824074074074074 0.6802083333333333 0.38055555555555554 0.6807291666666667 0.375 0.6854166666666667 0.37407407407407406
2 0.4765625 0.4074074074074074 0.48072916666666665 0.41203703703703703 0.48125 0.41944444444444445 0.4734375 0.42592592592592593 0.4666666666666667 0.42407407407407405 0.46458333333333335 0.4212962962962963 0.4640625 0.4148148148148148 0.46927083333333336 0.4074074074074074 0.47604166666666664 0.4074074074074074
2 0.48541666666666666 0.3851851851851852 0.48802083333333335 0.387037037037037 0.48802083333333335 0.39444444444444443 0.48125 0.4 0.47291666666666665 0.3990740740740741 0.4703125 0.3972222222222222 0.46979166666666666 0.3925925925925926 0.4744791666666667 0.3851851851851852 0.48489583333333336 0.3851851851851852
2 0.58125 0.3148148148148148 0.584375 0.3175925925925926 0.5838541666666667 0.32037037037037036 0.5796875 0.32222222222222224 0.5770833333333333 0.3175925925925926 0.5807291666666666 0.3148148148148148
2 0.6307291666666667 0.3277777777777778 0.6359375 0.3314814814814815 0.6369791666666667 0.337037037037037 0.6354166666666666 0.34074074074074073 0.6270833333333333 0.3416666666666667 0.6203125 0.3398148148148148 0.6197916666666666 0.33425925925925926 0.6234375 0.3277777777777778 0.6302083333333334 0.3277777777777778
2 0.5450520833333333 0.36342592592592593 0.015104166666666667 0.013888888888888888
2 0.5916666666666667 0.41759259259259257 0.5953125 0.4222222222222222 0.5953125 0.42962962962962964 0.5895833333333333 0.4351851851851852 0.58125 0.43425925925925923 0.5755208333333334 0.42407407407407405 0.58125 0.41574074074074074 0.5911458333333334 0.41759259259259257
2 0.5796875 0.3055555555555556 0.58125 0.3101851851851852 0.578125 0.31296296296296294 0.571875 0.3111111111111111 0.5713541666666667 0.30648148148148147 0.5791666666666667 0.3055555555555556
2 0.6552083333333333 0.33425925925925926 0.6588541666666666 0.33796296296296297 0.6588541666666666 0.3416666666666667 0.6552083333333333 0.3453703703703704 0.6473958333333333 0.34444444444444444 0.6442708333333333 0.3398148148148148 0.6463541666666667 0.33425925925925926 0.6546875 0.33425925925925926
2 0.5260416666666666 0.3074074074074074 0.5276041666666667 0.30925925925925923 0.5270833333333333 0.31296296296296294 0.5223958333333333 0.31203703703703706 0.5223958333333333 0.30833333333333335 0.5255208333333333 0.3074074074074074
2 0.6229166666666667 0.39537037037037037 0.6244791666666667 0.40185185185185185 0.6229166666666667 0.4046296296296296 0.6203125 0.4009259259259259 0.6223958333333334 0.3962962962962963
2 0.6265625 0.3416666666666667 0.6265625 0.3490740740740741 0.6229166666666667 0.3592592592592593 0.6177083333333333 0.35185185185185186 0.6161458333333333 0.3453703703703704 0.61875 0.34074074074074073 0.6260416666666667 0.3416666666666667
1 0.98125 0.4083333333333333 0.9875 0.4111111111111111 0.9911458333333333 0.4185185185185185 0.990625 0.4388888888888889 0.9848958333333333 0.4527777777777778 0.9682291666666667 0.45 0.9645833333333333 0.4324074074074074 0.9671875 0.4212962962962963 0.9729166666666667 0.4101851851851852 0.9807291666666667 0.4083333333333333
1 0.9635416666666666 0.5731481481481482 0.9666666666666667 0.5796296296296296 0.9666666666666667 0.5879629629629629 0.9625 0.6083333333333333 0.9666666666666667 0.6231481481481481 0.9661458333333334 0.6314814814814815 0.9458333333333333 0.7203703703703703 0.9421875 0.7296296296296296 0.9385416666666667 0.7314814814814815 0.9265625 0.7277777777777777 0.9171875 0.7175925925925926 0.9151041666666667 0.7074074074074074 0.9166666666666666 0.687962962962963 0.9307291666666667 0.6333333333333333 0.9333333333333333 0.6064814814814815 0.9427083333333334 0.5990740740740741 0.9484375 0.5805555555555556 0.9630208333333333 0.5731481481481482
1 0.9494791666666667 0.42685185185185187 0.9635416666666666 0.43425925925925923 0.965625 0.43796296296296294 0.9661458333333334 0.4462962962962963 0.9640625 0.45 0.95625 0.45 0.9510416666666667 0.4546296296296296 0.9427083333333334 0.5055555555555555 0.9369791666666667 0.524074074074074 0.9239583333333333 0.5148148148148148 0.921875 0.5046296296296297 0.9317708333333333 0.46111111111111114 0.9359375 0.43148148148148147 0.9390625 0.42685185185185187 0.9489583333333333 0.42685185185185187
1 0.9666666666666667 0.45185185185185184 0.9802083333333333 0.4564814814814815 0.9786458333333333 0.45925925925925926 0.9817708333333334 0.4675925925925926 0.9817708333333334 0.47314814814814815 0.971875 0.525 0.9645833333333333 0.5481481481481482 0.9604166666666667 0.5518518518518518 0.9494791666666667 0.5509259259259259 0.9427083333333334 0.5462962962962963 0.9390625 0.5398148148148149 0.9385416666666667 0.5305555555555556 0.9515625 0.45555555555555555 0.9552083333333333 0.45185185185185184 0.9661458333333334 0.45185185185185184
1 0.2916666666666667 0.25833333333333336 0.2953125 0.26851851851851855 0.2984375 0.31203703703703706 0.30416666666666664 0.35462962962962963 0.303125 0.35833333333333334 0.2828125 0.35833333333333334 0.28020833333333334 0.3537037037037037 0.278125 0.33796296296296297 0.278125 0.3194444444444444 0.2755208333333333 0.3074074074074074 0.27239583333333334 0.26666666666666666 0.2760416666666667 0.25833333333333336 0.27760416666666665 0.24351851851851852 0.2864583333333333 0.24351851851851852 0.2911458333333333 0.25833333333333336
1 0.9645833333333333 0.387037037037037 0.9729166666666667 0.39444444444444443 0.9734375 0.40370370370370373 0.9635416666666666 0.4324074074074074 0.9473958333333333 0.425 0.9473958333333333 0.4185185185185185 0.9505208333333334 0.38981481481481484 0.9557291666666666 0.3861111111111111 0.9640625 0.387037037037037
1 0.309375 0.23796296296296296 0.3125 0.24166666666666667 0.31875 0.27685185185185185 0.3223958333333333 0.3287037037037037 0.32135416666666666 0.337037037037037 0.31145833333333334 0.3416666666666667 0.303125 0.33796296296296297 0.2989583333333333 0.30833333333333335 0.3020833333333333 0.25833333333333336 0.30052083333333335 0.24166666666666667 0.303125 0.23796296296296296 0.30885416666666665 0.23796296296296296
1 0.9088541666666666 0.5305555555555556 0.9114583333333334 0.5351851851851852 0.9119791666666667 0.5712962962962963 0.9192708333333334 0.587037037037037 0.9203125 0.6083333333333333 0.9098958333333333 0.6546296296296297 0.9026041666666667 0.6620370370370371 0.8921875 0.6620370370370371 0.8786458333333333 0.6537037037037037 0.8708333333333333 0.6425925925925926 0.86875 0.6305555555555555 0.8791666666666667 0.5740740740740741 0.8828125 0.5685185185185185 0.8947916666666667 0.562962962962963 0.9026041666666667 0.5444444444444444 0.9052083333333333 0.5324074074074074 0.9083333333333333 0.5305555555555556
1 0.884375 0.49537037037037035 0.8875 0.49722222222222223 0.8875 0.5018518518518519 0.878125 0.5064814814814815 0.8723958333333334 0.5175925925925926 0.8723958333333334 0.5231481481481481 0.878125 0.5287037037037037 0.8770833333333333 0.5787037037037037 0.8692708333333333 0.6083333333333333 0.8625 0.6203703703703703 0.8484375 0.6203703703703703 0.8380208333333333 0.6129629629629629 0.8338541666666667 0.6055555555555555 0.8317708333333333 0.5925925925925926 0.8328125 0.5675925925925925 0.8369791666666667 0.5546296296296296 0.8494791666666667 0.5407407407407407 0.8520833333333333 0.5314814814814814 0.8588541666666667 0.5203703703703704 0.8598958333333333 0.5009259259259259 0.8619791666666666 0.49444444444444446 0.8838541666666667 0.49537037037037035
1 0.9770833333333333 0.4546296296296296 0.9895833333333334 0.4583333333333333 0.9947916666666666 0.46574074074074073 0.9942708333333333 0.4759259259259259 0.98125 0.5324074074074074 0.9770833333333333 0.5370370370370371 0.9703125 0.5370370370370371 0.9697916666666667 0.5305555555555556 0.9817708333333334 0.4759259259259259 0.9817708333333334 0.4666666666666667 0.9770833333333333 0.45555555555555555