0 0.6380208333333334 0.28888888888888886 0.6385416666666667 0.2824074074074074 0.6286458333333333 0.2574074074074074 0.6296875 0.2518518518518518 0.6333333333333333 0.2518518518518518 0.6473958333333333 0.28888888888888886 0.6447916666666667 0.2972222222222222 0.640625 0.2972222222222222 0.6385416666666667 0.2898148148148148
0 0.5268229166666667 0.2708333333333333 0.011979166666666667 0.04351851851851852
0 0.4708333333333333 0.28425925925925927 0.4791666666666667 0.2898148148148148 0.4786458333333333 0.2962962962962963 0.45 0.29814814814814816 0.4473958333333333 0.2962962962962963 0.4484375 0.2861111111111111 0.46510416666666665 0.28888888888888886 0.4703125 0.28425925925925927
0 0.3953125 0.28055555555555556 0.41770833333333335 0.2851851851851852 0.41875 0.3 0.41458333333333336 0.30092592592592593 0.390625 0.30092592592592593 0.3885416666666667 0.2935185185185185 0.38958333333333334 0.2796296296296296 0.39479166666666665 0.28055555555555556
0 0.5104166666666666 0.23055555555555557 0.5140625 0.22962962962962963 0.5145833333333333 0.23703703703703705 0.5020833333333333 0.2796296296296296 0.5015625 0.29074074074074074 0.4973958333333333 0.2916666666666667 0.4953125 0.28703703703703703 0.4953125 0.28055555555555556 0.49947916666666664 0.2712962962962963 0.5104166666666666 0.23148148148148148
0 0.5005208333333333 0.34814814814814815 0.5052083333333334 0.35462962962962963 0.5328125 0.35555555555555557 0.5333333333333333 0.36574074074074076 0.5322916666666667 0.36944444444444446 0.5052083333333334 0.3685185185185185 0.49895833333333334 0.37222222222222223 0.48333333333333334 0.37037037037037035 0.4828125 0.3592592592592593 0.4859375 0.3574074074074074 0.4942708333333333 0.3611111111111111 0.496875 0.3490740740740741 0.5 0.34814814814814815
0 0.5166666666666667 0.24537037037037038 0.565625 0.25092592592592594 0.5671875 0.25925925925925924 0.5651041666666666 0.26666666666666666 0.5348958333333333 0.26481481481481484 0.5322916666666667 0.262037037037037 0.5296875 0.24814814814814815 0.5255208333333333 0.2490740740740741 0.521875 0.25925925925925924 0.5145833333333333 0.2601851851851852 0.5098958333333333 0.2537037037037037 0.5119791666666667 0.24722222222222223 0.5161458333333333 0.24537037037037038
0 0.5484375 0.21203703703703702 0.5515625 0.21574074074074073 0.5505208333333333 0.22037037037037038 0.5411458333333333 0.21851851851851853 0.5416666666666666 0.20833333333333334 0.5479166666666667 0.21203703703703702
0 0.42864583333333334 0.28055555555555556 0.44583333333333336 0.2833333333333333 0.4473958333333333 0.2861111111111111 0.446875 0.29444444444444445 0.44583333333333336 0.2972222222222222 0.42552083333333335 0.29907407407407405 0.41822916666666665 0.29814814814814816 0.4171875 0.2833333333333333 0.4197916666666667 0.2777777777777778 0.4244791666666667 0.2814814814814815 0.428125 0.28055555555555556
2 0.5994791666666667 0.2824074074074074 0.6 0.2898148148148148 0.5953125 0.29259259259259257 0.5869791666666667 0.29074074074074074 0.5838541666666667 0.2833333333333333 0.5875 0.2796296296296296 0.5989583333333334 0.2824074074074074
2 0.4744791666666667 0.2351851851851852 0.4822916666666667 0.23796296296296296 0.47708333333333336 0.2462962962962963 0.46875 0.24351851851851852 0.46927083333333336 0.23703703703703705 0.4739583333333333 0.2351851851851852
2 0.48489583333333336 0.2212962962962963 0.4869791666666667 0.22314814814814815 0.4859375 0.22592592592592592 0.48125 0.22407407407407406 0.484375 0.2212962962962963
2 0.6098958333333333 0.31666666666666665 0.6130208333333333 0.32037037037037036 0.6098958333333333 0.325 0.6052083333333333 0.325 0.6020833333333333 0.3212962962962963 0.6046875 0.31666666666666665 0.609375 0.31666666666666665
2 0.5541666666666667 0.33240740740740743 0.55625 0.33796296296296297 0.5536458333333333 0.34074074074074073 0.5463541666666667 0.33796296296296297 0.5479166666666667 0.33240740740740743 0.5536458333333333 0.33240740740740743
2 0.6619791666666667 0.36018518518518516 0.6708333333333333 0.36574074074074076 0.6708333333333333 0.36944444444444446 0.6682291666666667 0.37222222222222223 0.65625 0.36944444444444446 0.6557291666666667 0.3638888888888889 0.6614583333333334 0.36018518518518516
2 0.4786458333333333 0.34074074074074073 0.4796875 0.3435185185185185 0.478125 0.3453703703703704 0.4739583333333333 0.34444444444444444 0.4744791666666667 0.34074074074074073 0.478125 0.34074074074074073
2 0.41510416666666666 0.3787037037037037 0.42135416666666664 0.37962962962962965 0.4197916666666667 0.38333333333333336 0.4161458333333333 0.38333333333333336 0.41510416666666666 0.37962962962962965
2 0.4171875 0.23333333333333334 0.41770833333333335 0.23796296296296296 0.41510416666666666 0.23981481481481481 0.41041666666666665 0.2388888888888889 0.409375 0.23425925925925925 0.4166666666666667 0.23333333333333334
2 0.440625 0.35185185185185186 0.4421875 0.3592592592592593 0.43385416666666665 0.36574074074074076 0.4244791666666667 0.36203703703703705 0.4234375 0.35555555555555557 0.42916666666666664 0.35 0.4401041666666667 0.35185185185185186
2 0.578125 0.22777777777777777 0.5786458333333333 0.23333333333333334 0.5723958333333333 0.23055555555555557 0.5776041666666667 0.22777777777777777
2 0.44895833333333335 0.33240740740740743 0.4510416666666667 0.33796296296296297 0.44635416666666666 0.34074074074074073 0.44166666666666665 0.3398148148148148 0.440625 0.3351851851851852 0.4484375 0.33240740740740743
2 0.4078125 0.3287037037037037 0.409375 0.3314814814814815 0.4078125 0.3351851851851852 0.40260416666666665 0.3351851851851852 0.4010416666666667 0.3314814814814815 0.40729166666666666 0.3287037037037037
2 0.5848958333333333 0.33055555555555555 0.5869791666666667 0.3333333333333333 0.5854166666666667 0.33611111111111114 0.5807291666666666 0.3351851851851852 0.58125 0.3314814814814815 0.584375 0.33055555555555555
2 0.5776041666666667 0.34444444444444444 0.5822916666666667 0.34814814814814815 0.5828125 0.3537037037037037 0.5755208333333334 0.35833333333333334 0.5671875 0.35648148148148145 0.5640625 0.3509259259259259 0.5671875 0.3453703703703704 0.5770833333333333 0.34444444444444444
2 0.6140625 0.37407407407407406 0.615625 0.37592592592592594 0.6151041666666667 0.37962962962962965 0.609375 0.3787037037037037 0.6098958333333333 0.375 0.6135416666666667 0.37407407407407406
2 0.5708333333333333 0.2972222222222222 0.5765625 0.30277777777777776 0.5765625 0.30648148148148147 0.571875 0.3111111111111111 0.5640625 0.3101851851851852 0.5614583333333333 0.30648148148148147 0.5619791666666667 0.3 0.5703125 0.2972222222222222
2 0.4317708333333333 0.2222222222222222 0.43645833333333334 0.22685185185185186 0.4359375 0.23055555555555557 0.4322916666666667 0.2324074074074074 0.421875 0.22962962962962963 0.421875 0.22592592592592592 0.4244791666666667 0.22314814814814815 0.43125 0.2222222222222222
2 0.6223958333333334 0.2462962962962963 0.6270833333333333 0.25092592592592594 0.6260416666666667 0.25555555555555554 0.6229166666666667 0.2564814814814815 0.6114583333333333 0.2518518518518518 0.6151041666666667 0.2462962962962963 0.621875 0.2462962962962963
2 0.640625 0.3388888888888889 0.6473958333333333 0.34444444444444444 0.6473958333333333 0.3490740740740741 0.64375 0.3527777777777778 0.6328125 0.35185185185185186 0.6286458333333333 0.34629629629629627 0.6317708333333333 0.3398148148148148 0.6401041666666667 0.3388888888888889
2 0.51875 0.21388888888888888 0.5208333333333334 0.21666666666666667 0.5192708333333333 0.22037037037037038 0.5125 0.21851851851851853 0.5145833333333333 0.21388888888888888 0.5182291666666666 0.21388888888888888
1 0.9421875 0.3490740740740741 0.9473958333333333 0.35555555555555557 0.9473958333333333 0.3768518518518518 0.9432291666666667 0.3851851851851852 0.9359375 0.3861111111111111 0.9265625 0.38333333333333336 0.9244791666666666 0.3675925925925926 0.9307291666666667 0.3509259259259259 0.9416666666666667 0.3490740740740741
1 0.8395833333333333 0.45185185185185184 0.8447916666666667 0.46296296296296297 0.8432291666666667 0.48055555555555557 0.853125 0.49537037037037035 0.8546875 0.5046296296296297 0.8489583333333334 0.525 0.8442708333333333 0.5740740740740741 0.8421875 0.5814814814814815 0.8380208333333333 0.5851851851851851 0.8234375 0.5814814814814815 0.8036458333333333 0.5675925925925925 0.7984375 0.5601851851851852 0.7979166666666667 0.549074074074074 0.80625 0.5148148148148148 0.809375 0.48333333333333334 0.8130208333333333 0.47685185185185186 0.8255208333333334 0.4722222222222222 0.8322916666666667 0.45185185185185184 0.8390625 0.45185185185185184
1 0.9328125 0.38796296296296295 0.9369791666666667 0.3962962962962963 0.9359375 0.40925925925925927 0.9229166666666667 0.4703703703703704 0.9182291666666667 0.4777777777777778 0.90625 0.47685185185185186 0.9 0.4703703703703704 0.8984375 0.4638888888888889 0.8989583333333333 0.4527777777777778 0.903125 0.4361111111111111 0.9098958333333333 0.38796296296296295 0.9125 0.3851851851851852 0.9322916666666666 0.38796296296296295
1 0.9416666666666667 0.38796296296296295 0.9473958333333333 0.39166666666666666 0.95 0.4027777777777778 0.9411458333333333 0.4398148148148148 0.9390625 0.4564814814814815 0.9354166666666667 0.46296296296296297 0.9260416666666667 0.462037037037037 0.9255208333333333 0.4564814814814815 0.9302083333333333 0.44351851851851853 0.9375 0.4 0.934375 0.3888888888888889 0.9411458333333333 0.38796296296296295
1 0.28229166666666666 0.20925925925925926 0.28541666666666665 0.2212962962962963 0.29270833333333335 0.23425925925925925 0.29322916666666665 0.275 0.296875 0.29259259259259257 0.2984375 0.3138888888888889 0.29583333333333334 0.31851851851851853 0.2791666666666667 0.3194444444444444 0.2765625 0.31666666666666665 0.2755208333333333 0.3101851851851852 0.275 0.2824074074074074 0.26927083333333335 0.23148148148148148 0.27239583333333334 0.2222222222222222 0.27239583333333334 0.21203703703703702 0.2765625 0.20833333333333334 0.28177083333333336 0.20925925925925926
1 0.9041666666666667 0.36203703703703705 0.9177083333333333 0.36666666666666664 0.9234375 0.37222222222222223 0.9234375 0.37777777777777777 0.921875 0.38333333333333336 0.9125 0.38333333333333336 0.9088541666666666 0.387037037037037 0.9078125 0.40185185185185185 0.8984375 0.45185185185185184 0.8932291666666666 0.4537037037037037 0.8859375 0.44722222222222224 0.884375 0.4361111111111111 0.8916666666666667 0.4 0.8958333333333334 0.3675925925925926 0.8979166666666667 0.3638888888888889 0.9036458333333334 0.362962962962963
1 0.8427083333333333 0.4351851851851852 0.8598958333333333 0.44907407407407407 0.8604166666666667 0.4601851851851852 0.8458333333333333 0.4703703703703704 0.8442708333333333 0.45740740740740743 0.8416666666666667 0.4527777777777778 0.8375 0.44907407407407407 0.8322916666666667 0.45 0.8255208333333334 0.4703703703703704 0.8140625 0.475 0.8083333333333333 0.4842592592592593 0.8072916666666666 0.5046296296296297 0.8041666666666667 0.5212962962962963 0.8010416666666667 0.5277777777777778 0.7979166666666667 0.5175925925925926 0.7979166666666667 0.49722222222222223 0.8036458333333333 0.4759259259259259 0.8114583333333333 0.46574074074074073 0.8203125 0.44814814814814813 0.8421875 0.4351851851851852
1 0.3046875 0.20277777777777778 0.3067708333333333 0.20555555555555555 0.3078125 0.21944444444444444 0.31197916666666664 0.23425925925925925 0.3145833333333333 0.2537037037037037 0.31666666666666665 0.29907407407407405 0.315625 0.31666666666666665 0.3140625 0.31851851851851853 0.3026041666666667 0.31851851851851853 0.3 0.3148148148148148 0.2942708333333333 0.27314814814814814 0.2942708333333333 0.24074074074074073 0.296875 0.22314814814814815 0.29583333333333334 0.20833333333333334 0.29791666666666666 0.2037037037037037 0.30416666666666664 0.20277777777777778
1 0.9791666666666666 0.33425925925925926 0.9864583333333333 0.3425925925925926 0.9864583333333333 0.3490740740740741 0.9802083333333333 0.36666666666666664 0.9770833333333333 0.38981481481481484 0.975 0.39166666666666666 0.9635416666666666 0.38981481481481484 0.9588541666666667 0.3861111111111111 0.9578125 0.37962962962962965 0.9651041666666667 0.3351851851851852 0.9786458333333333 0.33425925925925926
1 0.8661458333333333 0.4537037037037037 0.8697916666666666 0.4601851851851852 0.8708333333333333 0.4888888888888889 0.8770833333333333 0.5 0.8786458333333333 0.512962962962963 0.878125 0.5268518518518519 0.8703125 0.5694444444444444 0.8625 0.575 0.8526041666666667 0.575 0.8458333333333333 0.5712962962962963 0.8484375 0.5333333333333333 0.8552083333333333 0.5064814814814815 0.8536458333333333 0.4898148148148148 0.8578125 0.47314814814814815 0.865625 0.4546296296296296
1 0.9229166666666667 0.3287037037037037 0.9286458333333333 0.3314814814814815 0.9322916666666666 0.337037037037037 0.9322916666666666 0.34629629629629627 0.9239583333333333 0.36944444444444446 0.9088541666666666 0.36203703703703705 0.9109375 0.33240740740740743 0.9140625 0.3287037037037037 0.9223958333333333 0.3287037037037037