0 0.5536458333333333 0.23055555555555557 0.5578125 0.2361111111111111 0.5817708333333333 0.23703703703703705 0.5828125 0.25092592592592594 0.58125 0.2574074074074074 0.5760416666666667 0.2611111111111111 0.5677083333333334 0.2611111111111111 0.5609375 0.25555555555555554 0.5505208333333333 0.25925925925925924 0.55 0.23425925925925925 0.553125 0.23055555555555557
0 0.6838541666666667 0.12407407407407407 0.6973958333333333 0.13333333333333333 0.6989583333333333 0.14166666666666666 0.6963541666666667 0.14444444444444443 0.6791666666666667 0.13703703703703704 0.6786458333333333 0.1259259259259259 0.6833333333333333 0.12407407407407407
0 0.4859375 0.31296296296296294 0.49114583333333334 0.32037037037037036 0.49114583333333334 0.3287037037037037 0.4713541666666667 0.35462962962962963 0.46197916666666666 0.3611111111111111 0.4588541666666667 0.36018518518518516 0.45729166666666665 0.34814814814814815 0.48072916666666665 0.31574074074074077 0.48541666666666666 0.31296296296296294
0 0.6890625 0.3296296296296296 0.69375 0.3314814814814815 0.69375 0.3453703703703704 0.6786458333333333 0.3453703703703704 0.6765625 0.3425925925925926 0.6776041666666667 0.33611111111111114 0.6864583333333333 0.33425925925925926 0.6890625 0.33055555555555555
0 0.5166666666666667 0.15648148148148147 0.51875 0.16203703703703703 0.5145833333333333 0.1712962962962963 0.5098958333333333 0.17037037037037037 0.5083333333333333 0.16018518518518518 0.5114583333333333 0.15648148148148147 0.5161458333333333 0.15648148148148147
0 0.5015625 0.33796296296296297 0.50625 0.3509259259259259 0.5046875 0.3638888888888889 0.5015625 0.36574074074074076 0.49270833333333336 0.362962962962963 0.48072916666666665 0.37037037037037035 0.47604166666666664 0.3675925925925926 0.475 0.35833333333333334 0.4765625 0.35555555555555557 0.49322916666666666 0.3472222222222222 0.4973958333333333 0.33796296296296297 0.5010416666666667 0.33796296296296297
0 0.4041666666666667 0.3175925925925926 0.4078125 0.31666666666666665 0.40989583333333335 0.3194444444444444 0.4197916666666667 0.3712962962962963 0.42552083333333335 0.3861111111111111 0.42552083333333335 0.3925925925925926 0.42239583333333336 0.3972222222222222 0.41770833333333335 0.39814814814814814 0.41510416666666666 0.39444444444444443 0.41458333333333336 0.37777777777777777 0.4041666666666667 0.3314814814814815 0.4041666666666667 0.31851851851851853
0 0.4203125 0.23796296296296296 0.4265625 0.23703703703703705 0.4317708333333333 0.24537037037037038 0.4270833333333333 0.2777777777777778 0.42552083333333335 0.2824074074074074 0.42083333333333334 0.28425925925925927 0.41770833333333335 0.28055555555555556 0.4161458333333333 0.27314814814814814 0.4171875 0.2490740740740741 0.4203125 0.2388888888888889
0 0.5994791666666667 0.29444444444444445 0.6020833333333333 0.31851851851851853 0.5989583333333334 0.32407407407407407 0.5953125 0.32407407407407407 0.5927083333333333 0.32037037037037036 0.5958333333333333 0.2962962962962963 0.5989583333333334 0.29444444444444445
0 0.45625 0.1675925925925926 0.459375 0.16666666666666666 0.4625 0.1712962962962963 0.4713541666666667 0.17407407407407408 0.5140625 0.1814814814814815 0.51875 0.18703703703703703 0.5177083333333333 0.1925925925925926 0.5119791666666667 0.1925925925925926 0.4703125 0.1814814814814815 0.45625 0.1814814814814815 0.45625 0.1685185185185185
0 0.5604166666666667 0.15092592592592594 0.6302083333333334 0.1787037037037037 0.640625 0.175 0.6427083333333333 0.18055555555555555 0.6427083333333333 0.19166666666666668 0.6401041666666667 0.20277777777777778 0.6375 0.20555555555555555 0.6333333333333333 0.20462962962962963 0.6291666666666667 0.19537037037037036 0.625 0.1925925925925926 0.5567708333333333 0.17037037037037037 0.553125 0.16666666666666666 0.5526041666666667 0.1574074074074074 0.5541666666666667 0.1527777777777778 0.5598958333333334 0.15092592592592594
2 0.6635416666666667 0.16018518518518518 0.6682291666666667 0.16574074074074074 0.6651041666666667 0.17222222222222222 0.6546875 0.1712962962962963 0.6510416666666666 0.16574074074074074 0.6536458333333334 0.16018518518518518 0.6630208333333333 0.16018518518518518
2 0.6161458333333333 0.24537037037037038 0.6203125 0.25092592592592594 0.6171875 0.25555555555555554 0.609375 0.2518518518518518 0.6114583333333333 0.24722222222222223 0.615625 0.24537037037037038
2 0.6083333333333333 0.23425925925925925 0.6119791666666666 0.23703703703703705 0.6140625 0.24351851851851852 0.6104166666666667 0.25 0.5994791666666667 0.24814814814814815 0.5947916666666667 0.24259259259259258 0.5979166666666667 0.2351851851851852 0.6078125 0.23425925925925925
2 0.6953125 0.3055555555555556 0.703125 0.3138888888888889 0.7026041666666667 0.3194444444444444 0.6984375 0.32407407407407407 0.6864583333333333 0.32222222222222224 0.6807291666666667 0.31574074074074077 0.6807291666666667 0.3101851851851852 0.684375 0.30648148148148147 0.6947916666666667 0.3055555555555556
2 0.46822916666666664 0.19444444444444445 0.46770833333333334 0.20092592592592592 0.46197916666666666 0.19907407407407407 0.4635416666666667 0.1935185185185185 0.46770833333333334 0.19444444444444445
2 0.5166666666666667 0.2537037037037037 0.5177083333333333 0.25833333333333336 0.515625 0.2611111111111111 0.5083333333333333 0.2601851851851852 0.5072916666666667 0.25462962962962965 0.509375 0.2518518518518518 0.5161458333333333 0.2537037037037037
2 0.565625 0.28703703703703703 0.56875 0.29259259259259257 0.56875 0.29814814814814816 0.5619791666666667 0.3037037037037037 0.553125 0.30092592592592593 0.5510416666666667 0.2916666666666667 0.55625 0.2851851851851852 0.5651041666666666 0.28703703703703703
2 0.48333333333333334 0.30833333333333335 0.4864583333333333 0.3138888888888889 0.48072916666666665 0.31666666666666665 0.47708333333333336 0.31296296296296294 0.4765625 0.30833333333333335 0.4828125 0.30833333333333335
2 0.6411458333333333 0.35833333333333334 0.6489583333333333 0.3648148148148148 0.6520833333333333 0.3712962962962963 0.6494791666666667 0.3768518518518518 0.6416666666666667 0.38055555555555554 0.6333333333333333 0.3787037037037037 0.6276041666666666 0.36944444444444446 0.628125 0.362962962962963 0.6307291666666667 0.36018518518518516 0.640625 0.35833333333333334
2 0.4864583333333333 0.24351851851851852 0.4869791666666667 0.24722222222222223 0.48489583333333336 0.2490740740740741 0.48125 0.24814814814814815 0.48125 0.24444444444444444 0.4859375 0.24351851851851852
2 0.6541666666666667 0.37037037037037035 0.6604166666666667 0.3731481481481482 0.6619791666666667 0.38055555555555554 0.6588541666666666 0.38333333333333336 0.6510416666666666 0.3814814814814815 0.6489583333333333 0.37592592592592594 0.6536458333333334 0.3712962962962963
2 0.5661458333333333 0.2537037037037037 0.58125 0.2537037037037037 0.58125 0.25833333333333336 0.5760416666666667 0.262037037037037 0.5640625 0.2601851851851852 0.5614583333333333 0.25462962962962965 0.565625 0.2537037037037037
2 0.6458333333333334 0.30277777777777776 0.6520833333333333 0.3074074074074074 0.6536458333333334 0.31296296296296294 0.6484375 0.32037037037037036 0.6369791666666667 0.31851851851851853 0.6322916666666667 0.3111111111111111 0.6333333333333333 0.3055555555555556 0.6364583333333333 0.30277777777777776 0.6453125 0.30277777777777776
2 0.6700520833333333 0.2263888888888889 0.0078125 0.006481481481481481
2 0.6005208333333333 0.14074074074074075 0.6046875 0.14074074074074075 0.6057291666666667 0.14351851851851852 0.6010416666666667 0.14537037037037037 0.6005208333333333 0.14166666666666666
2 0.4197916666666667 0.15 0.42135416666666664 0.1527777777777778 0.4197916666666667 0.1574074074074074 0.41354166666666664 0.1574074074074074 0.4119791666666667 0.1537037037037037 0.41458333333333336 0.15 0.4192708333333333 0.15
2 0.675 0.2953703703703704 0.6828125 0.30277777777777776 0.6828125 0.30648148148148147 0.6786458333333333 0.3111111111111111 0.6713541666666667 0.3101851851851852 0.6661458333333333 0.3037037037037037 0.6666666666666666 0.29814814814814816 0.6744791666666666 0.2953703703703704
2 0.53125 0.2972222222222222 0.5338541666666666 0.3 0.5338541666666666 0.3037037037037037 0.53125 0.30648148148148147 0.5255208333333333 0.3037037037037037 0.5260416666666666 0.29814814814814816 0.5307291666666667 0.2972222222222222
2 0.6598958333333333 0.34629629629629627 0.6651041666666667 0.3509259259259259 0.6666666666666666 0.35833333333333334 0.6614583333333334 0.36574074074074076 0.6526041666666667 0.36574074074074076 0.6447916666666667 0.3574074074074074 0.6458333333333334 0.3509259259259259 0.6505208333333333 0.34629629629629627 0.659375 0.34629629629629627
2 0.65078125 0.3425925925925926 0.009895833333333333 0.009259259259259259
1 0.8973958333333333 0.4185185185185185 0.9109375 0.4324074074074074 0.9083333333333333 0.4564814814814815 0.9192708333333334 0.47314814814814815 0.9213541666666667 0.48518518518518516 0.9125 0.5101851851851852 0.9046875 0.5592592592592592 0.9005208333333333 0.5675925925925925 0.8953125 0.5703703703703704 0.8796875 0.5638888888888889 0.859375 0.5472222222222223 0.8536458333333333 0.5388888888888889 0.853125 0.5305555555555556 0.8671875 0.4759259259259259 0.86875 0.4564814814814815 0.8744791666666667 0.44814814814814813 0.8895833333333333 0.44351851851851853 0.8942708333333333 0.4212962962962963 0.896875 0.4185185185185185
1 0.9354166666666667 0.42314814814814816 0.9390625 0.43148148148148147 0.9390625 0.46296296296296297 0.9364583333333333 0.48055555555555557 0.9307291666666667 0.4935185185185185 0.925 0.5203703703703704 0.9260416666666667 0.5481481481481482 0.921875 0.5583333333333333 0.9104166666666667 0.5564814814814815 0.9078125 0.5537037037037037 0.9072916666666667 0.5472222222222223 0.9140625 0.5074074074074074 0.921875 0.4842592592592593 0.9177083333333333 0.4638888888888889 0.9239583333333333 0.4462962962962963 0.9307291666666667 0.43425925925925923 0.9317708333333333 0.425 0.9348958333333334 0.42314814814814816
1 0.8973958333333333 0.38333333333333336 0.9125 0.387037037037037 0.9145833333333333 0.3888888888888889 0.9145833333333333 0.39351851851851855 0.9114583333333334 0.3990740740740741 0.9041666666666667 0.4 0.8994791666666667 0.40925925925925927 0.9010416666666666 0.41759259259259257 0.896875 0.41574074074074074 0.8927083333333333 0.41944444444444445 0.8927083333333333 0.4287037037037037 0.8885416666666667 0.4425925925925926 0.8755208333333333 0.4462962962962963 0.8692708333333333 0.4537037037037037 0.8661458333333333 0.4777777777777778 0.8604166666666667 0.5009259259259259 0.8557291666666667 0.5018518518518519 0.8536458333333333 0.4925925925925926 0.853125 0.4740740740740741 0.8557291666666667 0.45740740740740743 0.8635416666666667 0.4398148148148148 0.8723958333333334 0.4305555555555556 0.8765625 0.4185185185185185 0.8833333333333333 0.41388888888888886 0.8859375 0.40370370370370373 0.8864583333333333 0.38981481481481484 0.896875 0.38425925925925924
1 0.2791666666666667 0.12129629629629629 0.2833333333333333 0.12314814814814815 0.2859375 0.1361111111111111 0.29375 0.14907407407407408 0.29583333333333334 0.18888888888888888 0.3020833333333333 0.24259259259259258 0.27760416666666665 0.24259259259259258 0.2755208333333333 0.2037037037037037 0.26927083333333335 0.14722222222222223 0.27239583333333334 0.1398148148148148 0.27239583333333334 0.125 0.2786458333333333 0.12222222222222222
1 0.3078125 0.11574074074074074 0.3104166666666667 0.12129629629629629 0.3171875 0.15462962962962962 0.32135416666666666 0.2 0.321875 0.22037037037037038 0.31875 0.22685185185185186 0.31927083333333334 0.23148148148148148 0.31666666666666665 0.24074074074074073 0.3145833333333333 0.24259259259259258 0.3078125 0.24074074074074073 0.30416666666666664 0.23425925925925925 0.296875 0.19074074074074074 0.29583333333333334 0.14722222222222223 0.2989583333333333 0.13518518518518519 0.29739583333333336 0.11944444444444445 0.2994791666666667 0.11574074074074074 0.3072916666666667 0.11574074074074074