0 0.578125 0.787962962962963 0.5770833333333333 0.7777777777777778 0.5807291666666666 0.7731481481481481 0.5885416666666666 0.7731481481481481 0.5916666666666667 0.7796296296296297 0.5901041666666667 0.7833333333333333 0.5786458333333333 0.787962962962963
0 0.7348958333333333 0.6444444444444445 0.7375 0.65 0.7369791666666666 0.6620370370370371 0.7291666666666666 0.6648148148148149 0.7171875 0.675 0.7125 0.6722222222222223 0.7130208333333333 0.6638888888888889 0.728125 0.6453703703703704 0.734375 0.6444444444444445
0 0.4984375 0.8185185185185185 0.5177083333333333 0.8388888888888889 0.5182291666666666 0.8490740740740741 0.5130208333333334 0.8546296296296296 0.49322916666666666 0.8305555555555556 0.4947916666666667 0.8194444444444444 0.4979166666666667 0.8185185185185185
0 0.44583333333333336 0.8222222222222222 0.44947916666666665 0.8296296296296296 0.44895833333333335 0.837037037037037 0.44583333333333336 0.8388888888888889 0.4390625 0.837037037037037 0.43854166666666666 0.8314814814814815 0.4401041666666667 0.8240740740740741 0.4453125 0.8222222222222222
0 0.6484375 0.8592592592592593 0.6614583333333334 0.8537037037037037 0.6755208333333333 0.8527777777777777 0.6770833333333334 0.8555555555555555 0.6697916666666667 0.8629629629629629 0.659375 0.8657407407407407 0.6541666666666667 0.8722222222222222 0.65 0.8703703703703703 0.6484375 0.8601851851851852
0 0.5348958333333333 0.6351851851851852 0.5890625 0.6601851851851852 0.6015625 0.6611111111111111 0.6041666666666666 0.6675925925925926 0.6015625 0.6768518518518518 0.5322916666666667 0.6481481481481481 0.5291666666666667 0.6435185185185185 0.5291666666666667 0.6398148148148148 0.5307291666666667 0.6361111111111111 0.534375 0.6351851851851852
0 0.4713541666666667 0.8185185185185185 0.47239583333333335 0.8287037037037037 0.4703125 0.8333333333333334 0.46510416666666665 0.8324074074074074 0.4635416666666667 0.8240740740740741 0.4661458333333333 0.8185185185185185 0.4708333333333333 0.8185185185185185
0 0.6 0.7194444444444444 0.6083333333333333 0.725 0.61875 0.725925925925926 0.6192708333333333 0.7407407407407407 0.6161458333333333 0.7472222222222222 0.6119791666666666 0.7472222222222222 0.6078125 0.7398148148148148 0.59375 0.7324074074074074 0.5921875 0.7277777777777777 0.59375 0.7203703703703703 0.5994791666666667 0.7194444444444444
0 0.5989583333333334 0.6759259259259259 0.6005208333333333 0.6777777777777778 0.6 0.6814814814814815 0.5942708333333333 0.6861111111111111 0.5354166666666667 0.7074074074074074 0.5296875 0.7148148148148148 0.5255208333333333 0.7111111111111111 0.525 0.6990740740740741 0.5270833333333333 0.6962962962962963 0.5458333333333333 0.6944444444444444 0.5890625 0.675 0.5984375 0.6759259259259259
0 0.596875 0.8185185185185185 0.609375 0.825925925925926 0.6192708333333333 0.8231481481481482 0.621875 0.8379629629629629 0.6197916666666666 0.8472222222222222 0.6166666666666667 0.8518518518518519 0.6125 0.850925925925926 0.6052083333333333 0.8398148148148148 0.5838541666666667 0.8314814814814815 0.5822916666666667 0.8231481481481482 0.584375 0.8157407407407408 0.5885416666666666 0.8138888888888889 0.5963541666666666 0.8185185185185185
0 0.6109375 0.7462962962962963 0.6135416666666667 0.7490740740740741 0.6291666666666667 0.7509259259259259 0.63125 0.7592592592592593 0.6296875 0.7638888888888888 0.6151041666666667 0.7648148148148148 0.6098958333333333 0.7703703703703704 0.6057291666666667 0.7675925925925926 0.6041666666666666 0.7546296296296297 0.60625 0.7472222222222222 0.6104166666666667 0.7462962962962963
0 0.6723958333333333 0.8361111111111111 0.6755208333333333 0.8416666666666667 0.6776041666666667 0.8555555555555555 0.6682291666666667 0.8629629629629629 0.6578125 0.8638888888888889 0.6541666666666667 0.8694444444444445 0.6473958333333333 0.8583333333333333 0.6453125 0.8379629629629629 0.671875 0.8361111111111111
2 0.5619791666666667 0.7546296296296297 0.5671875 0.7611111111111111 0.5609375 0.7703703703703704 0.5505208333333333 0.7685185185185185 0.5479166666666667 0.7611111111111111 0.5536458333333333 0.7546296296296297 0.5614583333333333 0.7546296296296297
2 0.434375 0.6675925925925926 0.43645833333333334 0.6712962962962963 0.4328125 0.6777777777777778 0.42864583333333334 0.6768518518518518 0.4270833333333333 0.6703703703703704 0.42864583333333334 0.6675925925925926 0.43385416666666665 0.6675925925925926
2 0.4859375 0.6416666666666667 0.4895833333333333 0.6472222222222223 0.4895833333333333 0.6518518518518519 0.4875 0.6574074074074074 0.4822916666666667 0.6611111111111111 0.4703125 0.6583333333333333 0.4671875 0.65 0.4703125 0.6425925925925926 0.4744791666666667 0.6398148148148148 0.48541666666666666 0.6416666666666667
2 0.50625 0.6759259259259259 0.5130208333333334 0.6851851851851852 0.5119791666666667 0.6907407407407408 0.5067708333333333 0.6962962962962963 0.496875 0.6953703703703704 0.49166666666666664 0.687037037037037 0.4947916666666667 0.6777777777777778 0.5057291666666667 0.6759259259259259
2 0.6677083333333333 0.7305555555555555 0.6671875 0.7231481481481481 0.6765625 0.7148148148148148 0.6854166666666667 0.7166666666666667 0.6880208333333333 0.7222222222222222 0.6875 0.725925925925926 0.6796875 0.7333333333333333 0.6682291666666667 0.7305555555555555
2 0.5338541666666666 0.7314814814814815 0.5348958333333333 0.7333333333333333 0.5328125 0.737037037037037 0.5291666666666667 0.737037037037037 0.528125 0.7333333333333333 0.5291666666666667 0.7305555555555555 0.5333333333333333 0.7314814814814815
2 0.5619791666666667 0.7694444444444445 0.5645833333333333 0.7722222222222223 0.5645833333333333 0.7759259259259259 0.5625 0.7777777777777778 0.5541666666666667 0.775 0.5552083333333333 0.7703703703703704 0.5614583333333333 0.7694444444444445
2 0.5088541666666667 0.7768518518518519 0.5098958333333333 0.7824074074074074 0.5057291666666667 0.7861111111111111 0.5015625 0.7842592592592592 0.5005208333333333 0.7796296296296297 0.5083333333333333 0.7768518518518519
2 0.5239583333333333 0.7240740740740741 0.525 0.7268518518518519 0.5223958333333333 0.7305555555555555 0.51875 0.7268518518518519 0.5197916666666667 0.7240740740740741 0.5234375 0.7240740740740741
2 0.515625 0.6037037037037037 0.5255208333333333 0.6083333333333333 0.5265625 0.6185185185185185 0.51875 0.6259259259259259 0.5072916666666667 0.6231481481481481 0.5041666666666667 0.6157407407407407 0.5057291666666667 0.6092592592592593 0.5088541666666667 0.6055555555555555 0.5151041666666667 0.6046296296296296
2 0.4734375 0.7490740740740741 0.4739583333333333 0.7537037037037037 0.4708333333333333 0.7574074074074074 0.465625 0.7564814814814815 0.4635416666666667 0.7509259259259259 0.4671875 0.7472222222222222 0.47291666666666665 0.7490740740740741
2 0.4625 0.8203703703703704 0.4640625 0.8231481481481482 0.4635416666666667 0.8296296296296296 0.45729166666666665 0.8333333333333334 0.45208333333333334 0.8314814814814815 0.4510416666666667 0.8231481481481482 0.46197916666666666 0.8203703703703704
2 0.6026041666666667 0.737037037037037 0.6052083333333333 0.7407407407407407 0.6020833333333333 0.7444444444444445 0.596875 0.7425925925925926 0.5979166666666667 0.7361111111111112 0.6020833333333333 0.737037037037037
2 0.5635416666666667 0.7722222222222223 0.5697916666666667 0.7703703703703704 0.5723958333333333 0.774074074074074 0.5708333333333333 0.7787037037037037 0.5661458333333333 0.7787037037037037 0.5635416666666667 0.7731481481481481
2 0.40729166666666666 0.6787037037037037 0.4119791666666667 0.6824074074074075 0.41302083333333334 0.6898148148148148 0.409375 0.6953703703703704 0.40520833333333334 0.6962962962962963 0.39739583333333334 0.6925925925925925 0.3953125 0.6851851851851852 0.39739583333333334 0.6805555555555556 0.40677083333333336 0.6787037037037037
2 0.5890625 0.7527777777777778 0.5901041666666667 0.7574074074074074 0.5869791666666667 0.7620370370370371 0.58125 0.7611111111111111 0.5796875 0.7574074074074074 0.5822916666666667 0.7527777777777778 0.5885416666666666 0.7527777777777778
2 0.6552083333333333 0.762962962962963 0.6567708333333333 0.7685185185185185 0.65 0.775 0.6416666666666667 0.7722222222222223 0.6411458333333333 0.7657407407407407 0.646875 0.7611111111111111 0.6546875 0.762962962962963
2 0.6223958333333334 0.7870370370370371 0.6229166666666667 0.7944444444444444 0.6166666666666667 0.8 0.6083333333333333 0.7981481481481482 0.6057291666666667 0.7953703703703704 0.6057291666666667 0.7907407407407407 0.6140625 0.7851851851851852 0.621875 0.7870370370370371
2 0.45729166666666665 0.6560185185185186 0.007291666666666667 0.008333333333333333
2 0.5213541666666667 0.7814814814814814 0.5203125 0.7851851851851852 0.5161458333333333 0.7851851851851852 0.5151041666666667 0.7824074074074074 0.5208333333333334 0.7814814814814814
1 0.9619791666666667 0.587037037037037 0.9682291666666667 0.6055555555555555 0.978125 0.6564814814814814 0.9838541666666667 0.662962962962963 0.9953125 0.6638888888888889 0.9963541666666667 0.6675925925925926 0.9958333333333333 0.674074074074074 0.9921875 0.6796296296296296 0.975 0.6888888888888889 0.96875 0.6888888888888889 0.9635416666666666 0.6842592592592592 0.9526041666666667 0.6305555555555555 0.9458333333333333 0.6074074074074074 0.9458333333333333 0.6 0.9494791666666667 0.5935185185185186 0.9614583333333333 0.587037037037037
1 0.9921875 0.6833333333333333 0.9973958333333334 0.7027777777777777 0.9994791666666667 0.7046296296296296 0.9994791666666667 0.7277777777777777 0.9875 0.7333333333333333 0.9802083333333333 0.7324074074074074 0.9765625 0.7277777777777777 0.971875 0.6916666666666667 0.9916666666666667 0.6833333333333333
1 0.8973958333333333 0.4287037037037037 0.9057291666666667 0.44351851851851853 0.90625 0.4564814814814815 0.9125 0.4888888888888889 0.9208333333333333 0.5148148148148148 0.9192708333333334 0.5259259259259259 0.9078125 0.5425925925925926 0.9114583333333334 0.5675925925925925 0.9015625 0.5777777777777777 0.8947916666666667 0.5722222222222222 0.8901041666666667 0.5555555555555556 0.8760416666666667 0.5518518518518518 0.8703125 0.5453703703703704 0.8609375 0.4935185185185185 0.8526041666666667 0.4666666666666667 0.8536458333333333 0.45925925925925926 0.8661458333333333 0.44537037037037036 0.8864583333333333 0.43148148148148147 0.896875 0.4287037037037037
1 0.8546875 0.49722222222222223 0.8604166666666667 0.4981481481481482 0.8661458333333333 0.5212962962962963 0.8682291666666667 0.5416666666666666 0.8713541666666667 0.549074074074074 0.8770833333333333 0.5537037037037037 0.8885416666666667 0.5564814814814815 0.8927083333333333 0.5675925925925925 0.8942708333333333 0.5796296296296296 0.9041666666666667 0.5814814814814815 0.9 0.5851851851851851 0.9010416666666666 0.5916666666666667 0.9041666666666667 0.5925925925925926 0.9036458333333334 0.5879629629629629 0.9088541666666666 0.5842592592592593 0.9052083333333333 0.5777777777777777 0.909375 0.5740740740740741 0.9114583333333334 0.5740740740740741 0.9166666666666666 0.587037037037037 0.9130208333333333 0.5990740740740741 0.9151041666666667 0.6046296296296296 0.9140625 0.6111111111111112 0.9020833333333333 0.6157407407407407 0.8932291666666666 0.6157407407407407 0.8864583333333333 0.612037037037037 0.8828125 0.5851851851851851 0.8765625 0.5796296296296296 0.8713541666666667 0.5657407407407408 0.8630208333333333 0.5583333333333333 0.8557291666666667 0.5416666666666666 0.853125 0.525 0.8546875 0.4981481481481482
1 0.9302083333333333 0.44351851851851853 0.9354166666666667 0.4527777777777778 0.9458333333333333 0.5009259259259259 0.9442708333333333 0.5194444444444445 0.9390625 0.5333333333333333 0.9390625 0.5703703703703704 0.9359375 0.5768518518518518 0.9317708333333333 0.5740740740740741 0.9302083333333333 0.5638888888888889 0.9166666666666666 0.5361111111111111 0.9203125 0.525 0.9213541666666667 0.512962962962963 0.9140625 0.49074074074074076 0.9072916666666667 0.4537037037037037 0.9072916666666667 0.4462962962962963 0.9098958333333333 0.4425925925925926 0.9296875 0.44351851851851853
1 0.26979166666666665 0.8555555555555555 0.26875 0.8472222222222222 0.2760416666666667 0.7861111111111111 0.2765625 0.7583333333333333 0.28020833333333334 0.7537037037037037 0.2989583333333333 0.7546296296296297 0.3020833333333333 0.7583333333333333 0.2953125 0.812037037037037 0.29375 0.85 0.29270833333333335 0.8555555555555555 0.28541666666666665 0.8648148148148148 0.2838541666666667 0.875 0.28072916666666664 0.8777777777777778 0.27239583333333334 0.875 0.27239583333333334 0.8592592592592593 0.2703125 0.8555555555555555
1 0.3203125 0.7546296296296297 0.321875 0.7583333333333333 0.3223958333333333 0.7842592592592592 0.31927083333333334 0.825 0.3104166666666667 0.8787037037037037 0.3078125 0.8833333333333333 0.3 0.8833333333333333 0.29739583333333336 0.8787037037037037 0.2994791666666667 0.8657407407407407 0.2947916666666667 0.8444444444444444 0.296875 0.8064814814814815 0.30364583333333334 0.7574074074074074 0.30572916666666666 0.7546296296296297 0.31979166666666664 0.7546296296296297
1 0.9890625 0.5601851851851852 0.9932291666666667 0.5694444444444444 0.9963541666666667 0.5898148148148148 0.9973958333333334 0.6388888888888888 0.9994791666666667 0.6416666666666667 0.9994791666666667 0.6583333333333333 0.9958333333333333 0.6620370370370371 0.984375 0.6620370370370371 0.978125 0.6546296296296297 0.9630208333333333 0.5814814814814815 0.9640625 0.5703703703703704 0.9708333333333333 0.5601851851851852 0.9760416666666667 0.5574074074074075 0.9885416666666667 0.5601851851851852