0 0.48541666666666666 0.35 0.4875 0.35555555555555557 0.4859375 0.36018518518518516 0.47708333333333336 0.36203703703703705 0.4739583333333333 0.36203703703703705 0.47239583333333335 0.35833333333333334 0.4734375 0.3472222222222222 0.48489583333333336 0.35
0 0.6026041666666667 0.2638888888888889 0.6083333333333333 0.2712962962962963 0.6078125 0.2824074074074074 0.5947916666666667 0.29444444444444445 0.5614583333333333 0.3398148148148148 0.5557291666666667 0.33796296296296297 0.5541666666666667 0.3314814814814815 0.55625 0.32407407407407407 0.5828125 0.29259259259259257 0.5916666666666667 0.28055555555555556 0.5989583333333334 0.26481481481481484 0.6020833333333333 0.2638888888888889
0 0.5677083333333334 0.22962962962962963 0.5703125 0.2351851851851852 0.5708333333333333 0.2462962962962963 0.5671875 0.2462962962962963 0.5635416666666667 0.2388888888888889 0.5640625 0.23148148148148148 0.5671875 0.22962962962962963
0 0.5333333333333333 0.22314814814814815 0.540625 0.23425925925925925 0.5411458333333333 0.24074074074074073 0.5390625 0.2490740740740741 0.5328125 0.24814814814814815 0.5286458333333334 0.24074074074074073 0.5276041666666667 0.22685185185185186 0.5291666666666667 0.22314814814814815 0.5328125 0.22314814814814815
0 0.4734375 0.22685185185185186 0.4703125 0.22407407407407406 0.4703125 0.2111111111111111 0.4739583333333333 0.20925925925925926 0.47604166666666664 0.21388888888888888 0.47604166666666664 0.2212962962962963 0.4739583333333333 0.22592592592592592
0 0.49583333333333335 0.24537037037037038 0.5369791666666667 0.25 0.5395833333333333 0.25092592592592594 0.540625 0.25555555555555554 0.5364583333333334 0.25925925925925924 0.4942708333333333 0.2564814814814815 0.49322916666666666 0.24722222222222223 0.4953125 0.24537037037037038
0 0.4947916666666667 0.24537037037037038 0.49166666666666664 0.22962962962962963 0.4921875 0.22314814814814815 0.50625 0.22314814814814815 0.5078125 0.22685185185185186 0.5083333333333333 0.23333333333333334 0.5052083333333334 0.24537037037037038 0.4953125 0.24537037037037038
0 0.5052083333333334 0.26296296296296295 0.5203125 0.27685185185185185 0.5208333333333334 0.28703703703703703 0.5177083333333333 0.29259259259259257 0.5125 0.2916666666666667 0.49895833333333334 0.27037037037037037 0.49947916666666664 0.26481481481481484 0.5046875 0.26296296296296295
0 0.5348958333333333 0.3212962962962963 0.5473958333333333 0.3277777777777778 0.5479166666666667 0.3416666666666667 0.5432291666666667 0.3509259259259259 0.51875 0.3351851851851852 0.5182291666666666 0.3277777777777778 0.521875 0.32037037037037036 0.5265625 0.31851851851851853 0.534375 0.3212962962962963
0 0.48802083333333335 0.21574074074074073 0.49166666666666664 0.22592592592592592 0.49375 0.25555555555555554 0.496875 0.26481481481481484 0.496875 0.2722222222222222 0.4942708333333333 0.2759259259259259 0.490625 0.275 0.48854166666666665 0.26851851851851855 0.48541666666666666 0.22870370370370371 0.48541666666666666 0.21851851851851853 0.4875 0.21574074074074073
2 0.5111979166666667 0.23981481481481481 0.009895833333333333 0.012962962962962963
2 0.6234375 0.20925925925925926 0.6302083333333334 0.21481481481481482 0.6255208333333333 0.21944444444444444 0.6161458333333333 0.21666666666666667 0.6161458333333333 0.21203703703703702 0.6229166666666667 0.20925925925925926
2 0.47708333333333336 0.30185185185185187 0.478125 0.30648148148148147 0.47291666666666665 0.3055555555555556 0.4739583333333333 0.30185185185185187 0.4765625 0.30185185185185187
2 0.5197916666666667 0.25833333333333336 0.5229166666666667 0.26296296296296295 0.5208333333333334 0.26851851851851855 0.5171875 0.27037037037037037 0.5119791666666667 0.27037037037037037 0.5078125 0.26296296296296295 0.5114583333333333 0.25833333333333336 0.5192708333333333 0.25833333333333336
2 0.4505208333333333 0.25833333333333336 0.45677083333333335 0.2601851851851852 0.45625 0.26296296296296295 0.4515625 0.26296296296296295 0.4505208333333333 0.25925925925925924
2 0.5088541666666667 0.32407407407407407 0.5125 0.32314814814814813 0.5151041666666667 0.3277777777777778 0.5104166666666666 0.3287037037037037 0.5088541666666667 0.325
2 0.4114583333333333 0.275 0.41354166666666664 0.2777777777777778 0.4119791666666667 0.2814814814814815 0.40625 0.2796296296296296 0.40729166666666666 0.2759259259259259 0.4109375 0.275
2 0.5328125 0.2601851851851852 0.5338541666666666 0.26481481481481484 0.5317708333333333 0.26851851851851855 0.5208333333333334 0.26851851851851855 0.5203125 0.2601851851851852 0.5322916666666667 0.2601851851851852
2 0.5390625 0.3074074074074074 0.5411458333333333 0.31296296296296294 0.5401041666666667 0.31851851851851853 0.5333333333333333 0.3212962962962963 0.5260416666666666 0.3175925925925926 0.5244791666666667 0.3101851851851852 0.5307291666666667 0.3055555555555556 0.5385416666666667 0.3074074074074074
2 0.5515625 0.23055555555555557 0.5546875 0.23703703703703705 0.55 0.24074074074074073 0.5432291666666667 0.23981481481481481 0.540625 0.23333333333333334 0.5432291666666667 0.23055555555555557 0.5510416666666667 0.23055555555555557
2 0.465625 0.25092592592592594 0.009375 0.007407407407407408
2 0.4630208333333333 0.34814814814814815 0.4666666666666667 0.34814814814814815 0.4666666666666667 0.35185185185185186 0.4635416666666667 0.35185185185185186 0.4630208333333333 0.3490740740740741
2 0.6026041666666667 0.35648148148148145 0.6057291666666667 0.35555555555555557 0.6072916666666667 0.35833333333333334 0.6036458333333333 0.36018518518518516 0.6026041666666667 0.3574074074074074
1 0.9286458333333333 0.33240740740740743 0.9322916666666666 0.33796296296296297 0.9322916666666666 0.3472222222222222 0.9229166666666667 0.37037037037037035 0.9088541666666666 0.36203703703703705 0.9104166666666667 0.33796296296296297 0.9140625 0.3296296296296296 0.9208333333333333 0.3287037037037037 0.928125 0.33240740740740743
1 0.828125 0.4222222222222222 0.8484375 0.425 0.8442708333333333 0.4287037037037037 0.8463541666666666 0.43148148148148147 0.8463541666666666 0.43703703703703706 0.8583333333333333 0.44907407407407407 0.8598958333333333 0.45925925925925926 0.8479166666666667 0.4703703703703704 0.8453125 0.4675925925925926 0.8447916666666667 0.4583333333333333 0.8421875 0.4527777777777778 0.8338541666666667 0.44814814814814813 0.8255208333333334 0.4703703703703704 0.8151041666666666 0.475 0.8088541666666667 0.48333333333333334 0.8036458333333333 0.524074074074074 0.8 0.5277777777777778 0.7979166666666667 0.5175925925925926 0.7979166666666667 0.49907407407407406 0.8 0.48703703703703705 0.8036458333333333 0.47685185185185186 0.8140625 0.462037037037037 0.8203125 0.4462962962962963 0.8244791666666667 0.4425925925925926 0.8244791666666667 0.43425925925925923 0.8296875 0.4287037037037037 0.8223958333333333 0.425 0.8276041666666667 0.42314814814814816
1 0.8588541666666667 0.47129629629629627 0.8645833333333334 0.4564814814814815 0.86875 0.4583333333333333 0.8713541666666667 0.475 0.8713541666666667 0.49074074074074076 0.8770833333333333 0.5009259259259259 0.8786458333333333 0.5083333333333333 0.8786458333333333 0.5231481481481481 0.8697916666666666 0.5712962962962963 0.8598958333333333 0.575925925925926 0.8473958333333333 0.5740740740740741 0.8458333333333333 0.5712962962962963 0.8484375 0.5333333333333333 0.8552083333333333 0.5064814814814815 0.853125 0.49074074074074076 0.8588541666666667 0.4722222222222222
1 0.9817708333333334 0.337037037037037 0.9859375 0.3416666666666667 0.9864583333333333 0.35 0.9791666666666666 0.37222222222222223 0.9770833333333333 0.3907407407407407 0.9739583333333334 0.3925925925925926 0.9635416666666666 0.38981481481481484 0.9583333333333334 0.38425925925925924 0.9583333333333334 0.3787037037037037 0.9640625 0.33796296296296297 0.9677083333333333 0.33425925925925926 0.98125 0.337037037037037
1 0.30572916666666666 0.20462962962962963 0.3140625 0.24537037037037038 0.31614583333333335 0.2712962962962963 0.3171875 0.3148148148148148 0.3140625 0.3194444444444444 0.3026041666666667 0.3194444444444444 0.2989583333333333 0.31666666666666665 0.29739583333333336 0.2898148148148148 0.2942708333333333 0.2722222222222222 0.29322916666666665 0.2462962962962963 0.29635416666666664 0.2222222222222222 0.29583333333333334 0.20925925925925926 0.2989583333333333 0.2037037037037037 0.30520833333333336 0.20462962962962963
1 0.9177083333333333 0.3675925925925926 0.9234375 0.3731481481481482 0.9234375 0.38055555555555554 0.9223958333333333 0.38333333333333336 0.9114583333333334 0.38425925925925924 0.9083333333333333 0.3888888888888889 0.9078125 0.40370370370370373 0.9015625 0.43796296296296294 0.8979166666666667 0.4527777777777778 0.8947916666666667 0.4546296296296296 0.8869791666666667 0.45 0.884375 0.43796296296296294 0.8958333333333334 0.3685185185185185 0.8973958333333333 0.3648148148148148 0.9026041666666667 0.362962962962963 0.9171875 0.3675925925925926
1 0.28177083333333336 0.20925925925925926 0.2911458333333333 0.23148148148148148 0.2921875 0.262037037037037 0.29791666666666666 0.3074074074074074 0.29739583333333336 0.31666666666666665 0.29322916666666665 0.3194444444444444 0.2791666666666667 0.3194444444444444 0.2755208333333333 0.3074074074074074 0.275 0.2824074074074074 0.27239583333333334 0.27037037037037037 0.26979166666666665 0.23055555555555557 0.27239583333333334 0.22407407407407406 0.27239583333333334 0.21203703703703702 0.27447916666666666 0.20925925925925926 0.28125 0.20925925925925926
1 0.934375 0.38981481481481484 0.9442708333333333 0.38981481481481484 0.9505208333333334 0.4 0.9369791666666667 0.46296296296296297 0.9255208333333333 0.46296296296296297 0.9255208333333333 0.4564814814814815 0.9302083333333333 0.44351851851851853 0.9375 0.4009259259259259 0.934375 0.3907407407407407
1 0.9208333333333333 0.3851851851851852 0.9348958333333334 0.38981481481481484 0.9369791666666667 0.4046296296296296 0.9302083333333333 0.4425925925925926 0.921875 0.475 0.9182291666666667 0.4787037037037037 0.909375 0.4787037037037037 0.9036458333333334 0.475 0.8989583333333333 0.4666666666666667 0.8984375 0.45555555555555555 0.9088541666666666 0.4046296296296296 0.909375 0.38981481481481484 0.9114583333333334 0.3861111111111111 0.9203125 0.3851851851851852
1 0.8348958333333333 0.44907407407407407 0.84375 0.45740740740740743 0.8453125 0.4675925925925926 0.8432291666666667 0.48148148148148145 0.8541666666666666 0.5 0.8541666666666666 0.5092592592592593 0.8489583333333334 0.5259259259259259 0.8453125 0.5675925925925925 0.8416666666666667 0.5833333333333334 0.8348958333333333 0.5861111111111111 0.8171875 0.5787037037037037 0.803125 0.5675925925925925 0.7979166666666667 0.5574074074074075 0.7989583333333333 0.5453703703703704 0.80625 0.5148148148148148 0.809375 0.4842592592592593 0.8151041666666666 0.4759259259259259 0.8244791666666667 0.4740740740740741 0.834375 0.45
1 0.940625 0.3490740740740741 0.9458333333333333 0.35185185185185186 0.9473958333333333 0.35648148148148145 0.9473958333333333 0.3768518518518518 0.9427083333333334 0.3861111111111111 0.9375 0.387037037037037 0.9244791666666666 0.38333333333333336 0.9244791666666666 0.3675925925925926 0.93125 0.3509259259259259 0.9401041666666666 0.3490740740740741