0 0.3640625 0.7287037037037037 0.378125 0.7462962962962963 0.3848958333333333 0.7472222222222222 0.38645833333333335 0.7574074074074074 0.38385416666666666 0.7620370370370371 0.3802083333333333 0.7611111111111111 0.37552083333333336 0.7527777777777778 0.36302083333333335 0.7407407407407407 0.3609375 0.737037037037037 0.3609375 0.7305555555555555 0.36354166666666665 0.7287037037037037
0 0.38177083333333334 0.537962962962963 0.38333333333333336 0.5407407407407407 0.38333333333333336 0.5527777777777778 0.3807291666666667 0.5574074074074075 0.375 0.5537037037037037 0.3609375 0.5537037037037037 0.359375 0.5472222222222223 0.3645833333333333 0.5416666666666666 0.37395833333333334 0.5416666666666666 0.378125 0.5370370370370371 0.38125 0.537962962962963
0 0.3802083333333333 0.4083333333333333 0.3859375 0.4064814814814815 0.38697916666666665 0.40925925925925927 0.3848958333333333 0.4638888888888889 0.38229166666666664 0.46296296296296297 0.37916666666666665 0.44814814814814813 0.38177083333333334 0.43796296296296294 0.3802083333333333 0.40925925925925927
0 0.38645833333333335 0.30277777777777776 0.3885416666666667 0.3055555555555556 0.3880208333333333 0.35555555555555557 0.3796875 0.3537037037037037 0.378125 0.3194444444444444 0.37604166666666666 0.3111111111111111 0.3765625 0.3037037037037037 0.3859375 0.30277777777777776
0 0.37604166666666666 0.4925925925925926 0.38229166666666664 0.4925925925925926 0.3828125 0.5027777777777778 0.3765625 0.5037037037037037 0.35260416666666666 0.5259259259259259 0.3484375 0.525 0.3489583333333333 0.5185185185185185 0.37604166666666666 0.4935185185185185
0 0.415625 0.5027777777777778 0.41458333333333336 0.4962962962962963 0.42239583333333336 0.4898148148148148 0.4203125 0.47129629629629627 0.4276041666666667 0.4703703703703704 0.42864583333333334 0.4981481481481482 0.4265625 0.5092592592592593 0.4270833333333333 0.5574074074074075 0.425 0.5592592592592592 0.4192708333333333 0.5583333333333333 0.41875 0.5092592592592593 0.4161458333333333 0.5027777777777778
0 0.36302083333333335 0.5175925925925926 0.36614583333333334 0.5333333333333333 0.3651041666666667 0.5388888888888889 0.359375 0.5453703703703704 0.35885416666666664 0.5527777777777778 0.36666666666666664 0.5574074074074075 0.36822916666666666 0.562037037037037 0.3692708333333333 0.6157407407407407 0.3651041666666667 0.6194444444444445 0.36041666666666666 0.6166666666666667 0.3572916666666667 0.5296296296296297 0.35833333333333334 0.5212962962962963 0.3625 0.5175925925925926
0 0.3421875 0.5731481481481482 0.3421875 0.5916666666666667 0.3390625 0.5888888888888889 0.3359375 0.5768518518518518 0.33697916666666666 0.5731481481481482 0.3416666666666667 0.5731481481481482
0 0.38697916666666665 0.35462962962962963 0.38645833333333335 0.40370370370370373 0.38177083333333334 0.4064814814814815 0.37864583333333335 0.40370370370370373 0.3776041666666667 0.36574074074074076 0.37552083333333336 0.3574074074074074 0.37864583333333335 0.3527777777777778 0.38645833333333335 0.35462962962962963
2 0.378125 0.6768518518518518 0.3765625 0.6555555555555556 0.37864583333333335 0.649074074074074 0.38229166666666664 0.6527777777777778 0.38385416666666666 0.662962962962963 0.38229166666666664 0.6777777777777778 0.37864583333333335 0.6768518518518518
2 0.35625 0.4444444444444444 0.3578125 0.45925925925925926 0.353125 0.4685185185185185 0.35208333333333336 0.44722222222222224 0.35572916666666665 0.4444444444444444
2 0.34479166666666666 0.4722222222222222 0.003125 0.011111111111111112
2 0.39947916666666666 0.6916666666666667 0.005208333333333333 0.020370370370370372
2 0.409375 0.5824074074074074 0.4109375 0.5898148148148148 0.409375 0.6 0.40625 0.5962962962962963 0.40625 0.5851851851851851 0.4088541666666667 0.5824074074074074
2 0.425 0.7759259259259259 0.428125 0.7833333333333333 0.428125 0.8018518518518518 0.425 0.8037037037037037 0.42291666666666666 0.799074074074074 0.421875 0.7861111111111111 0.4244791666666667 0.7768518518518519
2 0.4114583333333333 0.4638888888888889 0.4114583333333333 0.4537037037037037 0.41354166666666664 0.4564814814814815 0.4119791666666667 0.4638888888888889
2 0.4322916666666667 0.3490740740740741 0.4348958333333333 0.3509259259259259 0.4348958333333333 0.3574074074074074 0.4328125 0.36018518518518516 0.4322916666666667 0.35
2 0.35104166666666664 0.3388888888888889 0.3541666666666667 0.3435185185185185 0.353125 0.3537037037037037 0.35104166666666664 0.3537037037037037 0.35104166666666664 0.3398148148148148
2 0.4203125 0.38101851851851853 0.009375 0.03425925925925926
2 0.3484375 0.6287037037037037 0.35052083333333334 0.6314814814814815 0.35052083333333334 0.6398148148148148 0.3484375 0.6407407407407407 0.3484375 0.6296296296296297
2 0.40729166666666666 0.41203703703703703 0.40625 0.39814814814814814 0.4078125 0.39444444444444443 0.41041666666666665 0.3962962962962963 0.4109375 0.40185185185185185 0.41041666666666665 0.4101851851851852 0.4078125 0.41203703703703703
2 0.40572916666666664 0.32407407407407407 0.4078125 0.32685185185185184 0.40729166666666666 0.33796296296296297 0.4041666666666667 0.33611111111111114 0.40520833333333334 0.325
2 0.4078125 0.6435185185185185 0.40729166666666666 0.6546296296296297 0.40520833333333334 0.6509259259259259 0.40572916666666664 0.6444444444444445 0.40729166666666666 0.6435185185185185
2 0.41510416666666666 0.6462962962962963 0.41302083333333334 0.637962962962963 0.41302083333333334 0.6231481481481481 0.4166666666666667 0.6138888888888889 0.4197916666666667 0.6194444444444445 0.42083333333333334 0.6342592592592593 0.4197916666666667 0.6444444444444445 0.415625 0.6462962962962963
2 0.4309895833333333 0.700462962962963 0.0036458333333333334 0.012037037037037037
2 0.39166666666666666 0.6092592592592593 0.39427083333333335 0.6194444444444445 0.39375 0.6314814814814815 0.39166666666666666 0.6361111111111111 0.3880208333333333 0.6342592592592593 0.38645833333333335 0.6259259259259259 0.38697916666666665 0.6138888888888889 0.3880208333333333 0.6101851851851852 0.39114583333333336 0.6092592592592593
2 0.3463541666666667 0.3611111111111111 0.3484375 0.3611111111111111 0.35 0.36666666666666664 0.3494791666666667 0.38425925925925924 0.346875 0.387037037037037 0.34427083333333336 0.3787037037037037 0.3463541666666667 0.36203703703703705
2 0.3609375 0.6981481481481482 0.36354166666666665 0.7129629629629629 0.3619791666666667 0.725925925925926 0.35885416666666664 0.7231481481481481 0.3578125 0.7175925925925926 0.3578125 0.7046296296296296 0.36041666666666666 0.6981481481481482
2 0.4140625 0.7287037037037037 0.4161458333333333 0.7314814814814815 0.41770833333333335 0.7416666666666667 0.41770833333333335 0.7555555555555555 0.415625 0.7620370370370371 0.4125 0.7611111111111111 0.40989583333333335 0.75 0.40989583333333335 0.737037037037037 0.41354166666666664 0.7287037037037037
2 0.340625 0.5222222222222223 0.34322916666666664 0.525 0.34322916666666664 0.5342592592592592 0.3411458333333333 0.5370370370370371 0.33958333333333335 0.5333333333333333 0.340625 0.5231481481481481
1 0.3614583333333333 0.09259259259259259 0.378125 0.1 0.39739583333333334 0.10277777777777777 0.39895833333333336 0.10740740740740741 0.3984375 0.13703703703703704 0.3958333333333333 0.14166666666666666 0.38385416666666666 0.1388888888888889 0.37395833333333334 0.13240740740740742 0.35104166666666664 0.13148148148148148 0.34375 0.11851851851851852 0.3385416666666667 0.11574074074074074 0.33645833333333336 0.10925925925925926 0.3385416666666667 0.09537037037037037 0.34427083333333336 0.09537037037037037 0.3494791666666667 0.08981481481481482 0.3609375 0.09259259259259259
1 0.3765625 0.1361111111111111 0.39166666666666666 0.14166666666666666 0.39791666666666664 0.14722222222222223 0.39791666666666664 0.1712962962962963 0.3875 0.17407407407407408 0.3567708333333333 0.1685185185185185 0.3338541666666667 0.15462962962962962 0.3333333333333333 0.14351851851851852 0.33645833333333336 0.13703703703703704 0.34479166666666666 0.1388888888888889 0.3546875 0.13425925925925927 0.37604166666666666 0.1361111111111111