0 0.425 0.8564814814814815 0.43072916666666666 0.8657407407407407 0.4317708333333333 0.8740740740740741 0.42552083333333335 0.8925925925925926 0.4203125 0.924074074074074 0.41354166666666664 0.937962962962963 0.4114583333333333 0.9361111111111111 0.4119791666666667 0.9185185185185185 0.4161458333333333 0.8981481481481481 0.41822916666666665 0.8638888888888889 0.4203125 0.8574074074074074 0.4244791666666667 0.8564814814814815
0 0.31354166666666666 0.3861111111111111 0.32135416666666666 0.38981481481481484 0.3223958333333333 0.39814814814814814 0.31145833333333334 0.40370370370370373 0.30625 0.40185185185185185 0.30364583333333334 0.39166666666666666 0.30572916666666666 0.3851851851851852 0.31302083333333336 0.3861111111111111
0 0.4114583333333333 0.4361111111111111 0.415625 0.4425925925925926 0.415625 0.4537037037037037 0.40520833333333334 0.48518518518518516 0.4005208333333333 0.49166666666666664 0.3932291666666667 0.4898148148148148 0.38958333333333334 0.48055555555555557 0.38958333333333334 0.47314814814814815 0.396875 0.462037037037037 0.40677083333333336 0.43703703703703706 0.4109375 0.4361111111111111
0 0.4244791666666667 0.8185185185185185 0.428125 0.8231481481481482 0.42864583333333334 0.8324074074074074 0.42552083333333335 0.8555555555555555 0.42083333333333334 0.8601851851851852 0.41875 0.8675925925925926 0.42083333333333334 0.8740740740740741 0.4234375 0.8740740740740741 0.4203125 0.8740740740740741 0.41822916666666665 0.8787037037037037 0.41822916666666665 0.8907407407407407 0.4140625 0.9101851851851852 0.4125 0.9231481481481482 0.41354166666666664 0.9305555555555556 0.4109375 0.9453703703703704 0.40520833333333334 0.9462962962962963 0.40208333333333335 0.9416666666666667 0.4015625 0.9361111111111111 0.40729166666666666 0.9203703703703704 0.41875 0.8388888888888889 0.4239583333333333 0.8194444444444444
0 0.3140625 0.5166666666666667 0.3151041666666667 0.5277777777777778 0.31145833333333334 0.5333333333333333 0.3072916666666667 0.5314814814814814 0.3067708333333333 0.5212962962962963 0.30885416666666665 0.5157407407407407 0.31354166666666666 0.5166666666666667
0 0.31197916666666664 0.7787037037037037 0.315625 0.8092592592592592 0.3145833333333333 0.8175925925925925 0.31145833333333334 0.8175925925925925 0.309375 0.8138888888888889 0.3067708333333333 0.7953703703703704 0.30364583333333334 0.7870370370370371 0.3046875 0.7796296296296297 0.31145833333333334 0.7787037037037037
0 0.33229166666666665 0.5981481481481481 0.3338541666666667 0.6083333333333333 0.328125 0.637962962962963 0.325 0.6453703703703704 0.321875 0.6472222222222223 0.3151041666666667 0.6416666666666667 0.3145833333333333 0.6305555555555555 0.32395833333333335 0.6 0.32760416666666664 0.5953703703703703 0.33177083333333335 0.5981481481481481
0 0.4322916666666667 0.3731481481481482 0.43333333333333335 0.37962962962962965 0.42864583333333334 0.40370370370370373 0.421875 0.3990740740740741 0.42135416666666664 0.3925925925925926 0.4276041666666667 0.37407407407407406 0.4317708333333333 0.3731481481481482
0 0.3171875 0.6129629629629629 0.3182291666666667 0.6212962962962963 0.3140625 0.6324074074074074 0.3140625 0.6388888888888888 0.32083333333333336 0.6518518518518519 0.3229166666666667 0.7398148148148148 0.3260416666666667 0.7768518518518519 0.325 0.7851851851851852 0.32135416666666666 0.7870370370370371 0.315625 0.7861111111111111 0.31302083333333336 0.7824074074074074 0.3151041666666667 0.7722222222222223 0.3151041666666667 0.7564814814814815 0.30885416666666665 0.6361111111111111 0.30572916666666666 0.6157407407407407 0.3078125 0.6092592592592593 0.31666666666666665 0.6129629629629629
0 0.4078125 0.812962962962963 0.4114583333333333 0.812037037037037 0.41354166666666664 0.8166666666666667 0.41302083333333334 0.8416666666666667 0.40677083333333336 0.8444444444444444 0.4041666666666667 0.8425925925925926 0.4041666666666667 0.837037037037037 0.40625 0.8314814814814815 0.4078125 0.8138888888888889
2 0.3463541666666667 0.8055555555555556 0.346875 0.8175925925925925 0.34427083333333336 0.812962962962963 0.3458333333333333 0.8055555555555556
2 0.34427083333333336 0.3453703703703704 0.3463541666666667 0.3490740740740741 0.346875 0.3685185185185185 0.3453125 0.37407407407407406 0.340625 0.3787037037037037 0.3385416666666667 0.37407407407407406 0.3380208333333333 0.36018518518518516 0.34010416666666665 0.3490740740740741 0.34375 0.3453703703703704
2 0.37864583333333335 0.5518518518518518 0.3802083333333333 0.5583333333333333 0.37916666666666665 0.562962962962963 0.3765625 0.5601851851851852 0.378125 0.5518518518518518
2 0.340625 0.7444444444444445 0.34322916666666664 0.7537037037037037 0.34322916666666664 0.7657407407407407 0.340625 0.7712962962962963 0.33645833333333336 0.7638888888888888 0.33645833333333336 0.7509259259259259 0.34010416666666665 0.7444444444444445
2 0.3854166666666667 0.7694444444444445 0.3875 0.7490740740740741 0.390625 0.7425925925925926 0.3932291666666667 0.7425925925925926 0.3963541666666667 0.75 0.39739583333333334 0.7722222222222223 0.3932291666666667 0.7814814814814814 0.3859375 0.7694444444444445
2 0.3671875 0.524537037037037 0.00625 0.019444444444444445
2 0.32864583333333336 0.4324074074074074 0.33177083333333335 0.43425925925925923 0.33177083333333335 0.44351851851851853 0.32916666666666666 0.44537037037037036 0.32864583333333336 0.43333333333333335
2 0.3411458333333333 0.39814814814814814 0.33958333333333335 0.37777777777777777 0.3458333333333333 0.3712962962962963 0.34739583333333335 0.3787037037037037 0.346875 0.39351851851851855 0.3458333333333333 0.39814814814814814 0.3416666666666667 0.39814814814814814
2 0.36822916666666666 0.45092592592592595 0.371875 0.4564814814814815 0.3723958333333333 0.47314814814814815 0.365625 0.487962962962963 0.3609375 0.4842592592592593 0.359375 0.4685185185185185 0.3619791666666667 0.4546296296296296 0.36770833333333336 0.45092592592592595
2 0.35885416666666664 0.5037037037037037 0.3614583333333333 0.5064814814814815 0.3614583333333333 0.5120370370370371 0.359375 0.5148148148148148 0.35885416666666664 0.5046296296296297
2 0.38645833333333335 0.7680555555555556 0.005208333333333333 0.01574074074074074
2 0.3776041666666667 0.38333333333333336 0.37916666666666665 0.3925925925925926 0.3776041666666667 0.4027777777777778 0.375 0.4027777777777778 0.3734375 0.3990740740740741 0.37447916666666664 0.3851851851851852 0.3770833333333333 0.38333333333333336
2 0.42864583333333334 0.7657407407407407 0.4322916666666667 0.7657407407407407 0.434375 0.774074074074074 0.43385416666666665 0.7861111111111111 0.4296875 0.7870370370370371 0.4276041666666667 0.7814814814814814 0.42864583333333334 0.7666666666666667
2 0.4088541666666667 0.6148148148148148 0.4119791666666667 0.6148148148148148 0.41458333333333336 0.6194444444444445 0.4166666666666667 0.6305555555555555 0.41510416666666666 0.6509259259259259 0.41302083333333334 0.6537037037037037 0.4083333333333333 0.6509259259259259 0.40572916666666664 0.6407407407407407 0.40572916666666664 0.6259259259259259 0.4088541666666667 0.6157407407407407
2 0.2994791666666667 0.6787037037037037 0.3 0.687962962962963 0.29791666666666666 0.687037037037037 0.2989583333333333 0.6787037037037037
2 0.3875 0.5564814814814815 0.00625 0.025925925925925925
2 0.35989583333333336 0.6953703703703704 0.009375 0.03518518518518519
2 0.3416666666666667 0.5564814814814815 0.34427083333333336 0.5648148148148148 0.34479166666666666 0.5777777777777777 0.3411458333333333 0.5879629629629629 0.3380208333333333 0.5861111111111111 0.3359375 0.5768518518518518 0.33697916666666666 0.5592592592592592 0.3390625 0.5555555555555556 0.3411458333333333 0.5564814814814815
2 0.36822916666666666 0.7111111111111111 0.3703125 0.7185185185185186 0.36875 0.7305555555555555 0.3651041666666667 0.7277777777777777 0.3640625 0.7203703703703703 0.3651041666666667 0.7138888888888889 0.36770833333333336 0.7111111111111111
1 0.30572916666666666 0.09074074074074075 0.33125 0.10092592592592593 0.35572916666666665 0.10462962962962963 0.35625 0.14629629629629629 0.3546875 0.14907407407407408 0.34270833333333334 0.14351851851851852 0.3 0.13425925925925927 0.2947916666666667 0.12037037037037036 0.28802083333333334 0.11574074074074074 0.2875 0.1 0.28958333333333336 0.09537037037037037 0.296875 0.0962962962962963 0.30104166666666665 0.09074074074074075 0.30520833333333336 0.09074074074074075
1 0.31354166666666666 0.1398148148148148 0.340625 0.14444444444444443 0.3541666666666667 0.15555555555555556 0.35625 0.1685185185185185 0.3546875 0.17777777777777778 0.340625 0.18518518518518517 0.30625 0.17592592592592593 0.28489583333333335 0.16203703703703703 0.2833333333333333 0.15185185185185185 0.28541666666666665 0.14166666666666666 0.29375 0.14444444444444443 0.3015625 0.1388888888888889 0.31302083333333336 0.1398148148148148