0 0.68125 0.3537037037037037 0.6859375 0.36018518518518516 0.6864583333333333 0.3675925925925926 0.6817708333333333 0.3768518518518518 0.6760416666666667 0.4 0.6729166666666667 0.4046296296296296 0.6666666666666666 0.4 0.6661458333333333 0.3907407407407407 0.6723958333333333 0.3592592592592593 0.6744791666666666 0.35462962962962963 0.6807291666666667 0.3537037037037037
0 0.5921875 0.04351851851851852 0.6026041666666667 0.04351851851851852 0.6046875 0.05185185185185185 0.6036458333333333 0.05740740740740741 0.596875 0.06851851851851852 0.5776041666666667 0.13333333333333333 0.56875 0.14629629629629629 0.5640625 0.14537037037037037 0.5609375 0.13796296296296295 0.5609375 0.13240740740740742 0.5703125 0.1111111111111111 0.5859375 0.05277777777777778 0.5916666666666667 0.04351851851851852
0 0.6916666666666667 0.46574074074074073 0.6932291666666667 0.4777777777777778 0.6911458333333333 0.4842592592592593 0.6859375 0.48333333333333334 0.684375 0.4777777777777778 0.6859375 0.4685185185185185 0.6911458333333333 0.46574074074074073
0 0.6854166666666667 0.5199074074074074 0.010416666666666666 0.03796296296296296
0 0.6880208333333333 0.5916666666666667 0.6901041666666666 0.5990740740740741 0.6833333333333333 0.6092592592592593 0.6796875 0.6074074074074074 0.6796875 0.600925925925926 0.6833333333333333 0.5916666666666667 0.6875 0.5916666666666667
0 0.6869791666666667 0.1287037037037037 0.690625 0.13703703703703704 0.6911458333333333 0.15185185185185185 0.7140625 0.21296296296296297 0.715625 0.225 0.7119791666666667 0.2324074074074074 0.7083333333333334 0.2324074074074074 0.7046875 0.225 0.684375 0.16296296296296298 0.6744791666666666 0.14907407407407408 0.6744791666666666 0.1388888888888889 0.6770833333333334 0.13240740740740742 0.6864583333333333 0.1287037037037037
0 0.590625 0.15555555555555556 0.5958333333333333 0.16018518518518518 0.5916666666666667 0.18796296296296297 0.5880208333333333 0.18796296296296297 0.5864583333333333 0.18333333333333332 0.5864583333333333 0.1574074074074074 0.5901041666666667 0.15555555555555556
0 0.6505208333333333 0.38796296296296295 0.65625 0.39351851851851855 0.6572916666666667 0.40185185185185185 0.6536458333333334 0.4101851851851852 0.64375 0.45185185185185184 0.6380208333333334 0.45 0.6369791666666667 0.4398148148148148 0.6432291666666666 0.4111111111111111 0.64375 0.39444444444444443 0.65 0.38796296296296295
0 0.6942708333333333 0.4009259259259259 0.6984375 0.4046296296296296 0.7119791666666667 0.40555555555555556 0.7130208333333333 0.40925925925925927 0.7109375 0.4148148148148148 0.6994791666666667 0.4166666666666667 0.6942708333333333 0.4212962962962963 0.690625 0.41944444444444445 0.6895833333333333 0.4148148148148148 0.6901041666666666 0.40370370370370373 0.69375 0.4009259259259259
0 0.65625 0.5148148148148148 0.6614583333333334 0.5212962962962963 0.6614583333333334 0.5287037037037037 0.6572916666666667 0.5361111111111111 0.6546875 0.5583333333333333 0.6510416666666666 0.5712962962962963 0.6442708333333333 0.5685185185185185 0.6427083333333333 0.5574074074074075 0.6479166666666667 0.5157407407407407 0.6557291666666667 0.5148148148148148
2 0.6221354166666667 0.2212962962962963 0.0036458333333333334 0.012962962962962963
2 0.5947916666666667 0.45185185185185184 0.5989583333333334 0.4583333333333333 0.5984375 0.4722222222222222 0.5953125 0.4740740740740741 0.5927083333333333 0.4666666666666667 0.5927083333333333 0.4583333333333333 0.5947916666666667 0.4527777777777778
2 0.640625 0.2759259259259259 0.6432291666666666 0.28703703703703703 0.6401041666666667 0.3037037037037037 0.6380208333333334 0.30092592592592593 0.6369791666666667 0.28425925925925927 0.6380208333333334 0.27685185185185185 0.6401041666666667 0.2759259259259259
2 0.5854166666666667 0.2537037037037037 0.5890625 0.2601851851851852 0.5911458333333334 0.275 0.5901041666666667 0.2861111111111111 0.5869791666666667 0.2935185185185185 0.5833333333333334 0.29259259259259257 0.58125 0.287962962962963 0.5791666666666667 0.2759259259259259 0.5802083333333333 0.2574074074074074 0.5848958333333333 0.2537037037037037
2 0.6338541666666667 0.4675925925925926 0.6354166666666666 0.4787037037037037 0.6328125 0.4861111111111111 0.6302083333333334 0.4824074074074074 0.6296875 0.47129629629629627 0.63125 0.4666666666666667 0.6333333333333333 0.4675925925925926
2 0.59375 0.6574074074074074 0.5973958333333333 0.6648148148148149 0.5979166666666667 0.6787037037037037 0.5973958333333333 0.687037037037037 0.5932291666666667 0.6962962962962963 0.5895833333333333 0.6953703703703704 0.5864583333333333 0.6842592592592592 0.5869791666666667 0.6648148148148149 0.5901041666666667 0.6574074074074074 0.5932291666666667 0.6574074074074074
2 0.66875 0.5546296296296296 0.671875 0.5574074074074075 0.671875 0.5648148148148148 0.6692708333333334 0.5675925925925925 0.66875 0.5555555555555556
2 0.6125 0.5472222222222223 0.615625 0.5518518518518518 0.6171875 0.562037037037037 0.6161458333333333 0.5768518518518518 0.6130208333333333 0.5833333333333334 0.6083333333333333 0.5796296296296296 0.6067708333333334 0.5712962962962963 0.6078125 0.5527777777777778 0.6119791666666666 0.5472222222222223
2 0.6544270833333333 0.6180555555555556 0.008854166666666666 0.03425925925925926
2 0.5895833333333333 0.4212962962962963 0.5932291666666667 0.42685185185185187 0.5947916666666667 0.4351851851851852 0.5947916666666667 0.45 0.5911458333333334 0.46111111111111114 0.5869791666666667 0.45925925925925926 0.5833333333333334 0.4444444444444444 0.584375 0.4287037037037037 0.5864583333333333 0.4222222222222222 0.5890625 0.4212962962962963
2 0.6401041666666667 0.4981481481481482 0.6385416666666667 0.4962962962962963 0.6385416666666667 0.487962962962963 0.640625 0.48703703703703705 0.6416666666666667 0.4898148148148148 0.640625 0.49722222222222223
2 0.5770833333333333 0.6231481481481481 0.5802083333333333 0.6388888888888888 0.5786458333333333 0.65 0.5755208333333334 0.6564814814814814 0.5723958333333333 0.6564814814814814 0.56875 0.6509259259259259 0.5677083333333334 0.6333333333333333 0.571875 0.6212962962962963 0.5765625 0.6231481481481481
2 0.5692708333333333 0.21296296296296297 0.5723958333333333 0.22037037037037038 0.5723958333333333 0.23148148148148148 0.5708333333333333 0.2351851851851852 0.5677083333333334 0.23425925925925925 0.565625 0.22685185185185186 0.565625 0.21574074074074073 0.56875 0.21296296296296297
2 0.615625 0.29444444444444445 0.6182291666666667 0.29907407407407405 0.6166666666666667 0.3101851851851852 0.6145833333333334 0.3101851851851852 0.6135416666666667 0.30648148148148147 0.6135416666666667 0.2972222222222222 0.6151041666666667 0.29444444444444445
2 0.6005208333333333 0.662962962962963 0.6052083333333333 0.6601851851851852 0.609375 0.674074074074074 0.6067708333333334 0.6944444444444444 0.6046875 0.6981481481481482 0.6015625 0.6972222222222222 0.5979166666666667 0.687962962962963 0.5984375 0.6703703703703704 0.6005208333333333 0.6638888888888889
2 0.6216145833333333 0.4449074074074074 0.0036458333333333334 0.012037037037037037
2 0.6895833333333333 0.25277777777777777 0.6916666666666667 0.25833333333333336 0.690625 0.2759259259259259 0.6875 0.2740740740740741 0.6859375 0.2638888888888889 0.6864583333333333 0.25462962962962965 0.6890625 0.25277777777777777
2 0.6541666666666667 0.2851851851851852 0.6536458333333334 0.2953703703703704 0.6515625 0.29259259259259257 0.6515625 0.2861111111111111 0.6536458333333334 0.2851851851851852
2 0.6604166666666667 0.41388888888888886 0.6640625 0.4305555555555556 0.6630208333333333 0.44166666666666665 0.659375 0.44722222222222224 0.6546875 0.4351851851851852 0.6546875 0.4212962962962963 0.6572916666666667 0.41388888888888886 0.6598958333333333 0.41388888888888886
2 0.6380208333333334 0.24351851851851852 0.6385416666666667 0.25277777777777777 0.6364583333333333 0.2564814814814815 0.634375 0.25462962962962965 0.6338541666666667 0.24444444444444444 0.6348958333333333 0.24166666666666667 0.6375 0.24351851851851852
2 0.6125 0.23703703703703705 0.6125 0.2222222222222222 0.6161458333333333 0.22777777777777777 0.615625 0.23703703703703705 0.6130208333333333 0.23703703703703705
1 0.6526041666666667 0.8527777777777777 0.6572916666666667 0.8564814814814815 0.7 0.8675925925925926 0.7046875 0.8796296296296297 0.7125 0.8851851851851852 0.7130208333333333 0.8944444444444445 0.7114583333333333 0.9037037037037037 0.703125 0.9037037037037037 0.6989583333333333 0.9092592592592592 0.6661458333333333 0.8981481481481481 0.6442708333333333 0.8944444444444445 0.64375 0.8527777777777777 0.6520833333333333 0.8527777777777777
1 0.6645833333333333 0.8157407407407408 0.6869791666666667 0.8212962962962963 0.7151041666666667 0.8379629629629629 0.7161458333333334 0.8555555555555555 0.7140625 0.8592592592592593 0.70625 0.8555555555555555 0.6932291666666667 0.8629629629629629 0.6588541666666666 0.8555555555555555 0.6458333333333334 0.8462962962962963 0.64375 0.8398148148148148 0.64375 0.8212962962962963 0.6453125 0.8175925925925925 0.65 0.8194444444444444 0.6640625 0.8157407407407408