0 0.5541666666666667 0.18888888888888888 0.56875 0.17685185185185184 0.5739583333333333 0.1685185185185185 0.578125 0.16944444444444445 0.5817708333333333 0.17777777777777778 0.58125 0.18981481481481483 0.5786458333333333 0.1935185185185185 0.5609375 0.20462962962962963 0.5546875 0.20185185185185187 0.553125 0.19537037037037036 0.5541666666666667 0.18981481481481483
0 0.75625 0.3175925925925926 0.7572916666666667 0.32685185185185184 0.7552083333333334 0.3416666666666667 0.7427083333333333 0.35555555555555557 0.7182291666666667 0.375 0.70625 0.39166666666666666 0.7010416666666667 0.38981481481481484 0.6984375 0.38333333333333336 0.6989583333333333 0.375 0.703125 0.36574074074074076 0.7421875 0.3277777777777778 0.7484375 0.31574074074074077 0.7515625 0.3138888888888889 0.7557291666666667 0.3175925925925926
0 0.5177083333333333 0.1574074074074074 0.51875 0.1648148148148148 0.5171875 0.16944444444444445 0.5119791666666667 0.17222222222222222 0.5088541666666667 0.16944444444444445 0.5083333333333333 0.16018518518518518 0.5119791666666667 0.15648148148148147 0.5171875 0.1574074074074074
0 0.4979166666666667 0.16203703703703703 0.4979166666666667 0.17314814814814813 0.4817708333333333 0.1787037037037037 0.4786458333333333 0.175 0.478125 0.16296296296296298 0.4973958333333333 0.16203703703703703
0 0.44583333333333336 0.16203703703703703 0.4484375 0.17222222222222222 0.4427083333333333 0.18055555555555555 0.4390625 0.18055555555555555 0.43802083333333336 0.17407407407407408 0.4427083333333333 0.16296296296296298 0.4453125 0.16203703703703703
0 0.6541666666666667 0.11666666666666667 0.6645833333333333 0.12314814814814815 0.6953125 0.16018518518518518 0.7057291666666666 0.16296296296296298 0.7083333333333334 0.1675925925925926 0.70625 0.18518518518518517 0.7005208333333334 0.19074074074074074 0.6958333333333333 0.18888888888888888 0.6890625 0.17222222222222222 0.6567708333333333 0.1398148148148148 0.65 0.12962962962962962 0.6505208333333333 0.12037037037037036 0.6536458333333334 0.1175925925925926
0 0.6916666666666667 0.33055555555555555 0.6932291666666667 0.3388888888888889 0.6921875 0.34629629629629627 0.6776041666666667 0.34629629629629627 0.675 0.3435185185185185 0.675 0.337037037037037 0.6765625 0.3351851851851852 0.6911458333333333 0.33055555555555555
0 0.5578125 0.22037037037037038 0.5625 0.2324074074074074 0.5598958333333334 0.24351851851851852 0.5494791666666666 0.24537037037037038 0.5333333333333333 0.2564814814814815 0.5291666666666667 0.2564814814814815 0.5265625 0.2518518518518518 0.5265625 0.24444444444444444 0.5286458333333334 0.24074074074074073 0.5572916666666666 0.22037037037037038
0 0.5447916666666667 0.16111111111111112 0.54375 0.15462962962962962 0.5463541666666667 0.14537037037037037 0.5473958333333333 0.125 0.55 0.12129629629629629 0.5526041666666667 0.12314814814814815 0.553125 0.14722222222222223 0.5552083333333333 0.15833333333333333 0.5510416666666667 0.16296296296296298 0.5453125 0.16111111111111112
0 0.4875 0.21296296296296297 0.49114583333333334 0.2222222222222222 0.490625 0.23703703703703705 0.4671875 0.2462962962962963 0.4609375 0.24351851851851852 0.459375 0.23703703703703705 0.46041666666666664 0.22962962962962963 0.4791666666666667 0.22037037037037038 0.48333333333333334 0.21296296296296297 0.4869791666666667 0.21296296296296297
2 0.6583333333333333 0.2796296296296296 0.6598958333333333 0.2824074074074074 0.6588541666666666 0.2851851851851852 0.653125 0.2833333333333333 0.6541666666666667 0.2796296296296296 0.6578125 0.2796296296296296
2 0.5229166666666667 0.32407407407407407 0.5265625 0.33055555555555555 0.5229166666666667 0.3351851851851852 0.5161458333333333 0.33425925925925926 0.5140625 0.33055555555555555 0.5151041666666667 0.325 0.5223958333333333 0.32407407407407407
2 0.61796875 0.2513888888888889 0.016145833333333335 0.012037037037037037
2 0.6364583333333333 0.34444444444444444 0.6380208333333334 0.3537037037037037 0.6328125 0.3592592592592593 0.6197916666666666 0.35648148148148145 0.6161458333333333 0.35185185185185186 0.615625 0.3453703703703704 0.6234375 0.33796296296296297 0.6296875 0.3388888888888889 0.6359375 0.34444444444444444
2 0.5161458333333333 0.2601851851851852 0.5182291666666666 0.26666666666666666 0.515625 0.26944444444444443 0.5072916666666667 0.2657407407407407 0.509375 0.2601851851851852 0.515625 0.2601851851851852
2 0.40520833333333334 0.32592592592592595 0.4109375 0.3333333333333333 0.4114583333333333 0.33796296296296297 0.4046875 0.34629629629629627 0.3932291666666667 0.3453703703703704 0.3890625 0.3388888888888889 0.3890625 0.33425925925925926 0.39427083333333335 0.32685185185185184 0.4046875 0.32592592592592595
2 0.4671875 0.19444444444444445 0.46875 0.19722222222222222 0.46770833333333334 0.20092592592592592 0.46145833333333336 0.19907407407407407 0.46197916666666666 0.19537037037037036 0.4666666666666667 0.19444444444444445
2 0.46458333333333335 0.2916666666666667 0.4703125 0.29444444444444445 0.47291666666666665 0.3 0.4708333333333333 0.3074074074074074 0.4666666666666667 0.3101851851851852 0.459375 0.3101851851851852 0.45260416666666664 0.3037037037037037 0.453125 0.2972222222222222 0.45625 0.2935185185185185 0.4640625 0.2916666666666667
2 0.440625 0.21944444444444444 0.4427083333333333 0.22777777777777777 0.4354166666666667 0.2324074074074074 0.42604166666666665 0.23055555555555557 0.4239583333333333 0.22407407407407406 0.43125 0.2175925925925926 0.4401041666666667 0.21944444444444444
2 0.5359375 0.3314814814814815 0.540625 0.33425925925925926 0.54375 0.34074074074074073 0.5432291666666667 0.34629629629629627 0.5364583333333334 0.35185185185185186 0.5244791666666667 0.34814814814814815 0.5213541666666667 0.33796296296296297 0.5276041666666667 0.3314814814814815 0.5354166666666667 0.3314814814814815
2 0.5010416666666667 0.2490740740740741 0.5067708333333333 0.25 0.50625 0.2537037037037037 0.5015625 0.2537037037037037 0.5010416666666667 0.25
2 0.42604166666666665 0.35833333333333334 0.43020833333333336 0.362962962962963 0.43125 0.37222222222222223 0.4244791666666667 0.37962962962962965 0.41458333333333336 0.37777777777777777 0.4114583333333333 0.3712962962962963 0.4114583333333333 0.36574074074074076 0.41770833333333335 0.35833333333333334 0.42552083333333335 0.35833333333333334
2 0.6567708333333333 0.3712962962962963 0.6609375 0.3768518518518518 0.659375 0.38333333333333336 0.653125 0.38333333333333336 0.6484375 0.37777777777777777 0.6505208333333333 0.3712962962962963 0.65625 0.3712962962962963
2 0.6125 0.2898148148148148 0.6151041666666667 0.29444444444444445 0.6135416666666667 0.29814814814814816 0.60625 0.2962962962962963 0.6072916666666667 0.29074074074074074 0.6119791666666666 0.2898148148148148
2 0.4015625 0.3055555555555556 0.4078125 0.30925925925925923 0.409375 0.3175925925925926 0.4005208333333333 0.32592592592592595 0.390625 0.32314814814814813 0.3880208333333333 0.3138888888888889 0.3932291666666667 0.3074074074074074 0.4010416666666667 0.3055555555555556
2 0.5328125 0.28055555555555556 0.5333333333333333 0.2861111111111111 0.5286458333333334 0.2861111111111111 0.5276041666666667 0.2833333333333333 0.5286458333333334 0.28055555555555556 0.5322916666666667 0.28055555555555556
2 0.6354166666666666 0.15925925925925927 0.6380208333333334 0.16111111111111112 0.6385416666666667 0.16666666666666666 0.634375 0.16944444444444445 0.6265625 0.16666666666666666 0.6255208333333333 0.16111111111111112 0.6348958333333333 0.15925925925925927
2 0.6197916666666666 0.225 0.6197916666666666 0.23055555555555557 0.6161458333333333 0.23055555555555557 0.6145833333333334 0.22685185185185186 0.6192708333333333 0.225
2 0.5395833333333333 0.20833333333333334 0.5479166666666667 0.21481481481481482 0.5479166666666667 0.22037037037037038 0.54375 0.225 0.5359375 0.225 0.5296875 0.21851851851851853 0.53125 0.2111111111111111 0.5390625 0.20833333333333334
2 0.6408854166666667 0.25833333333333336 0.008854166666666666 0.009259259259259259
2 0.6526041666666667 0.2935185185185185 0.6552083333333333 0.2962962962962963 0.6557291666666667 0.3 0.6541666666666667 0.30185185185185187 0.6473958333333333 0.3 0.6473958333333333 0.29444444444444445 0.6520833333333333 0.2935185185185185
1 0.9776041666666667 0.3111111111111111 0.9932291666666667 0.3194444444444444 0.9958333333333333 0.32685185185185184 0.9958333333333333 0.33425925925925926 0.9833333333333333 0.33611111111111114 0.9786458333333333 0.3416666666666667 0.9776041666666667 0.35462962962962963 0.9723958333333333 0.37037037037037035 0.9645833333333333 0.4074074074074074 0.9614583333333333 0.412962962962963 0.9484375 0.40370370370370373 0.9458333333333333 0.3972222222222222 0.9463541666666667 0.3907407407407407 0.9588541666666667 0.3425925925925926 0.9635416666666666 0.3148148148148148 0.96875 0.3101851851851852 0.9770833333333333 0.3111111111111111
1 0.9848958333333333 0.2657407407407407 0.9994791666666667 0.2712962962962963 0.9994791666666667 0.29444444444444445 0.9973958333333334 0.2953703703703704 0.9921875 0.31574074074074077 0.971875 0.3074074074074074 0.9770833333333333 0.27037037037037037 0.984375 0.2657407407407407
1 0.9020833333333333 0.4222222222222222 0.9109375 0.4324074074074074 0.9078125 0.45555555555555555 0.9192708333333334 0.4740740740740741 0.9208333333333333 0.48703703703703705 0.9125 0.5101851851851852 0.9046875 0.5592592592592592 0.896875 0.5703703703703704 0.8859375 0.5675925925925925 0.8692708333333333 0.5564814814814815 0.8557291666666667 0.5435185185185185 0.8526041666666667 0.5333333333333333 0.8677083333333333 0.4740740740740741 0.8692708333333333 0.45555555555555555 0.8760416666666667 0.44722222222222224 0.8911458333333333 0.44351851851851853 0.8947916666666667 0.42592592592592593 0.9015625 0.4222222222222222
1 0.9020833333333333 0.38425925925925924 0.9145833333333333 0.3888888888888889 0.9145833333333333 0.39351851851851855 0.9114583333333334 0.39814814814814814 0.9052083333333333 0.4 0.9 0.4083333333333333 0.9015625 0.41759259259259257 0.8947916666666667 0.4212962962962963 0.8901041666666667 0.4425925925925926 0.875 0.4462962962962963 0.8692708333333333 0.4537037037037037 0.8661458333333333 0.4787037037037037 0.859375 0.5037037037037037 0.8546875 0.5009259259259259 0.853125 0.48518518518518516 0.8536458333333333 0.46944444444444444 0.859375 0.44722222222222224 0.8625 0.44074074074074077 0.8708333333333333 0.43333333333333335 0.8765625 0.41944444444444445 0.8828125 0.41388888888888886 0.8869791666666667 0.387037037037037 0.8932291666666666 0.38333333333333336 0.9015625 0.38425925925925924
1 0.9364583333333333 0.4222222222222222 0.9390625 0.43148148148148147 0.9390625 0.4666666666666667 0.9447916666666667 0.4824074074074074 0.9458333333333333 0.5 0.9354166666666667 0.5472222222222223 0.9317708333333333 0.5546296296296296 0.9255208333333333 0.5583333333333333 0.9109375 0.5574074074074075 0.9078125 0.5546296296296296 0.9072916666666667 0.5481481481481482 0.9145833333333333 0.5055555555555555 0.9213541666666667 0.48703703703703705 0.91875 0.46944444444444444 0.9223958333333333 0.45092592592592595 0.9302083333333333 0.4361111111111111 0.9322916666666666 0.425 0.9359375 0.4222222222222222
1 0.27239583333333334 0.12407407407407407 0.2828125 0.12222222222222222 0.2859375 0.1361111111111111 0.29322916666666665 0.14629629629629629 0.2989583333333333 0.22037037037037038 0.3020833333333333 0.23703703703703705 0.30104166666666665 0.24444444444444444 0.28177083333333336 0.24537037037037038 0.27708333333333335 0.24166666666666667 0.2755208333333333 0.20462962962962963 0.26927083333333335 0.1527777777777778 0.26927083333333335 0.14629629629629629 0.27239583333333334 0.1388888888888889 0.27239583333333334 0.125
1 0.3078125 0.11574074074074074 0.3104166666666667 0.12129629629629629 0.3109375 0.13148148148148148 0.31927083333333334 0.17222222222222222 0.321875 0.22037037037037038 0.31979166666666664 0.23333333333333334 0.32083333333333336 0.24166666666666667 0.31875 0.24444444444444444 0.30572916666666666 0.24259259259259258 0.2994791666666667 0.2175925925925926 0.2953125 0.15925925925925927 0.29583333333333334 0.14814814814814814 0.2994791666666667 0.13333333333333333 0.29739583333333336 0.11944444444444445 0.2994791666666667 0.11574074074074074 0.3072916666666667 0.11574074074074074
1 0.9994791666666667 0.3398148148148148 0.9994791666666667 0.42314814814814816 0.9927083333333333 0.42685185185185187 0.9890625 0.4388888888888889 0.9828125 0.4425925925925926 0.9729166666666667 0.44074074074074077 0.965625 0.4351851851851852 0.9630208333333333 0.4287037037037037 0.9635416666666666 0.41388888888888886 0.9697916666666667 0.3824074074074074 0.9776041666666667 0.35555555555555557 0.9791666666666666 0.3416666666666667 0.984375 0.337037037037037 0.9953125 0.337037037037037 0.9989583333333333 0.3398148148148148