0 0.6192708333333333 0.26851851851851855 0.6229166666666667 0.275 0.6473958333333333 0.2814814814814815 0.6473958333333333 0.2972222222222222 0.6453125 0.3 0.6135416666666667 0.2953703703703704 0.6130208333333333 0.27870370370370373 0.6145833333333334 0.2712962962962963 0.61875 0.26851851851851855
0 0.6885416666666667 0.24814814814814815 0.7395833333333334 0.28425925925925927 0.746875 0.2851851851851852 0.7479166666666667 0.29074074074074074 0.7447916666666666 0.30185185185185187 0.7411458333333333 0.30185185185185187 0.6854166666666667 0.25925925925925924 0.6828125 0.25092592592592594 0.6880208333333333 0.24814814814814815
0 0.48489583333333336 0.225 0.011458333333333333 0.024074074074074074
0 0.6213541666666667 0.16666666666666666 0.6578125 0.1712962962962963 0.66875 0.1685185185185185 0.6697916666666667 0.1787037037037037 0.6682291666666667 0.1814814814814815 0.6083333333333333 0.17777777777777778 0.6046875 0.175 0.6057291666666667 0.16666666666666666 0.6208333333333333 0.16666666666666666
0 0.42291666666666666 0.27314814814814814 0.425 0.3037037037037037 0.428125 0.3148148148148148 0.4276041666666667 0.3212962962962963 0.4239583333333333 0.325 0.4171875 0.32407407407407407 0.4140625 0.31666666666666665 0.4166666666666667 0.3055555555555556 0.4161458333333333 0.2759259259259259 0.41822916666666665 0.2722222222222222 0.42239583333333336 0.27314814814814814
0 0.46875 0.09444444444444444 0.47239583333333335 0.09907407407407408 0.47291666666666665 0.14537037037037037 0.47708333333333336 0.16111111111111112 0.475 0.1685185185185185 0.4703125 0.17037037037037037 0.46458333333333335 0.16944444444444445 0.4625 0.16574074074074074 0.46458333333333335 0.15 0.4640625 0.09814814814814815 0.46822916666666664 0.09444444444444444
0 0.5625 0.2361111111111111 0.5640625 0.24722222222222223 0.5614583333333333 0.2518518518518518 0.5572916666666666 0.25092592592592594 0.5546875 0.24074074074074073 0.5567708333333333 0.2361111111111111 0.5619791666666667 0.2361111111111111
0 0.696875 0.31574074074074077 0.7005208333333334 0.32222222222222224 0.6994791666666667 0.33240740740740743 0.6796875 0.3435185185185185 0.6755208333333333 0.3416666666666667 0.6760416666666667 0.3314814814814815 0.6963541666666667 0.31574074074074077
0 0.55 0.31296296296296294 0.5520833333333334 0.3175925925925926 0.5526041666666667 0.3296296296296296 0.5510416666666667 0.33611111111111114 0.5473958333333333 0.3398148148148148 0.5390625 0.3333333333333333 0.5255208333333333 0.3314814814814815 0.5229166666666667 0.32592592592592595 0.5229166666666667 0.3194444444444444 0.5255208333333333 0.3148148148148148 0.54375 0.31666666666666665 0.5494791666666666 0.31296296296296294
0 0.6177083333333333 0.1787037037037037 0.6265625 0.20925925925925926 0.6265625 0.21574074074074073 0.6234375 0.22037037037037038 0.6197916666666666 0.21944444444444444 0.6161458333333333 0.21296296296296297 0.6083333333333333 0.18796296296296297 0.6088541666666667 0.18055555555555555 0.6119791666666666 0.17777777777777778 0.6171875 0.1787037037037037
0 0.6567708333333333 0.2101851851851852 0.6755208333333333 0.20833333333333334 0.6786458333333333 0.2111111111111111 0.6791666666666667 0.21851851851851853 0.6755208333333333 0.22777777777777777 0.6541666666666667 0.23703703703703705 0.65 0.2351851851851852 0.6479166666666667 0.23055555555555557 0.6473958333333333 0.2175925925925926 0.6510416666666666 0.20925925925925926 0.65625 0.2101851851851852
0 0.6140625 0.24166666666666667 0.625 0.24722222222222223 0.6234375 0.25555555555555554 0.6140625 0.2574074074074074 0.6104166666666667 0.25462962962962965 0.6104166666666667 0.24444444444444444 0.6135416666666667 0.24166666666666667
2 0.5484375 0.23796296296296296 0.55 0.24444444444444444 0.5473958333333333 0.24722222222222223 0.5416666666666666 0.2462962962962963 0.5395833333333333 0.24074074074074073 0.5416666666666666 0.23703703703703705 0.5479166666666667 0.23796296296296296
2 0.5651041666666666 0.2222222222222222 0.5708333333333333 0.22037037037037038 0.5723958333333333 0.22407407407407406 0.5708333333333333 0.22870370370370371 0.5666666666666667 0.22870370370370371 0.5651041666666666 0.22314814814814815
2 0.6020833333333333 0.21481481481481482 0.609375 0.22037037037037038 0.609375 0.22685185185185186 0.60625 0.23055555555555557 0.5973958333333333 0.23055555555555557 0.5921875 0.22592592592592592 0.5927083333333333 0.2175925925925926 0.6015625 0.21481481481481482
2 0.46822916666666664 0.2601851851851852 0.46927083333333336 0.2657407407407407 0.46770833333333334 0.26851851851851855 0.46145833333333336 0.26481481481481484 0.4630208333333333 0.2601851851851852 0.46770833333333334 0.2601851851851852
2 0.4875 0.23703703703703705 0.48072916666666665 0.22685185185185186 0.4796875 0.21666666666666667 0.4828125 0.21296296296296297 0.4869791666666667 0.21574074074074073 0.490625 0.23055555555555557 0.490625 0.23425925925925925 0.48802083333333335 0.2361111111111111
2 0.5916666666666667 0.3212962962962963 0.6010416666666667 0.325 0.6041666666666666 0.3333333333333333 0.603125 0.33796296296296297 0.5979166666666667 0.3425925925925926 0.5911458333333334 0.3425925925925926 0.5848958333333333 0.33796296296296297 0.5822916666666667 0.3277777777777778 0.5848958333333333 0.32314814814814813 0.5911458333333334 0.32222222222222224
2 0.4979166666666667 0.2388888888888889 0.5020833333333333 0.23703703703703705 0.5036458333333333 0.23981481481481481 0.5015625 0.24444444444444444 0.4979166666666667 0.23981481481481481
2 0.5361979166666667 0.2814814814814815 0.0109375 0.011111111111111112
2 0.465625 0.3351851851851852 0.46979166666666666 0.337037037037037 0.471875 0.34629629629629627 0.46510416666666665 0.3537037037037037 0.45625 0.35185185185185186 0.453125 0.3453703703703704 0.45677083333333335 0.337037037037037 0.46510416666666665 0.3351851851851852
2 0.5255208333333333 0.2740740740740741 0.525 0.2638888888888889 0.5291666666666667 0.26481481481481484 0.5307291666666667 0.2712962962962963 0.5291666666666667 0.275 0.5260416666666666 0.2740740740740741
2 0.4265625 0.22962962962962963 0.43020833333333336 0.23148148148148148 0.4322916666666667 0.23703703703703705 0.43125 0.24166666666666667 0.4265625 0.24537037037037038 0.41770833333333335 0.24537037037037038 0.41354166666666664 0.24074074074074073 0.41458333333333336 0.23333333333333334 0.4192708333333333 0.22962962962962963 0.42604166666666665 0.22962962962962963
2 0.4984375 0.2712962962962963 0.5015625 0.275 0.5020833333333333 0.2796296296296296 0.49635416666666665 0.2861111111111111 0.484375 0.28425925925925927 0.4822916666666667 0.27685185185185185 0.4875 0.27037037037037037 0.4979166666666667 0.2712962962962963
2 0.5614583333333333 0.2351851851851852 0.5640625 0.24074074074074073 0.5640625 0.24722222222222223 0.5614583333333333 0.2518518518518518 0.5572916666666666 0.25092592592592594 0.5546875 0.24444444444444444 0.55625 0.23703703703703705 0.5609375 0.2351851851851852
2 0.5416666666666666 0.2462962962962963 0.5510416666666667 0.2537037037037037 0.55 0.2611111111111111 0.5432291666666667 0.26481481481481484 0.5364583333333334 0.26296296296296295 0.53125 0.25462962962962965 0.5354166666666667 0.24814814814814815 0.5411458333333333 0.2462962962962963
2 0.5270833333333333 0.22314814814814815 0.5286458333333334 0.22777777777777777 0.5265625 0.23148148148148148 0.5182291666666666 0.22777777777777777 0.5197916666666667 0.22314814814814815 0.5265625 0.22314814814814815
2 0.50625 0.2972222222222222 0.5072916666666667 0.30277777777777776 0.5057291666666667 0.3055555555555556 0.5010416666666667 0.3055555555555556 0.4984375 0.30092592592592593 0.5005208333333333 0.2962962962962963 0.5057291666666667 0.2972222222222222
2 0.49375 0.29444444444444445 0.49895833333333334 0.2962962962962963 0.49635416666666665 0.3 0.49375 0.2953703703703704
2 0.5098958333333333 0.23148148148148148 0.5130208333333334 0.23703703703703705 0.5109375 0.23981481481481481 0.5057291666666667 0.23796296296296296 0.5057291666666667 0.23425925925925925 0.509375 0.23148148148148148
2 0.5072916666666667 0.2175925925925926 0.5098958333333333 0.2222222222222222 0.5088541666666667 0.22685185185185186 0.5005208333333333 0.22407407407407406 0.5010416666666667 0.21851851851851853 0.5067708333333333 0.2175925925925926
2 0.5432291666666667 0.21481481481481482 0.54375 0.22314814814814815 0.5364583333333334 0.22777777777777777 0.528125 0.225 0.5260416666666666 0.22037037037037038 0.5265625 0.21666666666666667 0.5338541666666666 0.2111111111111111 0.5427083333333333 0.21481481481481482
2 0.5630208333333333 0.17777777777777778 0.5661458333333333 0.18518518518518517 0.5609375 0.18981481481481483 0.5541666666666667 0.18796296296296297 0.5515625 0.1814814814814815 0.55625 0.17685185185185184 0.5625 0.17777777777777778
2 0.4828125 0.25833333333333336 0.48854166666666665 0.26851851851851855 0.48125 0.2759259259259259 0.47239583333333335 0.2740740740740741 0.46875 0.2675925925925926 0.46979166666666666 0.262037037037037 0.47291666666666665 0.25925925925925924 0.4822916666666667 0.25833333333333336
1 0.89375 0.4185185185185185 0.8973958333333333 0.41759259259259257 0.9109375 0.43148148148148147 0.9026041666666667 0.46574074074074073 0.9036458333333334 0.49907407407407406 0.8979166666666667 0.5388888888888889 0.8869791666666667 0.5398148148148149 0.8828125 0.55 0.8713541666666667 0.5564814814814815 0.8588541666666667 0.5462962962962963 0.8526041666666667 0.5361111111111111 0.8661458333333333 0.48055555555555557 0.8697916666666666 0.4546296296296296 0.8770833333333333 0.4462962962962963 0.8901041666666667 0.44351851851851853 0.89375 0.4287037037037037 0.89375 0.41944444444444445
1 0.28020833333333334 0.12129629629629629 0.284375 0.125 0.28541666666666665 0.13333333333333333 0.29375 0.14629629629629629 0.29583333333333334 0.18518518518518517 0.3020833333333333 0.24074074074074073 0.3 0.24444444444444444 0.2828125 0.24537037037037038 0.27708333333333335 0.24166666666666667 0.275 0.2 0.26927083333333335 0.1527777777777778 0.26927083333333335 0.14629629629629629 0.27239583333333334 0.1388888888888889 0.27239583333333334 0.125 0.2796875 0.12129629629629629
1 0.8989583333333333 0.38333333333333336 0.9151041666666667 0.38981481481481484 0.9135416666666667 0.3990740740740741 0.9145833333333333 0.40925925925925927 0.9114583333333334 0.425 0.9072916666666667 0.42592592592592593 0.8984375 0.4166666666666667 0.8927083333333333 0.4166666666666667 0.8927083333333333 0.43148148148148147 0.8890625 0.4425925925925926 0.8755208333333333 0.4462962962962963 0.8697916666666666 0.4527777777777778 0.8635416666666667 0.4925925925925926 0.8588541666666667 0.5037037037037037 0.8546875 0.5009259259259259 0.853125 0.48703703703703705 0.8536458333333333 0.46944444444444444 0.85625 0.4564814814814815 0.8635416666666667 0.4398148148148148 0.8729166666666667 0.4287037037037037 0.875 0.41944444444444445 0.8828125 0.41388888888888886 0.8869791666666667 0.387037037037037 0.8984375 0.38333333333333336
1 0.30885416666666665 0.11666666666666667 0.3182291666666667 0.16296296296296298 0.321875 0.20925925925925926 0.31979166666666664 0.24074074074074073 0.31614583333333335 0.24444444444444444 0.30885416666666665 0.24444444444444444 0.30364583333333334 0.24074074074074073 0.296875 0.18981481481481483 0.2953125 0.15648148148148147 0.2994791666666667 0.13518518518518519 0.29739583333333336 0.11944444444444445 0.3 0.11574074074074074 0.30833333333333335 0.11666666666666667