0 0.4317708333333333 0.7379629629629629 0.43854166666666666 0.7435185185185185 0.44427083333333334 0.7398148148148148 0.44947916666666665 0.7407407407407407 0.44947916666666665 0.7648148148148148 0.446875 0.7685185185185185 0.44166666666666665 0.762962962962963 0.4166666666666667 0.7601851851851852 0.41822916666666665 0.7416666666666667 0.4234375 0.7379629629629629 0.43125 0.7379629629629629
0 0.30104166666666665 0.8555555555555555 0.3177083333333333 0.8601851851851852 0.32083333333333336 0.8629629629629629 0.32135416666666666 0.8675925925925926 0.3203125 0.8740740740740741 0.315625 0.875 0.3020833333333333 0.8657407407407407 0.30052083333333335 0.8629629629629629 0.30104166666666665 0.8564814814814815
0 0.5395833333333333 0.637962962962963 0.5421875 0.6509259259259259 0.515625 0.6861111111111111 0.509375 0.6814814814814815 0.5083333333333333 0.6703703703703704 0.528125 0.6444444444444445 0.5390625 0.637962962962963
0 0.3078125 0.6527777777777778 0.32083333333333336 0.6537037037037037 0.3229166666666667 0.6564814814814814 0.321875 0.662962962962963 0.31302083333333336 0.6648148148148149 0.3104166666666667 0.6694444444444444 0.3067708333333333 0.6694444444444444 0.30520833333333336 0.6657407407407407 0.3046875 0.6564814814814814 0.3072916666666667 0.6527777777777778
0 0.4895833333333333 0.8287037037037037 0.49114583333333334 0.8388888888888889 0.48802083333333335 0.8425925925925926 0.48125 0.8416666666666667 0.48072916666666665 0.837037037037037 0.48385416666666664 0.8287037037037037 0.4890625 0.8287037037037037
0 0.5223958333333333 0.6296296296296297 0.5244791666666667 0.6351851851851852 0.5229166666666667 0.6435185185185185 0.50625 0.6518518518518519 0.5020833333333333 0.6611111111111111 0.4979166666666667 0.6611111111111111 0.4947916666666667 0.6546296296296297 0.49322916666666666 0.6481481481481481 0.4947916666666667 0.6351851851851852 0.4979166666666667 0.6333333333333333 0.5067708333333333 0.6361111111111111 0.51875 0.6287037037037037 0.521875 0.6296296296296297
0 0.5828125 0.6018518518518519 0.5854166666666667 0.6092592592592593 0.5864583333333333 0.6305555555555555 0.5963541666666666 0.675 0.5953125 0.6814814814814815 0.5921875 0.6824074074074075 0.5880208333333333 0.674074074074074 0.5796875 0.6277777777777778 0.5739583333333333 0.6129629629629629 0.5755208333333334 0.6037037037037037 0.5822916666666667 0.6018518518518519
0 0.5786458333333333 0.7148148148148148 0.5817708333333333 0.7185185185185186 0.5833333333333334 0.725925925925926 0.5822916666666667 0.75 0.5791666666666667 0.7611111111111111 0.575 0.762962962962963 0.56875 0.7564814814814815 0.5677083333333334 0.7472222222222222 0.5734375 0.7175925925925926 0.578125 0.7148148148148148
0 0.40520833333333334 0.6759259259259259 0.40677083333333336 0.6842592592592592 0.40208333333333335 0.7046296296296296 0.39895833333333336 0.7027777777777777 0.39947916666666666 0.6907407407407408 0.39739583333333334 0.6805555555555556 0.4005208333333333 0.675 0.4046875 0.6759259259259259
0 0.48072916666666665 0.8074074074074075 0.5057291666666667 0.8101851851851852 0.5291666666666667 0.8175925925925925 0.5432291666666667 0.8175925925925925 0.5442708333333334 0.8222222222222222 0.5432291666666667 0.8314814814814815 0.5401041666666667 0.8324074074074074 0.5317708333333333 0.825925925925926 0.48541666666666666 0.8175925925925925 0.48125 0.8138888888888889 0.48072916666666665 0.8083333333333333
0 0.3651041666666667 0.7935185185185185 0.3703125 0.8037037037037037 0.37447916666666664 0.8064814814814815 0.4427083333333333 0.8287037037037037 0.446875 0.8342592592592593 0.44635416666666666 0.8444444444444444 0.4432291666666667 0.8481481481481481 0.3692708333333333 0.8203703703703704 0.35885416666666664 0.8240740740740741 0.3567708333333333 0.8185185185185185 0.3572916666666667 0.8037037037037037 0.359375 0.7962962962962963 0.3645833333333333 0.7935185185185185
2 0.3458333333333333 0.8287037037037037 0.3484375 0.8351851851851851 0.34270833333333334 0.8398148148148148 0.334375 0.8379629629629629 0.33125 0.8305555555555556 0.334375 0.8268518518518518 0.3453125 0.8287037037037037
2 0.38645833333333335 0.7435185185185185 0.39010416666666664 0.7481481481481481 0.384375 0.7537037037037037 0.37916666666666665 0.7481481481481481 0.3807291666666667 0.7444444444444445 0.3859375 0.7435185185185185
2 0.4010416666666667 0.7518518518518519 0.4041666666666667 0.7546296296296297 0.4046875 0.7592592592592593 0.39947916666666666 0.7648148148148148 0.38958333333333334 0.7638888888888888 0.38645833333333335 0.7601851851851852 0.3854166666666667 0.7537037037037037 0.3890625 0.7490740740740741 0.4005208333333333 0.7518518518518519
2 0.3109375 0.6759259259259259 0.31875 0.6833333333333333 0.3182291666666667 0.6898148148148148 0.3109375 0.6944444444444444 0.3020833333333333 0.6925925925925925 0.29635416666666664 0.6851851851851852 0.296875 0.6796296296296296 0.2994791666666667 0.6759259259259259 0.3104166666666667 0.6759259259259259
2 0.5359375 0.7981481481481482 0.5375 0.8 0.5359375 0.8055555555555556 0.5307291666666667 0.8037037037037037 0.5317708333333333 0.7981481481481482 0.5354166666666667 0.7981481481481482
2 0.48723958333333334 0.7430555555555556 0.0109375 0.010185185185185186
2 0.4395833333333333 0.6953703703703704 0.44635416666666666 0.6981481481481482 0.4484375 0.7027777777777777 0.4479166666666667 0.7092592592592593 0.4432291666666667 0.7138888888888889 0.4348958333333333 0.7129629629629629 0.43072916666666666 0.7064814814814815 0.43125 0.6990740740740741 0.4390625 0.6953703703703704
2 0.51875 0.6824074074074075 0.5223958333333333 0.6861111111111111 0.5229166666666667 0.6907407407407408 0.51875 0.6925925925925925 0.5145833333333333 0.6898148148148148 0.5130208333333334 0.6851851851851852 0.5182291666666666 0.6833333333333333
2 0.36614583333333334 0.6203703703703703 0.37135416666666665 0.6268518518518519 0.371875 0.6342592592592593 0.3645833333333333 0.6407407407407407 0.35520833333333335 0.6388888888888888 0.35052083333333334 0.6342592592592593 0.34739583333333335 0.6259259259259259 0.3541666666666667 0.6194444444444445 0.365625 0.6203703703703703
2 0.5182291666666666 0.7509259259259259 0.5166666666666667 0.7564814814814815 0.5130208333333334 0.7555555555555555 0.5125 0.7518518518518519 0.5177083333333333 0.7509259259259259
2 0.35 0.6194444444444445 0.35052083333333334 0.6231481481481481 0.3453125 0.6287037037037037 0.3390625 0.6259259259259259 0.3375 0.6185185185185185 0.3453125 0.6157407407407407 0.3494791666666667 0.6194444444444445
2 0.43072916666666666 0.737037037037037 0.4375 0.7407407407407407 0.43802083333333336 0.7444444444444445 0.43645833333333334 0.7453703703703703 0.41822916666666665 0.7453703703703703 0.41822916666666665 0.7407407407407407 0.42135416666666664 0.7379629629629629 0.43020833333333336 0.737037037037037
2 0.35833333333333334 0.6787037037037037 0.36354166666666665 0.6814814814814815 0.3671875 0.687962962962963 0.36614583333333334 0.6935185185185185 0.36302083333333335 0.6962962962962963 0.3536458333333333 0.6962962962962963 0.3463541666666667 0.6888888888888889 0.34739583333333335 0.6814814814814815 0.3578125 0.6787037037037037
2 0.33177083333333335 0.7703703703703704 0.3333333333333333 0.7722222222222223 0.33229166666666665 0.7759259259259259 0.32760416666666664 0.7759259259259259 0.3260416666666667 0.7722222222222223 0.33125 0.7703703703703704
2 0.3984375 0.8537037037037037 0.39895833333333336 0.8583333333333333 0.39479166666666665 0.8583333333333333 0.39375 0.8555555555555555 0.39791666666666664 0.8537037037037037
2 0.5859375 0.8416666666666667 0.5875 0.8453703703703703 0.5848958333333333 0.8490740740740741 0.5796875 0.8490740740740741 0.578125 0.8435185185185186 0.5854166666666667 0.8416666666666667
2 0.32916666666666666 0.6898148148148148 0.33229166666666665 0.6925925925925925 0.3338541666666667 0.6990740740740741 0.32760416666666664 0.7037037037037037 0.3182291666666667 0.7 0.31666666666666665 0.6925925925925925 0.32083333333333336 0.687962962962963 0.32864583333333336 0.6898148148148148
2 0.4713541666666667 0.6925925925925925 0.4739583333333333 0.6953703703703704 0.4739583333333333 0.7 0.4713541666666667 0.7018518518518518 0.465625 0.6990740740740741 0.4666666666666667 0.6935185185185185 0.4708333333333333 0.6925925925925925
2 0.34791666666666665 0.6342592592592593 0.3546875 0.6425925925925926 0.353125 0.649074074074074 0.34739583333333335 0.6537037037037037 0.340625 0.6537037037037037 0.334375 0.6481481481481481 0.3328125 0.6407407407407407 0.3380208333333333 0.6333333333333333 0.34739583333333335 0.6342592592592593
2 0.3515625 0.6527777777777778 0.3536458333333333 0.6574074074074074 0.35260416666666666 0.6611111111111111 0.3453125 0.6601851851851852 0.34427083333333336 0.6574074074074074 0.3463541666666667 0.6527777777777778 0.35104166666666664 0.6527777777777778
1 0.10625 0.4287037037037037 0.12395833333333334 0.43796296296296294 0.14010416666666667 0.45185185185185184 0.14583333333333334 0.4601851851851852 0.14635416666666667 0.4685185185185185 0.13229166666666667 0.5231481481481481 0.13072916666666667 0.5425925925925926 0.125 0.5509259259259259 0.10989583333333333 0.5555555555555556 0.10520833333333333 0.5777777777777777 0.103125 0.5805555555555556 0.09479166666666666 0.575 0.08854166666666667 0.5666666666666667 0.09114583333333333 0.5425925925925926 0.08020833333333334 0.5259259259259259 0.078125 0.5138888888888888 0.08697916666666666 0.4888888888888889 0.09479166666666666 0.4398148148148148 0.09895833333333333 0.43148148148148147 0.10572916666666667 0.4287037037037037
1 0.0890625 0.4425925925925926 0.0921875 0.44722222222222224 0.09166666666666666 0.4564814814814815 0.08541666666666667 0.49166666666666664 0.07760416666666667 0.5148148148148148 0.08177083333333333 0.5351851851851852 0.07552083333333333 0.5527777777777778 0.06875 0.5648148148148148 0.06770833333333333 0.5740740740740741 0.06510416666666667 0.575925925925926 0.06041666666666667 0.5675925925925925 0.06041666666666667 0.5361111111111111 0.06302083333333333 0.5185185185185185 0.06875 0.5055555555555555 0.07447916666666667 0.4787037037037037 0.0734375 0.45092592592592595 0.07760416666666667 0.44074074074074077 0.08854166666666667 0.4425925925925926
1 0.140625 0.4962962962962963 0.14479166666666668 0.49907407407407406 0.14635416666666667 0.5120370370370371 0.14375 0.5416666666666666 0.1359375 0.5592592592592592 0.12708333333333333 0.5685185185185185 0.12291666666666666 0.5805555555555556 0.11614583333333334 0.5851851851851851 0.11354166666666667 0.5953703703703703 0.11302083333333333 0.6092592592592593 0.10208333333333333 0.6157407407407407 0.08697916666666666 0.612037037037037 0.08489583333333334 0.6101851851851852 0.08489583333333334 0.6055555555555555 0.08802083333333334 0.6 0.0953125 0.5990740740740741 0.1 0.5898148148148148 0.0984375 0.5814814814814815 0.10260416666666666 0.5833333333333334 0.10677083333333333 0.5796296296296296 0.10677083333333333 0.5703703703703704 0.1109375 0.5564814814814815 0.12395833333333334 0.5527777777777778 0.13020833333333334 0.5453703703703704 0.13333333333333333 0.5212962962962963 0.14010416666666667 0.49722222222222223
1 0.696875 0.7583333333333333 0.6984375 0.7546296296296297 0.721875 0.7564814814814815 0.7239583333333334 0.7953703703703704 0.7302083333333333 0.8518518518518519 0.7270833333333333 0.8592592592592593 0.7260416666666667 0.8759259259259259 0.7161458333333334 0.8759259259259259 0.7135416666666666 0.8629629629629629 0.7078125 0.8555555555555555 0.7052083333333333 0.8472222222222222 0.7036458333333333 0.8101851851851852 0.6973958333333333 0.7592592592592593
1 0.6828125 0.7583333333333333 0.6916666666666667 0.7583333333333333 0.6958333333333333 0.7666666666666667 0.7020833333333333 0.8037037037037037 0.7036458333333333 0.8342592592592593 0.7036458333333333 0.8518518518518519 0.7005208333333334 0.8638888888888889 0.7015625 0.8814814814814815 0.6916666666666667 0.8833333333333333 0.6890625 0.8777777777777778 0.6822916666666666 0.8444444444444444 0.678125 0.799074074074074 0.6776041666666667 0.7787037037037037 0.6807291666666667 0.7722222222222223 0.6802083333333333 0.7675925925925926 0.6828125 0.7592592592592593