0 0.625 0.7027777777777777 0.6296875 0.7074074074074074 0.6296875 0.7129629629629629 0.6260416666666667 0.7194444444444444 0.621875 0.7638888888888888 0.6135416666666667 0.762962962962963 0.6119791666666666 0.7592592592592593 0.6135416666666667 0.7129629629629629 0.615625 0.700925925925926 0.6244791666666667 0.7027777777777777
0 0.6263020833333334 0.8833333333333333 0.030729166666666665 0.11666666666666667
0 0.6546875 0.47314814814814815 0.013541666666666667 0.020370370370370372
0 0.6791666666666667 0.8018518518518518 0.6807291666666667 0.6935185185185185 0.6838541666666667 0.6861111111111111 0.6869791666666667 0.6888888888888889 0.684375 0.7814814814814814 0.6859375 0.8009259259259259 0.6796875 0.8018518518518518
0 0.60625 0.3490740740740741 0.6088541666666667 0.3527777777777778 0.6255208333333333 0.35185185185185186 0.6276041666666666 0.35555555555555557 0.6276041666666666 0.36203703703703705 0.6255208333333333 0.36574074074074076 0.6098958333333333 0.3675925925925926 0.6036458333333333 0.3731481481481482 0.5989583333333334 0.37037037037037035 0.5979166666666667 0.35648148148148145 0.6010416666666667 0.3490740740740741 0.6057291666666667 0.3490740740740741
0 0.6916666666666667 0.43425925925925923 0.6963541666666667 0.43796296296296294 0.7255208333333333 0.43703703703703706 0.7276041666666667 0.44537037037037036 0.725 0.45185185185185184 0.6989583333333333 0.4527777777777778 0.6901041666666666 0.4601851851851852 0.6859375 0.4564814814814815 0.6848958333333334 0.44166666666666665 0.6864583333333333 0.4351851851851852 0.6911458333333333 0.43425925925925923
0 0.6453125 0.5981481481481481 0.6484375 0.6055555555555555 0.6484375 0.6101851851851852 0.6458333333333334 0.6148148148148148 0.6416666666666667 0.6148148148148148 0.6390625 0.6101851851851852 0.6395833333333333 0.6027777777777777 0.6447916666666667 0.5981481481481481
0 0.5885416666666666 0.812962962962963 0.5942708333333333 0.8138888888888889 0.5979166666666667 0.8333333333333334 0.603125 0.8472222222222222 0.6015625 0.8555555555555555 0.59375 0.8555555555555555 0.5880208333333333 0.825 0.5885416666666666 0.8138888888888889
0 0.6020833333333333 0.5425925925925926 0.6036458333333333 0.5462962962962963 0.6026041666666667 0.5787037037037037 0.6046875 0.5898148148148148 0.5994791666666667 0.5944444444444444 0.5916666666666667 0.5916666666666667 0.5895833333333333 0.5833333333333334 0.5932291666666667 0.5703703703703704 0.5947916666666667 0.5444444444444444 0.5973958333333333 0.5416666666666666 0.6015625 0.5425925925925926
0 0.678125 0.6935185185185185 0.6807291666666667 0.7 0.6802083333333333 0.7101851851851851 0.6630208333333333 0.725925925925926 0.6572916666666667 0.7231481481481481 0.6572916666666667 0.7138888888888889 0.6723958333333333 0.6953703703703704 0.6776041666666667 0.6935185185185185
0 0.659375 0.7638888888888888 0.6635416666666667 0.774074074074074 0.6619791666666667 0.7805555555555556 0.6635416666666667 0.812962962962963 0.6609375 0.8194444444444444 0.65625 0.8185185185185185 0.6526041666666667 0.812962962962963 0.6473958333333333 0.775 0.6484375 0.7675925925925926 0.6510416666666666 0.7638888888888888 0.6588541666666666 0.7638888888888888
0 0.640625 0.7097222222222223 0.009375 0.026851851851851852
2 0.6447916666666667 0.5800925925925926 0.00625 0.019444444444444445
2 0.6557291666666667 0.6166666666666667 0.6567708333333333 0.6268518518518519 0.6546875 0.6296296296296297 0.6520833333333333 0.6268518518518519 0.6520833333333333 0.6194444444444445 0.6552083333333333 0.6166666666666667
2 0.6557291666666667 0.6791666666666667 0.009375 0.032407407407407406
2 0.6322916666666667 0.4388888888888889 0.005208333333333333 0.014814814814814815
2 0.6588541666666666 0.4648148148148148 0.6609375 0.475 0.6510416666666666 0.4842592592592593 0.6479166666666667 0.48148148148148145 0.6489583333333333 0.4740740740740741 0.653125 0.4666666666666667 0.6583333333333333 0.4648148148148148
2 0.5942708333333333 0.6662037037037037 0.0125 0.03981481481481482
2 0.6432291666666666 0.5037037037037037 0.6442708333333333 0.4981481481481482 0.6463541666666667 0.49722222222222223 0.6473958333333333 0.5046296296296297 0.6458333333333334 0.5074074074074074 0.64375 0.5046296296296297
2 0.6239583333333333 0.5555555555555556 0.6255208333333333 0.5592592592592592 0.6255208333333333 0.5712962962962963 0.6239583333333333 0.5740740740740741 0.6208333333333333 0.5731481481481482 0.6197916666666666 0.5657407407407408 0.6213541666666667 0.5564814814814815 0.6234375 0.5555555555555556
2 0.584375 0.41944444444444445 0.5885416666666666 0.4185185185185185 0.5921875 0.4324074074074074 0.5911458333333334 0.44722222222222224 0.5885416666666666 0.45092592592592595 0.5848958333333333 0.45 0.5817708333333333 0.4388888888888889 0.5817708333333333 0.4287037037037037 0.584375 0.4203703703703704
2 0.6317708333333333 0.5444444444444444 0.6317708333333333 0.5527777777777778 0.628125 0.5555555555555556 0.6260416666666667 0.5527777777777778 0.6265625 0.5462962962962963 0.63125 0.5444444444444444
2 0.6489583333333333 0.34814814814814815 0.6515625 0.3574074074074074 0.6515625 0.37037037037037035 0.6505208333333333 0.3768518518518518 0.6473958333333333 0.38055555555555554 0.6432291666666666 0.37407407407407406 0.6427083333333333 0.35462962962962963 0.6453125 0.3472222222222222 0.6484375 0.34814814814814815
2 0.625 0.46944444444444444 0.6286458333333333 0.4787037037037037 0.6291666666666667 0.49166666666666664 0.6276041666666666 0.5009259259259259 0.6244791666666667 0.5046296296296297 0.621875 0.5027777777777778 0.6197916666666666 0.49444444444444446 0.6208333333333333 0.47314814814814815 0.6244791666666667 0.46944444444444444
2 0.6442708333333333 0.5981481481481481 0.6473958333333333 0.600925925925926 0.6484375 0.6064814814814815 0.6479166666666667 0.612037037037037 0.6453125 0.6148148148148148 0.6416666666666667 0.6148148148148148 0.6390625 0.6101851851851852 0.6395833333333333 0.6027777777777777 0.64375 0.5981481481481481
2 0.6375 0.5564814814814815 0.6421875 0.5712962962962963 0.6395833333333333 0.5898148148148148 0.6348958333333333 0.5916666666666667 0.6317708333333333 0.5777777777777777 0.6328125 0.5657407407407408 0.6369791666666667 0.5574074074074075
2 0.6536458333333334 0.5333333333333333 0.6557291666666667 0.5472222222222223 0.653125 0.5518518518518518 0.6505208333333333 0.5481481481481482 0.6510416666666666 0.5361111111111111 0.653125 0.5333333333333333
2 0.6125 0.4981481481481482 0.6140625 0.5101851851851852 0.6119791666666666 0.5138888888888888 0.6088541666666667 0.5111111111111111 0.6088541666666667 0.5027777777777778 0.6119791666666666 0.4981481481481482
2 0.6140625 0.4888888888888889 0.615625 0.49166666666666664 0.6151041666666667 0.49722222222222223 0.6119791666666666 0.49722222222222223 0.6135416666666667 0.4898148148148148
2 0.6489583333333333 0.5111111111111111 0.6505208333333333 0.5185185185185185 0.6473958333333333 0.524074074074074 0.6458333333333334 0.5148148148148148 0.6484375 0.5111111111111111
2 0.6559895833333333 0.5097222222222222 0.005729166666666666 0.017592592592592594
2 0.6575520833333334 0.562962962962963 0.009895833333333333 0.03333333333333333
2 0.6778645833333333 0.6050925925925926 0.0078125 0.026851851851851852
2 0.6322916666666667 0.4462962962962963 0.6354166666666666 0.45555555555555555 0.6354166666666666 0.4703703703703704 0.6296875 0.48055555555555557 0.6260416666666667 0.4703703703703704 0.6255208333333333 0.4583333333333333 0.6276041666666666 0.44814814814814813 0.6317708333333333 0.4462962962962963
1 0.6994791666666667 0.09166666666666666 0.7026041666666667 0.0962962962962963 0.7104166666666667 0.0962962962962963 0.7125 0.10462962962962963 0.7119791666666667 0.11481481481481481 0.7057291666666666 0.11944444444444445 0.6994791666666667 0.13333333333333333 0.6453125 0.14907407407407408 0.6432291666666666 0.14537037037037037 0.64375 0.10555555555555556 0.6989583333333333 0.09166666666666666
1 0.6927083333333334 0.13703703703703704 0.7046875 0.14444444444444443 0.7135416666666666 0.14074074074074075 0.715625 0.14537037037037037 0.7145833333333333 0.16203703703703703 0.6869791666666667 0.1787037037037037 0.6630208333333333 0.18425925925925926 0.6447916666666667 0.17962962962962964 0.6432291666666666 0.16111111111111112 0.6453125 0.15185185185185185 0.6739583333333333 0.1398148148148148 0.6921875 0.13703703703703704