0 0.578125 0.2111111111111111 0.5901041666666667 0.21574074074074073 0.5916666666666667 0.21944444444444444 0.5901041666666667 0.225 0.5807291666666666 0.22592592592592592 0.5770833333333333 0.2212962962962963 0.578125 0.21203703703703702
0 0.7171875 0.32407407407407407 0.7375 0.33796296296296297 0.7375 0.3490740740740741 0.7338541666666667 0.35555555555555557 0.728125 0.3537037037037037 0.7130208333333333 0.3351851851851852 0.7125 0.32685185185185184 0.7166666666666667 0.32407407407407407
0 0.5166666666666667 0.14629629629629629 0.51875 0.15185185185185185 0.5177083333333333 0.16018518518518518 0.4984375 0.18055555555555555 0.4947916666666667 0.17962962962962964 0.49322916666666666 0.1685185185185185 0.5104166666666666 0.14537037037037037 0.5161458333333333 0.14629629629629629
0 0.44583333333333336 0.16018518518518518 0.44947916666666665 0.1638888888888889 0.4479166666666667 0.17407407407407408 0.44479166666666664 0.17685185185185184 0.4390625 0.17314814814814813 0.4390625 0.16203703703703703 0.4453125 0.16111111111111112
0 0.6541666666666667 0.12685185185185185 0.659375 0.13333333333333333 0.6755208333333333 0.1398148148148148 0.6770833333333334 0.14351851851851852 0.6755208333333333 0.14629629629629629 0.6567708333333333 0.14444444444444443 0.6494791666666667 0.14074074074074075 0.65 0.1287037037037037 0.6536458333333334 0.12685185185185185
0 0.5669270833333333 0.3435185185185185 0.07552083333333333 0.04259259259259259
0 0.46822916666666664 0.1736111111111111 0.009375 0.01574074074074074
0 0.6161458333333333 0.2518518518518518 0.6192708333333333 0.25833333333333336 0.61875 0.27314814814814814 0.6083333333333333 0.2740740740740741 0.6 0.2796296296296296 0.59375 0.27870370370370373 0.5927083333333333 0.26851851851851855 0.6078125 0.25925925925925924 0.6119791666666666 0.2518518518518518 0.615625 0.2518518518518518
0 0.5307291666666667 0.2851851851851852 0.5354166666666667 0.2916666666666667 0.5958333333333333 0.3138888888888889 0.6005208333333333 0.3194444444444444 0.5958333333333333 0.32407407407407407 0.5708333333333333 0.3175925925925926 0.5458333333333333 0.30462962962962964 0.5270833333333333 0.30277777777777776 0.525 0.3 0.5255208333333333 0.287962962962963 0.5265625 0.2851851851851852 0.5302083333333333 0.2851851851851852
0 0.6166666666666667 0.14722222222222223 0.6197916666666666 0.15185185185185185 0.621875 0.16111111111111112 0.6192708333333333 0.17592592592592593 0.609375 0.17314814814814813 0.5885416666666666 0.18518518518518517 0.5833333333333334 0.1814814814814815 0.5822916666666667 0.1712962962962963 0.5838541666666667 0.1675925925925926 0.6052083333333333 0.15925925925925927 0.6125 0.14814814814814814 0.6161458333333333 0.14722222222222223
0 0.6098958333333333 0.22870370370370371 0.6151041666666667 0.23425925925925925 0.6296875 0.2351851851851852 0.63125 0.23981481481481481 0.6291666666666667 0.24814814814814815 0.6135416666666667 0.25 0.6109375 0.25277777777777777 0.60625 0.2518518518518518 0.6041666666666666 0.24444444444444444 0.6057291666666667 0.23148148148148148 0.609375 0.22870370370370371
0 0.6682291666666667 0.1361111111111111 0.6776041666666667 0.14351851851851852 0.675 0.15925925925925927 0.6713541666666667 0.1638888888888889 0.6453125 0.16111111111111112 0.6458333333333334 0.14814814814814814 0.6515625 0.13148148148148148 0.6541666666666667 0.12962962962962962 0.6578125 0.13518518518518519 0.6677083333333333 0.1361111111111111
2 0.5609375 0.22870370370370371 0.5671875 0.23796296296296296 0.5619791666666667 0.24444444444444444 0.5536458333333333 0.24444444444444444 0.5479166666666667 0.23796296296296296 0.5505208333333333 0.23055555555555557 0.5604166666666667 0.22870370370370371
2 0.4354166666666667 0.32314814814814813 0.43645833333333334 0.3277777777777778 0.4322916666666667 0.33240740740740743 0.42864583333333334 0.3314814814814815 0.4270833333333333 0.325 0.43125 0.3212962962962963 0.4348958333333333 0.32314814814814813
2 0.4822916666666667 0.33796296296296297 0.4875 0.3416666666666667 0.4895833333333333 0.3472222222222222 0.48854166666666665 0.35462962962962963 0.48333333333333334 0.3592592592592593 0.47291666666666665 0.35833333333333334 0.4671875 0.3490740740740741 0.4703125 0.34074074074074073 0.4817708333333333 0.33796296296296297
2 0.509375 0.30462962962962964 0.5125 0.3101851851851852 0.5119791666666667 0.3175925925925926 0.503125 0.32407407407407407 0.4947916666666667 0.3212962962962963 0.49166666666666664 0.3138888888888889 0.49270833333333336 0.30833333333333335 0.49895833333333334 0.30277777777777776 0.5088541666666667 0.30462962962962964
2 0.6833333333333333 0.2675925925925926 0.6880208333333333 0.27685185185185185 0.6822916666666666 0.28425925925925927 0.6729166666666667 0.2824074074074074 0.66875 0.27870370370370373 0.6666666666666666 0.2712962962962963 0.671875 0.2657407407407407 0.6828125 0.2675925925925926
2 0.5291666666666667 0.262037037037037 0.5328125 0.262037037037037 0.5348958333333333 0.2657407407407407 0.5291666666666667 0.26851851851851855 0.5291666666666667 0.26296296296296295
2 0.5596354166666667 0.22592592592592592 0.0109375 0.009259259259259259
2 0.50546875 0.21805555555555556 0.009895833333333333 0.010185185185185186
2 0.5223958333333333 0.26851851851851855 0.525 0.27314814814814814 0.5197916666666667 0.275 0.5192708333333333 0.27037037037037037 0.521875 0.26944444444444443
2 0.5208333333333334 0.37407407407407406 0.5265625 0.38055555555555554 0.5270833333333333 0.3861111111111111 0.5229166666666667 0.39351851851851855 0.515625 0.39537037037037037 0.50625 0.3907407407407407 0.5046875 0.38055555555555554 0.5119791666666667 0.3731481481481482 0.5203125 0.37407407407407406
2 0.4708333333333333 0.24166666666666667 0.4739583333333333 0.24537037037037038 0.4739583333333333 0.2490740740740741 0.4708333333333333 0.2518518518518518 0.4635416666666667 0.24814814814814815 0.46458333333333335 0.24351851851851852 0.4703125 0.24166666666666667
2 0.45729166666666665 0.16574074074074074 0.4635416666666667 0.16944444444444445 0.4640625 0.17592592592592593 0.4625 0.1787037037037037 0.4510416666666667 0.17592592592592593 0.4510416666666667 0.16944444444444445 0.45677083333333335 0.16574074074074074
2 0.6020833333333333 0.25462962962962965 0.6052083333333333 0.25833333333333336 0.6005208333333333 0.26296296296296295 0.5979166666666667 0.26296296296296295 0.596875 0.2564814814814815 0.6015625 0.25462962962962965
2 0.5635416666666667 0.22685185185185186 0.5661458333333333 0.22037037037037038 0.5708333333333333 0.22037037037037038 0.571875 0.22685185185185186 0.5640625 0.22685185185185186
2 0.40520833333333334 0.30277777777777776 0.409375 0.3037037037037037 0.41302083333333334 0.30925925925925923 0.4119791666666667 0.31666666666666665 0.40729166666666666 0.32037037037037036 0.39739583333333334 0.31851851851851853 0.3953125 0.3138888888888889 0.39739583333333334 0.30648148148148147 0.4046875 0.30277777777777776
2 0.5869791666666667 0.23703703703703705 0.5901041666666667 0.24166666666666667 0.5869791666666667 0.24722222222222223 0.5822916666666667 0.2462962962962963 0.5796875 0.24166666666666667 0.58125 0.23796296296296296 0.5864583333333333 0.23703703703703705
2 0.6520833333333333 0.225 0.6567708333333333 0.23055555555555557 0.6526041666666667 0.23796296296296296 0.6432291666666666 0.2361111111111111 0.640625 0.23055555555555557 0.64375 0.225 0.6515625 0.225
2 0.61875 0.2 0.6234375 0.2064814814814815 0.6229166666666667 0.2111111111111111 0.6197916666666666 0.21388888888888888 0.6104166666666667 0.21296296296296297 0.6057291666666667 0.20833333333333334 0.6057291666666667 0.2037037037037037 0.6083333333333333 0.20092592592592592 0.6182291666666667 0.2
2 0.4583333333333333 0.3398148148148148 0.46041666666666664 0.3416666666666667 0.459375 0.3472222222222222 0.45364583333333336 0.34444444444444444 0.45416666666666666 0.34074074074074073 0.4578125 0.3398148148148148
2 0.5203125 0.21388888888888888 0.5203125 0.21851851851851853 0.5151041666666667 0.21666666666666667 0.5161458333333333 0.21388888888888888 0.5197916666666667 0.21388888888888888
1 0.975 0.3101851851851852 0.9921875 0.3194444444444444 0.9958333333333333 0.325 0.9963541666666667 0.3314814814814815 0.9953125 0.3351851851851852 0.9838541666666667 0.33611111111111114 0.978125 0.3425925925925926 0.9682291666666667 0.39351851851851855 0.9619791666666667 0.41203703703703703 0.9494791666666667 0.40555555555555556 0.9458333333333333 0.3990740740740741 0.9458333333333333 0.39166666666666666 0.9526041666666667 0.3685185185185185 0.9635416666666666 0.3148148148148148 0.96875 0.3101851851851852 0.9744791666666667 0.3101851851851852
1 0.9963541666666667 0.26944444444444443 0.9994791666666667 0.2712962962962963 0.9994791666666667 0.29444444444444445 0.9973958333333334 0.2962962962962963 0.9921875 0.31574074074074077 0.975 0.3101851851851852 0.971875 0.30462962962962964 0.978125 0.26851851851851855 0.9875 0.2657407407407407 0.9958333333333333 0.26944444444444443
1 0.90625 0.425 0.9114583333333334 0.43148148148148147 0.9078125 0.4564814814814815 0.9192708333333334 0.47314814814814815 0.9208333333333333 0.4842592592592593 0.9125 0.5101851851851852 0.90625 0.5425925925925926 0.9057291666666667 0.5555555555555556 0.8973958333333333 0.5703703703703704 0.8864583333333333 0.5675925925925925 0.8661458333333333 0.5537037037037037 0.8536458333333333 0.5398148148148149 0.8526041666666667 0.5324074074074074 0.8609375 0.5055555555555555 0.8703125 0.4537037037037037 0.8760416666666667 0.44722222222222224 0.8901041666666667 0.44351851851851853 0.8947916666666667 0.42685185185185187 0.8989583333333333 0.4212962962962963 0.9057291666666667 0.425
1 0.903125 0.38425925925925924 0.9151041666666667 0.38981481481481484 0.9130208333333333 0.39814814814814814 0.9166666666666666 0.4101851851851852 0.9151041666666667 0.4185185185185185 0.9114583333333334 0.425 0.9078125 0.42407407407407405 0.9052083333333333 0.4185185185185185 0.9083333333333333 0.4185185185185185 0.9088541666666666 0.4148148148148148 0.9046875 0.412962962962963 0.9041666666666667 0.4064814814814815 0.9010416666666666 0.4074074074074074 0.9 0.41388888888888886 0.9041666666666667 0.41759259259259257 0.8942708333333333 0.41944444444444445 0.8927083333333333 0.43148148148148147 0.8885416666666667 0.4425925925925926 0.8770833333333333 0.44537037037037036 0.8713541666666667 0.45 0.8682291666666667 0.45740740740740743 0.865625 0.48055555555555557 0.859375 0.5027777777777778 0.8546875 0.5018518518518519 0.853125 0.4861111111111111 0.8541666666666666 0.4648148148148148 0.8588541666666667 0.44814814814814813 0.8630208333333333 0.44074074074074077 0.8713541666666667 0.43333333333333335 0.8765625 0.41944444444444445 0.8828125 0.41388888888888886 0.8864583333333333 0.387037037037037 0.8932291666666666 0.38333333333333336 0.9026041666666667 0.38425925925925924
1 0.9359375 0.4222222222222222 0.9390625 0.4287037037037037 0.9390625 0.46574074074074073 0.9442708333333333 0.47962962962962963 0.9458333333333333 0.4981481481481482 0.9354166666666667 0.5462962962962963 0.9322916666666666 0.5537037037037037 0.9276041666666667 0.5574074074074075 0.9098958333333333 0.5564814814814815 0.9072916666666667 0.5527777777777778 0.9072916666666667 0.5453703703703704 0.9140625 0.5083333333333333 0.9213541666666667 0.4861111111111111 0.9203125 0.4740740740740741 0.9166666666666666 0.46296296296296297 0.9302083333333333 0.4351851851851852 0.9317708333333333 0.425 0.9354166666666667 0.4222222222222222
1 0.2828125 0.12222222222222222 0.28541666666666665 0.13425925925925927 0.29270833333333335 0.14351851851851852 0.29375 0.14907407407407408 0.2953125 0.18703703703703703 0.3020833333333333 0.24074074074074073 0.2989583333333333 0.24444444444444444 0.2838541666666667 0.24537037037037038 0.27760416666666665 0.24444444444444444 0.2765625 0.24074074074074073 0.2760416666666667 0.21296296296296297 0.26875 0.15185185185185185 0.26875 0.14629629629629629 0.27239583333333334 0.1398148148148148 0.27239583333333334 0.12407407407407407 0.28229166666666666 0.12222222222222222
1 0.30885416666666665 0.11666666666666667 0.31927083333333334 0.17407407407407408 0.3223958333333333 0.21481481481481482 0.321875 0.24074074074074073 0.3203125 0.24444444444444444 0.30572916666666666 0.24444444444444444 0.30364583333333334 0.24166666666666667 0.296875 0.1925925925925926 0.2947916666666667 0.15462962962962962 0.2994791666666667 0.13333333333333333 0.29739583333333336 0.12037037037037036 0.3 0.11574074074074074 0.30833333333333335 0.11666666666666667
1 0.9958333333333333 0.337037037037037 0.9994791666666667 0.34074074074074073 0.9994791666666667 0.3574074074074074 0.9973958333333334 0.36018518518518516 0.9953125 0.41944444444444445 0.9927083333333333 0.43148148148148147 0.9890625 0.4388888888888889 0.9848958333333333 0.44166666666666665 0.9734375 0.44074074074074077 0.9671875 0.4351851851851852 0.9630208333333333 0.425 0.9630208333333333 0.41759259259259257 0.978125 0.34444444444444444 0.984375 0.337037037037037 0.9953125 0.337037037037037