0 0.26458333333333334 0.3435185185185185 0.2760416666666667 0.3509259259259259 0.29739583333333336 0.35555555555555557 0.2989583333333333 0.35833333333333334 0.2989583333333333 0.36944444444444446 0.2911458333333333 0.3787037037037037 0.2791666666666667 0.3675925925925926 0.25885416666666666 0.35555555555555557 0.25364583333333335 0.34444444444444444 0.2640625 0.3435185185185185
0 0.5609375 0.15092592592592594 0.5651041666666666 0.1574074074074074 0.5609375 0.18425925925925926 0.55625 0.18333333333333332 0.5541666666666667 0.1648148148148148 0.5552083333333333 0.15555555555555556 0.5604166666666667 0.15092592592592594
0 0.5151041666666667 0.3037037037037037 0.5213541666666667 0.31666666666666665 0.5354166666666667 0.33425925925925926 0.5364583333333334 0.34074074074074073 0.5307291666666667 0.3509259259259259 0.525 0.3490740740740741 0.5057291666666667 0.3277777777777778 0.5057291666666667 0.3101851851851852 0.5083333333333333 0.3055555555555556 0.5145833333333333 0.3037037037037037
0 0.2546875 0.325 0.26666666666666666 0.337037037037037 0.3145833333333333 0.35833333333333334 0.31927083333333334 0.36203703703703705 0.3203125 0.3685185185185185 0.3171875 0.3731481481481482 0.31302083333333336 0.3731481481481482 0.3 0.3675925925925926 0.29739583333333336 0.3592592592592593 0.29322916666666665 0.35555555555555557 0.28958333333333336 0.3592592592592593 0.28958333333333336 0.3638888888888889 0.28958333333333336 0.35833333333333334 0.2869791666666667 0.35462962962962963 0.27760416666666665 0.3537037037037037 0.26197916666666665 0.34444444444444444 0.2578125 0.34629629629629627 0.2515625 0.3435185185185185 0.24895833333333334 0.3398148148148148 0.24895833333333334 0.3314814814814815 0.2515625 0.32592592592592595 0.25416666666666665 0.32592592592592595
0 0.4875 0.17222222222222222 0.4822916666666667 0.1685185185185185 0.48125 0.15925925925925927 0.48333333333333334 0.15648148148148147 0.4895833333333333 0.1574074074074074 0.49166666666666664 0.1648148148148148 0.48802083333333335 0.1712962962962963
0 0.3416666666666667 0.15092592592592594 0.34322916666666664 0.15648148148148147 0.3421875 0.1675925925925926 0.3260416666666667 0.17222222222222222 0.32135416666666666 0.17037037037037037 0.32135416666666666 0.1648148148148148 0.3234375 0.16111111111111112 0.3411458333333333 0.15092592592592594
0 0.4265625 0.17037037037037037 0.44583333333333336 0.19074074074074074 0.44583333333333336 0.19907407407407407 0.4421875 0.20462962962962963 0.42239583333333336 0.19444444444444445 0.41822916666666665 0.18888888888888888 0.41822916666666665 0.175 0.42135416666666664 0.17037037037037037 0.42604166666666665 0.17037037037037037
0 0.5604166666666667 0.36018518518518516 0.571875 0.3731481481481482 0.5703125 0.3814814814814815 0.5541666666666667 0.3731481481481482 0.5567708333333333 0.3611111111111111 0.5598958333333334 0.36018518518518516
0 0.43697916666666664 0.15462962962962962 0.43854166666666666 0.16666666666666666 0.4354166666666667 0.17685185185185184 0.421875 0.16944444444444445 0.41458333333333336 0.1814814814814815 0.3651041666666667 0.18518518518518517 0.34427083333333336 0.19074074074074074 0.3411458333333333 0.19074074074074074 0.3390625 0.18703703703703703 0.3385416666666667 0.17685185185185184 0.3411458333333333 0.1675925925925926 0.346875 0.1712962962962963 0.35572916666666665 0.1712962962962963 0.4234375 0.16018518518518518 0.43645833333333334 0.15462962962962962
0 0.3072916666666667 0.3296296296296296 0.32135416666666666 0.33425925925925926 0.32447916666666665 0.33796296296296297 0.32447916666666665 0.3425925925925926 0.321875 0.34629629629629627 0.3098958333333333 0.34629629629629627 0.30625 0.3425925925925926 0.3072916666666667 0.33055555555555555
2 0.321875 0.22407407407407406 0.328125 0.225 0.3265625 0.22870370370370371 0.321875 0.22870370370370371 0.321875 0.225
2 0.5822916666666667 0.21388888888888888 0.5869791666666667 0.21944444444444444 0.5869791666666667 0.22314814814814815 0.5817708333333333 0.22777777777777777 0.571875 0.22685185185185186 0.5682291666666667 0.21666666666666667 0.5739583333333333 0.21203703703703702 0.5817708333333333 0.21388888888888888
2 0.46927083333333336 0.28055555555555556 0.4708333333333333 0.2824074074074074 0.4703125 0.2861111111111111 0.4671875 0.28703703703703703 0.46458333333333335 0.2824074074074074 0.46875 0.28055555555555556
2 0.35885416666666664 0.20925925925925926 0.3625 0.21296296296296297 0.3625 0.21666666666666667 0.3572916666666667 0.2212962962962963 0.35052083333333334 0.2212962962962963 0.34739583333333335 0.21574074074074073 0.3515625 0.20925925925925926 0.35833333333333334 0.20925925925925926
2 0.3484375 0.2962962962962963 0.35989583333333336 0.3 0.36354166666666665 0.3055555555555556 0.36354166666666665 0.3101851851851852 0.359375 0.31574074074074077 0.346875 0.3175925925925926 0.3416666666666667 0.3101851851851852 0.3484375 0.2972222222222222
2 0.48854166666666665 0.25833333333333336 0.49114583333333334 0.2611111111111111 0.49114583333333334 0.2657407407407407 0.48802083333333335 0.26851851851851855 0.48072916666666665 0.26666666666666666 0.48125 0.2601851851851852 0.48802083333333335 0.25833333333333336
2 0.5380208333333333 0.19537037037037036 0.5369791666666667 0.20092592592592592 0.5317708333333333 0.20092592592592592 0.5307291666666667 0.1962962962962963 0.5375 0.19537037037037036
2 0.5572916666666666 0.2175925925925926 0.56875 0.21481481481481482 0.5723958333333333 0.22592592592592592 0.5682291666666667 0.22870370370370371 0.5598958333333334 0.22777777777777777 0.5572916666666666 0.22592592592592592 0.5572916666666666 0.21851851851851853
2 0.5223958333333333 0.2518518518518518 0.5260416666666666 0.25555555555555554 0.5276041666666667 0.262037037037037 0.5270833333333333 0.26851851851851855 0.5223958333333333 0.27314814814814814 0.5135416666666667 0.2722222222222222 0.5067708333333333 0.2611111111111111 0.5072916666666667 0.25462962962962965 0.5109375 0.25092592592592594 0.521875 0.2518518518518518
2 0.496875 0.24814814814814815 0.4979166666666667 0.25277777777777777 0.49635416666666665 0.2537037037037037 0.49166666666666664 0.2518518518518518 0.49270833333333336 0.24814814814814815 0.49635416666666665 0.24814814814814815
2 0.35052083333333334 0.2935185185185185 0.353125 0.29907407407407405 0.3494791666666667 0.30185185185185187 0.3453125 0.30185185185185187 0.34479166666666666 0.29814814814814816 0.3463541666666667 0.29444444444444445 0.35 0.2935185185185185
2 0.5609375 0.275 0.5645833333333333 0.27685185185185185 0.565625 0.2824074074074074 0.5604166666666667 0.2851851851851852 0.5546875 0.2824074074074074 0.5557291666666667 0.2759259259259259 0.5604166666666667 0.275
2 0.3489583333333333 0.3712962962962963 0.35052083333333334 0.3731481481481482 0.35052083333333334 0.37962962962962965 0.3458333333333333 0.38333333333333336 0.34010416666666665 0.38333333333333336 0.3380208333333333 0.3768518518518518 0.3416666666666667 0.3712962962962963 0.3484375 0.3712962962962963
2 0.42916666666666664 0.33240740740740743 0.4354166666666667 0.33796296296296297 0.4354166666666667 0.3435185185185185 0.4265625 0.35185185185185186 0.4161458333333333 0.35 0.4140625 0.3472222222222222 0.41354166666666664 0.34074074074074073 0.42083333333333334 0.33240740740740743 0.42864583333333334 0.33240740740740743
2 0.39895833333333336 0.14074074074074075 0.3984375 0.14537037037037037 0.39427083333333335 0.14444444444444443 0.39479166666666665 0.14074074074074075 0.3984375 0.14074074074074075
2 0.46822916666666664 0.3 0.014583333333333334 0.011111111111111112
2 0.39427083333333335 0.24259259259259258 0.39791666666666664 0.24444444444444444 0.39947916666666666 0.25092592592592594 0.3921875 0.25833333333333336 0.3828125 0.2574074074074074 0.3802083333333333 0.2490740740740741 0.38697916666666665 0.24259259259259258 0.39375 0.24259259259259258
2 0.45989583333333334 0.21666666666666667 0.01875 0.016666666666666666
2 0.37604166666666666 0.26435185185185184 0.011458333333333333 0.012037037037037037
1 0.016666666666666666 0.2657407407407407 0.022395833333333334 0.27037037037037037 0.027083333333333334 0.30833333333333335 0.015625 0.31296296296296294 0.008333333333333333 0.26851851851851855 0.016145833333333335 0.2657407407407407
1 0.10104166666666667 0.42407407407407405 0.10416666666666667 0.42685185185185187 0.10833333333333334 0.44351851851851853 0.1234375 0.44722222222222224 0.12916666666666668 0.4537037037037037 0.1375 0.5009259259259259 0.146875 0.5342592592592592 0.14427083333333332 0.5425925925925926 0.13333333333333333 0.5537037037037037 0.1203125 0.5638888888888889 0.10572916666666667 0.5703703703703704 0.0984375 0.5675925925925925 0.09479166666666666 0.5601851851851852 0.08697916666666666 0.5111111111111111 0.07864583333333333 0.4861111111111111 0.08020833333333334 0.47314814814814815 0.09166666666666666 0.45555555555555555 0.08854166666666667 0.43148148148148147 0.09479166666666666 0.42407407407407405 0.10052083333333334 0.42407407407407405
1 0.065625 0.42314814814814816 0.0671875 0.42407407407407405 0.06927083333333334 0.4361111111111111 0.084375 0.46296296296296297 0.07864583333333333 0.47685185185185186 0.078125 0.48703703703703705 0.08385416666666666 0.5018518518518519 0.0890625 0.5259259259259259 0.0921875 0.5527777777777778 0.090625 0.5564814814814815 0.0828125 0.5583333333333333 0.07083333333333333 0.5574074074074075 0.06614583333333333 0.55 0.05416666666666667 0.5018518518518519 0.05416666666666667 0.4842592592592593 0.06041666666666667 0.4666666666666667 0.0609375 0.4287037037037037 0.06510416666666667 0.42314814814814816
1 0.7208333333333333 0.12129629629629629 0.7270833333333333 0.12407407407407407 0.7270833333333333 0.1388888888888889 0.7307291666666667 0.15092592592592594 0.7244791666666667 0.2 0.7229166666666667 0.24166666666666667 0.7203125 0.24537037037037038 0.6989583333333333 0.24444444444444444 0.6973958333333333 0.24166666666666667 0.7005208333333334 0.22037037037037038 0.7057291666666666 0.14444444444444443 0.7135416666666666 0.13518518518518519 0.7161458333333334 0.12314814814814815 0.7203125 0.12129629629629629
1 0.10572916666666667 0.38333333333333336 0.11302083333333333 0.38981481481481484 0.11666666666666667 0.41388888888888886 0.12291666666666666 0.4203703703703704 0.12916666666666668 0.43425925925925923 0.13645833333333332 0.44074074074074077 0.14375 0.45740740740740743 0.14635416666666667 0.4722222222222222 0.14635416666666667 0.487962962962963 0.14375 0.5037037037037037 0.14010416666666667 0.5037037037037037 0.13854166666666667 0.5 0.1296875 0.4527777777777778 0.12395833333333334 0.4462962962962963 0.109375 0.4425925925925926 0.10625 0.43148148148148147 0.10677083333333333 0.4212962962962963 0.09895833333333333 0.41759259259259257 0.1 0.4148148148148148 0.09635416666666667 0.40555555555555556 0.0921875 0.4 0.08854166666666667 0.40185185185185185 0.08489583333333334 0.39537037037037037 0.084375 0.38981481481481484 0.08697916666666666 0.387037037037037 0.10520833333333333 0.38333333333333336
1 0.1203125 0.4185185185185185 0.1296875 0.43425925925925923 0.13697916666666668 0.44074074074074077 0.14375 0.45740740740740743 0.14635416666666667 0.4703703703703704 0.14635416666666667 0.49166666666666664 0.14375 0.5046296296296297 0.14010416666666667 0.5037037037037037 0.13697916666666668 0.49537037037037035 0.1296875 0.4527777777777778 0.12239583333333333 0.44537037037037036 0.11614583333333334 0.4287037037037037 0.1125 0.4287037037037037 0.11614583333333334 0.4287037037037037 0.11770833333333333 0.42592592592592593 0.11666666666666667 0.42314814814814816 0.11197916666666667 0.42314814814814816 0.10885416666666667 0.41944444444444445 0.1125 0.41574074074074074 0.11979166666666667 0.4185185185185185
1 0.6958333333333333 0.11481481481481481 0.7015625 0.11851851851851852 0.7 0.13333333333333333 0.703125 0.14722222222222223 0.703125 0.16666666666666666 0.7015625 0.1712962962962963 0.7020833333333333 0.19444444444444445 0.7 0.21666666666666667 0.69375 0.24074074074074073 0.6864583333333333 0.24444444444444444 0.68125 0.24166666666666667 0.6770833333333334 0.21666666666666667 0.6822916666666666 0.15555555555555556 0.6901041666666666 0.1175925925925926 0.6953125 0.11574074074074074
1 0.0328125 0.3111111111111111 0.0359375 0.3148148148148148 0.05416666666666667 0.3962962962962963 0.050520833333333334 0.4046296296296296 0.04114583333333333 0.4111111111111111 0.03697916666666667 0.40925925925925927 0.026041666666666668 0.37777777777777777 0.015104166666666667 0.3175925925925926 0.017708333333333333 0.31203703703703706 0.03229166666666667 0.3111111111111111