0 0.7231770833333333 0.3611111111111111 0.04635416666666667 0.037037037037037035
0 0.4395833333333333 0.15092592592592594 0.4421875 0.15185185185185185 0.4453125 0.16018518518518518 0.44375 0.1814814814814815 0.4421875 0.18425925925925926 0.4375 0.1824074074074074 0.434375 0.16203703703703703 0.4348958333333333 0.15462962962962962 0.4390625 0.15092592592592594
0 0.48854166666666665 0.3037037037037037 0.4947916666666667 0.3138888888888889 0.49375 0.3277777777777778 0.4713541666666667 0.3509259259259259 0.465625 0.34814814814814815 0.4630208333333333 0.34074074074074073 0.4640625 0.33425925925925926 0.478125 0.31666666666666665 0.48333333333333334 0.30462962962962964 0.48802083333333335 0.3037037037037037
0 0.7447916666666666 0.325 0.7479166666666667 0.32592592592592595 0.7505208333333333 0.3314814814814815 0.7505208333333333 0.3398148148148148 0.7479166666666667 0.3435185185185185 0.7416666666666667 0.34629629629629627 0.7375 0.34444444444444444 0.721875 0.3537037037037037 0.7125 0.35462962962962963 0.7098958333333333 0.35833333333333334 0.7098958333333333 0.3638888888888889 0.7098958333333333 0.3592592592592593 0.70625 0.35555555555555557 0.7020833333333333 0.3592592592592593 0.7005208333333334 0.36666666666666664 0.6864583333333333 0.3731481481481482 0.68125 0.37222222222222223 0.6791666666666667 0.3638888888888889 0.6901041666666666 0.35555555555555557 0.7328125 0.337037037037037 0.7442708333333333 0.32592592592592595
0 0.5171875 0.1574074074074074 0.5171875 0.1685185185185185 0.5119791666666667 0.17222222222222222 0.5088541666666667 0.16944444444444445 0.5083333333333333 0.16018518518518518 0.5114583333333333 0.15648148148148147 0.5166666666666667 0.1574074074074074
0 0.6609375 0.15092592592592594 0.665625 0.15648148148148147 0.6760416666666667 0.16111111111111112 0.678125 0.1648148148148148 0.678125 0.17037037037037037 0.6760416666666667 0.17222222222222222 0.6572916666666667 0.1675925925925926 0.6567708333333333 0.1527777777777778 0.6604166666666667 0.15092592592592594
0 0.578125 0.17037037037037037 0.5822916666666667 0.17962962962962964 0.58125 0.18888888888888888 0.5770833333333333 0.19444444444444445 0.5604166666666667 0.20462962962962963 0.5546875 0.20185185185185187 0.5536458333333333 0.19074074074074074 0.5729166666666666 0.17037037037037037 0.5776041666666667 0.17037037037037037
0 0.4421875 0.36018518518518516 0.4453125 0.3731481481481482 0.4317708333333333 0.3814814814814815 0.428125 0.37962962962962965 0.4276041666666667 0.3731481481481482 0.4390625 0.36018518518518516 0.44166666666666665 0.36018518518518516
0 0.5645833333333333 0.15462962962962962 0.5760416666666667 0.16018518518518518 0.64375 0.1712962962962963 0.6526041666666667 0.1712962962962963 0.6583333333333333 0.1675925925925926 0.6609375 0.17685185185185184 0.6604166666666667 0.18703703703703703 0.6583333333333333 0.19074074074074074 0.6270833333333333 0.18425925925925926 0.5848958333333333 0.1814814814814815 0.5776041666666667 0.16944444444444445 0.5640625 0.17685185185185184 0.5609375 0.16666666666666666 0.5609375 0.15833333333333333 0.5640625 0.15462962962962962
0 0.6921875 0.3296296296296296 0.6932291666666667 0.3425925925925926 0.6895833333333333 0.34629629629629627 0.6776041666666667 0.34629629629629627 0.675 0.3425925925925926 0.675 0.33796296296296297 0.678125 0.33425925925925926 0.6916666666666667 0.3296296296296296
2 0.6776041666666667 0.22407407407407406 0.6776041666666667 0.22870370370370371 0.6713541666666667 0.22685185185185186 0.671875 0.22407407407407406 0.6770833333333334 0.22407407407407406
2 0.42864583333333334 0.21296296296296297 0.43125 0.21666666666666667 0.42864583333333334 0.225 0.42552083333333335 0.22777777777777777 0.41458333333333336 0.22685185185185186 0.4125 0.21944444444444444 0.41822916666666665 0.21296296296296297 0.428125 0.21296296296296297
2 0.5333333333333333 0.28055555555555556 0.5348958333333333 0.2851851851851852 0.5328125 0.28703703703703703 0.5286458333333334 0.28425925925925927 0.5291666666666667 0.2814814814814815 0.5328125 0.28055555555555556
2 0.6479166666666667 0.20925925925925926 0.6520833333333333 0.21574074074074073 0.6489583333333333 0.2212962962962963 0.6395833333333333 0.22037037037037038 0.6369791666666667 0.21666666666666667 0.6390625 0.2101851851851852 0.6473958333333333 0.20925925925925926
2 0.6510416666666666 0.2962962962962963 0.6510416666666666 0.3 0.6541666666666667 0.30185185185185187 0.6578125 0.3101851851851852 0.6526041666666667 0.3175925925925926 0.64375 0.3175925925925926 0.6359375 0.3101851851851852 0.6364583333333333 0.3037037037037037 0.6395833333333333 0.3 0.6505208333333333 0.2962962962962963
2 0.5161458333333333 0.25833333333333336 0.51875 0.2611111111111111 0.51875 0.26666666666666666 0.5166666666666667 0.26851851851851855 0.5083333333333333 0.2657407407407407 0.5088541666666667 0.2601851851851852 0.515625 0.25833333333333336
2 0.46145833333333336 0.19537037037037036 0.46875 0.1962962962962963 0.46770833333333334 0.20092592592592592 0.4625 0.20092592592592592 0.46145833333333336 0.1962962962962963
2 0.4395833333333333 0.21574074074074073 0.4421875 0.2175925925925926 0.4427083333333333 0.22407407407407406 0.43697916666666664 0.22870370370370371 0.4270833333333333 0.22592592592592592 0.43072916666666666 0.21481481481481482 0.4390625 0.21574074074074073
2 0.48854166666666665 0.25092592592592594 0.4921875 0.25462962962962965 0.49270833333333336 0.2611111111111111 0.484375 0.27314814814814814 0.475 0.2722222222222222 0.47239583333333335 0.26851851851851855 0.471875 0.262037037037037 0.4734375 0.25555555555555554 0.47708333333333336 0.2518518518518518 0.48802083333333335 0.25092592592592594
2 0.5067708333333333 0.24814814814814815 0.5078125 0.2518518518518518 0.50625 0.2537037037037037 0.5015625 0.25277777777777777 0.5015625 0.2490740740740741 0.50625 0.24814814814814815
2 0.6520833333333333 0.2935185185185185 0.6546875 0.29814814814814816 0.6541666666666667 0.30185185185185187 0.6463541666666667 0.29907407407407405 0.6473958333333333 0.29444444444444445 0.6515625 0.2935185185185185
2 0.4427083333333333 0.275 0.44479166666666664 0.2777777777777778 0.44479166666666664 0.2824074074074074 0.4395833333333333 0.2851851851851852 0.43385416666666665 0.2824074074074074 0.43385416666666665 0.27870370370370373 0.4421875 0.275
2 0.6578125 0.3712962962962963 0.6614583333333334 0.3768518518518518 0.659375 0.38333333333333336 0.6536458333333334 0.38333333333333336 0.6484375 0.3768518518518518 0.6505208333333333 0.3712962962962963 0.6572916666666667 0.3712962962962963
2 0.5786458333333333 0.33240740740740743 0.5859375 0.34074074074074073 0.5854166666666667 0.3472222222222222 0.5796875 0.35185185185185186 0.5703125 0.3509259259259259 0.5640625 0.3435185185185185 0.5640625 0.33796296296296297 0.5682291666666667 0.3333333333333333 0.578125 0.33240740740740743
2 0.6046875 0.14074074074074075 0.6052083333333333 0.14444444444444443 0.6036458333333333 0.14537037037037037 0.6010416666666667 0.14537037037037037 0.6 0.14166666666666666 0.6041666666666666 0.14074074074074075
2 0.5359375 0.2953703703703704 0.5385416666666667 0.29907407407407405 0.5369791666666667 0.30462962962962964 0.528125 0.3037037037037037 0.5244791666666667 0.3 0.5270833333333333 0.29444444444444445 0.5354166666666667 0.2953703703703704
2 0.6125 0.24259259259259258 0.6192708333333333 0.2490740740740741 0.61875 0.25462962962962965 0.6145833333333334 0.25833333333333336 0.6052083333333333 0.2574074074074074 0.6 0.25092592592592594 0.6026041666666667 0.24351851851851852 0.6119791666666666 0.24259259259259258
2 0.5447916666666667 0.20925925925925926 0.5484375 0.21296296296296297 0.5489583333333333 0.2175925925925926 0.5432291666666667 0.22407407407407406 0.5328125 0.2212962962962963 0.5307291666666667 0.21388888888888888 0.5359375 0.20833333333333334 0.5442708333333334 0.20925925925925926
2 0.6265625 0.25925925925925924 0.6291666666666667 0.2638888888888889 0.6265625 0.26944444444444443 0.6182291666666667 0.2657407407407407 0.6197916666666666 0.2601851851851852 0.6260416666666667 0.25925925925925924
1 0.9890625 0.2657407407407407 0.9911458333333333 0.26851851851851855 0.9911458333333333 0.275 0.9838541666666667 0.31296296296296294 0.9729166666666667 0.30925925925925923 0.9723958333333333 0.3055555555555556 0.9770833333333333 0.27037037037037037 0.9802083333333333 0.26666666666666666 0.9885416666666667 0.2657407407407407
1 0.90625 0.42592592592592593 0.9109375 0.43148148148148147 0.9078125 0.45555555555555555 0.9192708333333334 0.47314814814814815 0.9208333333333333 0.4861111111111111 0.9125 0.5111111111111111 0.9046875 0.5601851851851852 0.9010416666666666 0.5675925925925925 0.8942708333333333 0.5703703703703704 0.8791666666666667 0.5638888888888889 0.8661458333333333 0.5537037037037037 0.8552083333333333 0.5425925925925926 0.8526041666666667 0.5342592592592592 0.8619791666666666 0.5009259259259259 0.8703125 0.4537037037037037 0.8760416666666667 0.44722222222222224 0.8911458333333333 0.44351851851851853 0.8953125 0.42685185185185187 0.8994791666666667 0.42314814814814816 0.9057291666666667 0.42592592592592593
1 0.9359375 0.42314814814814816 0.9385416666666667 0.4287037037037037 0.9390625 0.4666666666666667 0.9453125 0.4842592592592593 0.9453125 0.5018518518518519 0.9354166666666667 0.5444444444444444 0.9302083333333333 0.5555555555555556 0.9255208333333333 0.5583333333333333 0.9088541666666666 0.5564814814814815 0.9072916666666667 0.5481481481481482 0.915625 0.5018518518518519 0.9213541666666667 0.48703703703703705 0.9208333333333333 0.47685185185185186 0.9151041666666667 0.46296296296296297 0.9302083333333333 0.4361111111111111 0.9322916666666666 0.42407407407407405 0.9354166666666667 0.42314814814814816
1 0.2796875 0.12129629629629629 0.2833333333333333 0.12314814814814815 0.2859375 0.13518518518518519 0.29375 0.14444444444444443 0.2989583333333333 0.22037037037037038 0.3020833333333333 0.23796296296296296 0.30052083333333335 0.24444444444444444 0.2838541666666667 0.24537037037037038 0.2791666666666667 0.24537037037037038 0.2765625 0.24166666666666667 0.275 0.2 0.26875 0.15092592592592594 0.27239583333333334 0.1388888888888889 0.27239583333333334 0.12407407407407407 0.2791666666666667 0.12129629629629629
1 0.9010416666666666 0.38333333333333336 0.9125 0.387037037037037 0.9151041666666667 0.38981481481481484 0.9145833333333333 0.39537037037037037 0.9109375 0.40185185185185185 0.9072916666666667 0.4 0.903125 0.40555555555555556 0.8994791666666667 0.4148148148148148 0.9005208333333333 0.41759259259259257 0.8927083333333333 0.4212962962962963 0.8932291666666666 0.43148148148148147 0.8901041666666667 0.4425925925925926 0.8755208333333333 0.4462962962962963 0.8697916666666666 0.4527777777777778 0.865625 0.48055555555555557 0.859375 0.5037037037037037 0.8546875 0.5018518518518519 0.853125 0.487962962962963 0.853125 0.4722222222222222 0.8557291666666667 0.45740740740740743 0.8630208333333333 0.44074074074074077 0.8703125 0.43425925925925923 0.8765625 0.4203703703703704 0.8828125 0.41388888888888886 0.8880208333333334 0.387037037037037 0.9005208333333333 0.38333333333333336
1 0.8721354166666667 0.46064814814814814 0.03802083333333333 0.08981481481481482
1 0.30364583333333334 0.11481481481481481 0.309375 0.1175925925925926 0.31875 0.1685185185185185 0.3223958333333333 0.21666666666666667 0.31875 0.24074074074074073 0.3145833333333333 0.24444444444444444 0.30572916666666666 0.24074074074074073 0.2994791666666667 0.21666666666666667 0.29635416666666664 0.14722222222222223 0.2994791666666667 0.13333333333333333 0.29791666666666666 0.11851851851851852 0.303125 0.11574074074074074
1 0.9828125 0.31296296296296294 0.9838541666666667 0.3212962962962963 0.9734375 0.37777777777777777 0.9609375 0.4111111111111111 0.9489583333333333 0.4046296296296296 0.9458333333333333 0.4 0.9458333333333333 0.3925925925925926 0.9635416666666666 0.3148148148148148 0.96875 0.3101851851851852 0.9822916666666667 0.31296296296296294