0 0.5505208333333333 0.1814814814814815 0.5520833333333334 0.18981481481481483 0.5505208333333333 0.19722222222222222 0.5005208333333333 0.19907407407407407 0.4875 0.19814814814814816 0.4875 0.18796296296296297 0.5458333333333333 0.18518518518518517 0.55 0.1814814814814815
0 0.7239583333333334 0.2833333333333333 0.7296875 0.2935185185185185 0.7291666666666666 0.30277777777777776 0.7244791666666667 0.30925925925925923 0.7171875 0.3101851851851852 0.7067708333333333 0.31851851851851853 0.7020833333333333 0.3138888888888889 0.7026041666666667 0.30462962962962964 0.7234375 0.2833333333333333
0 0.6455729166666667 0.15416666666666667 0.0109375 0.019444444444444445
0 0.446875 0.16111111111111112 0.44895833333333335 0.16296296296296298 0.44895833333333335 0.1685185185185185 0.4432291666666667 0.175 0.4390625 0.175 0.43645833333333334 0.1638888888888889 0.4375 0.16111111111111112 0.44635416666666666 0.16111111111111112
0 0.50625 0.2 0.5109375 0.20833333333333334 0.5260416666666666 0.21944444444444444 0.5265625 0.23425925925925925 0.5223958333333333 0.23796296296296296 0.5010416666666667 0.225 0.4979166666666667 0.21944444444444444 0.49895833333333334 0.20555555555555555 0.5015625 0.20092592592592592 0.5057291666666667 0.2
0 0.6098958333333333 0.22870370370370371 0.6151041666666667 0.23425925925925925 0.6270833333333333 0.23425925925925925 0.63125 0.2388888888888889 0.6291666666666667 0.24814814814814815 0.6161458333333333 0.25 0.6109375 0.2537037037037037 0.6057291666666667 0.2518518518518518 0.6041666666666666 0.24166666666666667 0.6057291666666667 0.23055555555555557 0.609375 0.22870370370370371
0 0.665625 0.30462962962962964 0.6677083333333333 0.3194444444444444 0.6651041666666667 0.32314814814814813 0.6432291666666666 0.32037037037037036 0.6385416666666667 0.31574074074074077 0.640625 0.30833333333333335 0.6546875 0.30833333333333335 0.6651041666666667 0.30462962962962964
0 0.46510416666666665 0.1787037037037037 0.4640625 0.1712962962962963 0.4666666666666667 0.16574074074074074 0.471875 0.1685185185185185 0.47239583333333335 0.17777777777777778 0.4708333333333333 0.18055555555555555 0.465625 0.1787037037037037
0 0.49114583333333334 0.2462962962962963 0.4953125 0.25 0.5052083333333334 0.25092592592592594 0.5604166666666667 0.2518518518518518 0.5625 0.2611111111111111 0.5604166666666667 0.2638888888888889 0.490625 0.2638888888888889 0.4890625 0.2611111111111111 0.4890625 0.25 0.490625 0.24722222222222223
0 0.5510416666666667 0.13333333333333333 0.5567708333333333 0.1388888888888889 0.5744791666666667 0.1398148148148148 0.5755208333333334 0.1537037037037037 0.5505208333333333 0.15925925925925927 0.546875 0.15462962962962962 0.546875 0.13796296296296295 0.5505208333333333 0.13333333333333333
0 0.6078125 0.14722222222222223 0.609375 0.15 0.609375 0.1638888888888889 0.6067708333333334 0.1685185185185185 0.6020833333333333 0.16574074074074074 0.5770833333333333 0.1675925925925926 0.5755208333333334 0.1574074074074074 0.5802083333333333 0.1537037037037037 0.6020833333333333 0.1527777777777778 0.6072916666666667 0.14722222222222223
0 0.42291666666666666 0.19444444444444445 0.42916666666666664 0.2037037037037037 0.45729166666666665 0.21296296296296297 0.4583333333333333 0.225 0.45625 0.22962962962962963 0.43072916666666666 0.2212962962962963 0.4171875 0.22407407407407406 0.41510416666666666 0.21666666666666667 0.415625 0.20277777777777778 0.41822916666666665 0.19537037037037036 0.42239583333333336 0.19444444444444445
2 0.6494791666666667 0.22407407407407406 0.65625 0.22962962962962963 0.65625 0.23425925925925925 0.6520833333333333 0.23796296296296296 0.64375 0.2361111111111111 0.640625 0.23055555555555557 0.64375 0.225 0.6489583333333333 0.22407407407407406
2 0.603125 0.2111111111111111 0.6078125 0.21666666666666667 0.6072916666666667 0.22314814814814815 0.6036458333333333 0.22592592592592592 0.5927083333333333 0.22407407407407406 0.5890625 0.21666666666666667 0.5927083333333333 0.2111111111111111 0.6026041666666667 0.2111111111111111
2 0.5020833333333333 0.3398148148148148 0.5078125 0.3435185185185185 0.5104166666666666 0.35185185185185186 0.5088541666666667 0.3574074074074074 0.5015625 0.3611111111111111 0.4921875 0.3592592592592593 0.48802083333333335 0.3527777777777778 0.48802083333333335 0.34814814814814815 0.49114583333333334 0.3425925925925926 0.5015625 0.3398148148148148
2 0.5723958333333333 0.23796296296296296 0.5760416666666667 0.23796296296296296 0.5786458333333333 0.24351851851851852 0.578125 0.25 0.5734375 0.25 0.5723958333333333 0.2388888888888889
2 0.5666666666666667 0.21666666666666667 0.5682291666666667 0.21944444444444444 0.5671875 0.225 0.5625 0.22407407407407406 0.5604166666666667 0.22037037037037038 0.5625 0.21666666666666667 0.5661458333333333 0.21666666666666667
2 0.7307291666666667 0.3453703703703704 0.7375 0.35 0.740625 0.3574074074074074 0.7401041666666667 0.36203703703703705 0.7348958333333333 0.3675925925925926 0.7234375 0.3648148148148148 0.7166666666666667 0.35648148148148145 0.7166666666666667 0.35185185185185186 0.7203125 0.34629629629629627 0.7302083333333333 0.3453703703703704
2 0.5864583333333333 0.23981481481481481 0.5880208333333333 0.24444444444444444 0.5848958333333333 0.2490740740740741 0.5791666666666667 0.24814814814814815 0.5776041666666667 0.24166666666666667 0.5796875 0.2388888888888889 0.5859375 0.23981481481481481
2 0.4708333333333333 0.24166666666666667 0.4739583333333333 0.2462962962962963 0.4713541666666667 0.2518518518518518 0.46458333333333335 0.2490740740740741 0.46510416666666665 0.24351851851851852 0.4703125 0.24166666666666667
2 0.45755208333333336 0.3435185185185185 0.0078125 0.007407407407407408
2 0.5083333333333333 0.30462962962962964 0.5114583333333333 0.3074074074074074 0.5114583333333333 0.3138888888888889 0.5036458333333333 0.3138888888888889 0.5036458333333333 0.3074074074074074 0.5078125 0.3055555555555556
2 0.6473958333333333 0.29814814814814816 0.6536458333333334 0.2962962962962963 0.6598958333333333 0.3037037037037037 0.6583333333333333 0.3074074074074074 0.65 0.30833333333333335 0.646875 0.3055555555555556 0.6473958333333333 0.29907407407407405
2 0.4328125 0.3212962962962963 0.43645833333333334 0.3277777777777778 0.434375 0.3314814814814815 0.4296875 0.3314814814814815 0.4265625 0.3277777777777778 0.42864583333333334 0.32222222222222224 0.4322916666666667 0.3212962962962963
2 0.48411458333333335 0.21342592592592594 0.0109375 0.010185185185185186
2 0.4114583333333333 0.3055555555555556 0.41302083333333334 0.3138888888888889 0.40625 0.32037037037037036 0.39739583333333334 0.31851851851851853 0.3953125 0.31296296296296294 0.3963541666666667 0.30833333333333335 0.40208333333333335 0.3037037037037037 0.4109375 0.3055555555555556
2 0.5125 0.15833333333333333 0.5151041666666667 0.16574074074074074 0.5104166666666666 0.17037037037037037 0.5020833333333333 0.16944444444444445 0.4984375 0.1638888888888889 0.5 0.15925925925925927 0.5041666666666667 0.15648148148148147 0.5119791666666667 0.15833333333333333
2 0.5369791666666667 0.3351851851851852 0.5427083333333333 0.34074074074074073 0.54375 0.34814814814814815 0.5395833333333333 0.35462962962962963 0.5338541666666666 0.35648148148148145 0.5244791666666667 0.3527777777777778 0.521875 0.3425925925925926 0.5255208333333333 0.33611111111111114 0.5364583333333334 0.3351851851851852
2 0.5833333333333334 0.3074074074074074 0.5875 0.3101851851851852 0.590625 0.3175925925925926 0.5890625 0.32314814814814813 0.5854166666666667 0.32592592592592595 0.5744791666666667 0.325 0.5692708333333333 0.3175925925925926 0.5692708333333333 0.31296296296296294 0.5723958333333333 0.30833333333333335 0.5828125 0.3074074074074074
2 0.6161458333333333 0.33796296296296297 0.6192708333333333 0.3425925925925926 0.6197916666666666 0.3490740740740741 0.6130208333333333 0.35648148148148145 0.6010416666666667 0.3527777777777778 0.5984375 0.3490740740740741 0.5973958333333333 0.3416666666666667 0.603125 0.3351851851851852 0.615625 0.33796296296296297
2 0.60078125 0.25925925925925924 0.008854166666666666 0.009259259259259259
1 0.975 0.3101851851851852 0.9885416666666667 0.31666666666666665 0.9916666666666667 0.32037037037037036 0.9916666666666667 0.32592592592592595 0.9885416666666667 0.33425925925925926 0.9817708333333334 0.33611111111111114 0.9791666666666666 0.3398148148148148 0.9645833333333333 0.4083333333333333 0.9604166666666667 0.412962962962963 0.9473958333333333 0.40370370370370373 0.9458333333333333 0.3907407407407407 0.9588541666666667 0.3425925925925926 0.9635416666666666 0.3148148148148148 0.96875 0.3101851851851852 0.9744791666666667 0.3101851851851852
1 0.9859375 0.2657407407407407 0.9994791666666667 0.2712962962962963 0.9994791666666667 0.2953703703703704 0.996875 0.29814814814814816 0.9953125 0.3138888888888889 0.9921875 0.3175925925925926 0.971875 0.3074074074074074 0.9770833333333333 0.27037037037037037 0.9854166666666667 0.2657407407407407
1 0.9052083333333333 0.42407407407407405 0.9109375 0.43148148148148147 0.9078125 0.45555555555555555 0.9192708333333334 0.4740740740740741 0.9208333333333333 0.4842592592592593 0.9119791666666667 0.5120370370370371 0.90625 0.5425925925925926 0.9057291666666667 0.5564814814814815 0.896875 0.5694444444444444 0.8864583333333333 0.5675925925925925 0.8713541666666667 0.5574074074074075 0.8557291666666667 0.5425925925925926 0.8526041666666667 0.5342592592592592 0.8671875 0.47685185185185186 0.8692708333333333 0.45555555555555555 0.8776041666666666 0.4462962962962963 0.8901041666666667 0.4444444444444444 0.8958333333333334 0.42592592592592593 0.8989583333333333 0.4222222222222222 0.9046875 0.42407407407407405
1 0.9015625 0.38333333333333336 0.9145833333333333 0.38981481481481484 0.9114583333333334 0.4 0.90625 0.3990740740740741 0.9020833333333333 0.4074074074074074 0.9052083333333333 0.4101851851851852 0.9109375 0.40185185185185185 0.9145833333333333 0.4046296296296296 0.9145833333333333 0.41203703703703703 0.9098958333333333 0.4101851851851852 0.9036458333333334 0.412962962962963 0.9041666666666667 0.41944444444444445 0.9109375 0.41944444444444445 0.9109375 0.425 0.9020833333333333 0.4185185185185185 0.8973958333333333 0.4203703703703704 0.8947916666666667 0.42407407407407405 0.8901041666666667 0.4425925925925926 0.871875 0.44907407407407407 0.86875 0.45555555555555555 0.865625 0.48055555555555557 0.859375 0.5027777777777778 0.8546875 0.5009259259259259 0.853125 0.487962962962963 0.853125 0.47314814814814815 0.8557291666666667 0.45740740740740743 0.8625 0.44074074074074077 0.8708333333333333 0.43333333333333335 0.8755208333333333 0.4203703703703704 0.8822916666666667 0.412962962962963 0.8838541666666667 0.3990740740740741 0.8875 0.387037037037037 0.8932291666666666 0.38333333333333336 0.9010416666666666 0.38333333333333336
1 0.9182291666666667 0.4703703703703704 0.9229166666666667 0.44907407407407407 0.9307291666666667 0.4351851851851852 0.9317708333333333 0.425 0.9354166666666667 0.4222222222222222 0.9385416666666667 0.42592592592592593 0.9390625 0.4648148148148148 0.946875 0.4861111111111111 0.9453125 0.5037037037037037 0.9364583333333333 0.5388888888888889 0.9302083333333333 0.5444444444444444 0.928125 0.5527777777777778 0.9229166666666667 0.5583333333333333 0.9114583333333334 0.5574074074074075 0.9072916666666667 0.5537037037037037 0.9088541666666666 0.5333333333333333 0.9145833333333333 0.5046296296296297 0.9213541666666667 0.48518518518518516 0.91875 0.4703703703703704
1 0.28020833333333334 0.12129629629629629 0.2838541666666667 0.12407407407407407 0.28541666666666665 0.13333333333333333 0.2916666666666667 0.1425925925925926 0.29322916666666665 0.14907407407407408 0.2942708333333333 0.175 0.3020833333333333 0.23981481481481481 0.30052083333333335 0.24444444444444444 0.2828125 0.24537037037037038 0.27760416666666665 0.24351851851851852 0.2755208333333333 0.20462962962962963 0.26875 0.15092592592592594 0.27239583333333334 0.1398148148148148 0.27239583333333334 0.12407407407407407 0.2796875 0.12129629629629629
1 0.8901041666666667 0.41759259259259257 0.8901041666666667 0.4212962962962963 0.8833333333333333 0.4222222222222222 0.8817708333333333 0.425 0.884375 0.43148148148148147 0.8791666666666667 0.43703703703703706 0.8770833333333333 0.44537037037037036 0.8697916666666666 0.4527777777777778 0.8661458333333333 0.4787037037037037 0.8588541666666667 0.5037037037037037 0.8541666666666666 0.49907407407407406 0.853125 0.4722222222222222 0.859375 0.4462962962962963 0.8697916666666666 0.43425925925925923 0.8765625 0.41944444444444445 0.8895833333333333 0.41759259259259257
1 0.30833333333333335 0.11574074074074074 0.31666666666666665 0.1537037037037037 0.31979166666666664 0.17962962962962964 0.321875 0.21944444444444444 0.3203125 0.22407407407407406 0.3203125 0.24074074074074073 0.3177083333333333 0.24444444444444444 0.3078125 0.24444444444444444 0.30364583333333334 0.24074074074074073 0.2994791666666667 0.21851851851851853 0.296875 0.18981481481481483 0.2947916666666667 0.15462962962962962 0.2989583333333333 0.13518518518518519 0.29791666666666666 0.11851851851851852 0.3 0.11574074074074074 0.3078125 0.11574074074074074
1 0.9796875 0.33796296296296297 0.990625 0.3351851851851852 0.9848958333333333 0.3537037037037037 0.9770833333333333 0.3972222222222222 0.9677083333333333 0.425 0.9645833333333333 0.42685185185185187 0.9630208333333333 0.42407407407407405 0.9635416666666666 0.41388888888888886 0.9796875 0.3388888888888889