0 0.4153645833333333 0.21898148148148147 0.015104166666666667 0.01574074074074074
0 0.284375 0.32407407407407407 0.2869791666666667 0.32685185185185184 0.2864583333333333 0.3351851851851852 0.26927083333333335 0.35555555555555557 0.265625 0.35555555555555557 0.2625 0.3509259259259259 0.26197916666666665 0.33796296296296297 0.2838541666666667 0.32407407407407407
0 0.4890625 0.14537037037037037 0.50625 0.1685185185185185 0.5046875 0.17962962962962964 0.503125 0.18055555555555555 0.4869791666666667 0.1675925925925926 0.4817708333333333 0.16018518518518518 0.48072916666666665 0.15185185185185185 0.4822916666666667 0.14722222222222223 0.48854166666666665 0.14537037037037037
0 0.5536458333333333 0.16018518518518518 0.5604166666666667 0.16203703703703703 0.5604166666666667 0.17314814814814813 0.5526041666666667 0.17592592592592593 0.55 0.1638888888888889 0.553125 0.16111111111111112
0 0.3463541666666667 0.12685185185185185 0.3494791666666667 0.1287037037037037 0.35104166666666664 0.1398148148148148 0.34270833333333334 0.14444444444444443 0.3255208333333333 0.14629629629629629 0.3223958333333333 0.14351851851851852 0.32395833333333335 0.1398148148148148 0.3385416666666667 0.13425925925925927 0.3458333333333333 0.12685185185185185
0 0.4114583333333333 0.3277777777777778 0.4671875 0.3509259259259259 0.4703125 0.35555555555555557 0.46770833333333334 0.3638888888888889 0.44375 0.35555555555555557 0.41041666666666665 0.3388888888888889 0.39791666666666664 0.33796296296296297 0.3953125 0.3314814814814815 0.39791666666666664 0.32222222222222224 0.4109375 0.3277777777777778
0 0.5317708333333333 0.1736111111111111 0.009375 0.01574074074074074
0 0.3875 0.2518518518518518 0.39166666666666666 0.25925925925925924 0.40572916666666664 0.26666666666666666 0.40729166666666666 0.2722222222222222 0.4046875 0.2796296296296296 0.3807291666666667 0.27314814814814814 0.3802083333333333 0.25833333333333336 0.38333333333333336 0.2518518518518518 0.38697916666666665 0.2518518518518518
0 0.39947916666666666 0.3175925925925926 0.4109375 0.3101851851851852 0.4640625 0.2916666666666667 0.46979166666666666 0.28425925925925927 0.47291666666666665 0.2851851851851852 0.4744791666666667 0.2916666666666667 0.4744791666666667 0.3 0.47239583333333335 0.30277777777777776 0.45364583333333336 0.30462962962962964 0.41041666666666665 0.32407407407407407 0.4005208333333333 0.32314814814814813 0.39947916666666666 0.31851851851851853
0 0.3859375 0.14722222222222223 0.39427083333333335 0.15925925925925927 0.415625 0.1675925925925926 0.4171875 0.1712962962962963 0.4161458333333333 0.1814814814814815 0.4114583333333333 0.18518518518518517 0.39010416666666664 0.17314814814814813 0.3802083333333333 0.17592592592592593 0.3776041666666667 0.16111111111111112 0.3796875 0.15185185185185185 0.3854166666666667 0.14722222222222223
0 0.39166666666666666 0.22870370370370371 0.3953125 0.24074074074074073 0.39427083333333335 0.25 0.39166666666666666 0.25277777777777777 0.3703125 0.24814814814814815 0.36822916666666666 0.24259259259259258 0.3697916666666667 0.2351851851851852 0.384375 0.23425925925925925 0.39114583333333336 0.22870370370370371
0 0.346875 0.13055555555555556 0.35208333333333336 0.14074074074074075 0.3541666666666667 0.16111111111111112 0.33489583333333334 0.1638888888888889 0.3260416666666667 0.16203703703703703 0.321875 0.14351851851851852 0.32916666666666666 0.13703703703703704 0.3416666666666667 0.13518518518518519 0.3463541666666667 0.13055555555555556
2 0.44583333333333336 0.22870370370370371 0.4515625 0.2351851851851852 0.45 0.24166666666666667 0.44583333333333336 0.24444444444444444 0.4354166666666667 0.24351851851851852 0.4322916666666667 0.23796296296296296 0.43697916666666664 0.22962962962962963 0.4453125 0.22870370370370371
2 0.5640625 0.32314814814814813 0.5682291666666667 0.3212962962962963 0.5723958333333333 0.325 0.5708333333333333 0.3314814814814815 0.5671875 0.33240740740740743 0.5640625 0.33055555555555555 0.5640625 0.32407407407407407
2 0.5234375 0.33796296296296297 0.5302083333333333 0.3416666666666667 0.5322916666666667 0.34814814814814815 0.5291666666666667 0.35648148148148145 0.525 0.3592592592592593 0.5161458333333333 0.3592592592592593 0.5098958333333333 0.35185185185185186 0.5119791666666667 0.3416666666666667 0.5229166666666667 0.33796296296296297
2 0.5026041666666666 0.3037037037037037 0.5067708333333333 0.30833333333333335 0.5078125 0.3138888888888889 0.5046875 0.3212962962962963 0.49895833333333334 0.32407407407407407 0.49114583333333334 0.32222222222222224 0.4864583333333333 0.31296296296296294 0.49114583333333334 0.3037037037037037 0.5020833333333333 0.3037037037037037
2 0.33177083333333335 0.26851851851851855 0.33229166666666665 0.2759259259259259 0.3229166666666667 0.28425925925925927 0.3140625 0.2824074074074074 0.31145833333333334 0.27685185185185185 0.31197916666666664 0.27314814814814814 0.31979166666666664 0.2657407407407407 0.33125 0.26851851851851855
2 0.46458333333333335 0.2657407407407407 0.4666666666666667 0.262037037037037 0.4703125 0.262037037037037 0.4703125 0.26851851851851855 0.46510416666666665 0.26666666666666666
2 0.44036458333333334 0.22592592592592592 0.0109375 0.009259259259259259
2 0.4979166666666667 0.21481481481481482 0.49895833333333334 0.21944444444444444 0.496875 0.2222222222222222 0.490625 0.2222222222222222 0.4895833333333333 0.21666666666666667 0.49375 0.21296296296296297 0.4973958333333333 0.21481481481481482
2 0.47708333333333336 0.26851851851851855 0.4796875 0.26944444444444443 0.48020833333333335 0.2740740740740741 0.47552083333333334 0.275 0.4744791666666667 0.2722222222222222 0.4765625 0.26944444444444443
2 0.4895833333333333 0.37407407407407406 0.4947916666666667 0.38055555555555554 0.4947916666666667 0.387037037037037 0.490625 0.39351851851851855 0.48385416666666664 0.39537037037037037 0.4739583333333333 0.3907407407407407 0.47291666666666665 0.38055555555555554 0.48072916666666665 0.3731481481481482 0.4890625 0.37407407407407406
2 0.5317708333333333 0.24166666666666667 0.5359375 0.24722222222222223 0.5322916666666667 0.2518518518518518 0.5255208333333333 0.2490740740740741 0.5265625 0.24351851851851852 0.53125 0.24166666666666667
2 0.5432291666666667 0.16574074074074074 0.5489583333333333 0.1712962962962963 0.5484375 0.17592592592592593 0.5453125 0.1787037037037037 0.5369791666666667 0.1787037037037037 0.5354166666666667 0.17592592592592593 0.5369791666666667 0.1675925925925926 0.5427083333333333 0.16574074074074074
2 0.4015625 0.25462962962962965 0.4015625 0.26296296296296295 0.39427083333333335 0.25833333333333336 0.4010416666666667 0.25462962962962965
2 0.434375 0.2212962962962963 0.4359375 0.22685185185185186 0.43333333333333335 0.22870370370370371 0.428125 0.22777777777777777 0.4270833333333333 0.22314814814814815 0.42864583333333334 0.22037037037037038 0.43385416666666665 0.2212962962962963
2 0.5953125 0.30277777777777776 0.6020833333333333 0.30648148148148147 0.6041666666666666 0.3111111111111111 0.6020833333333333 0.31851851851851853 0.5984375 0.32037037037037036 0.5921875 0.32037037037037036 0.5864583333333333 0.3138888888888889 0.5880208333333333 0.3055555555555556 0.5947916666666667 0.30277777777777776
2 0.4166666666666667 0.23703703703703705 0.4197916666666667 0.24166666666666667 0.41510416666666666 0.24722222222222223 0.41041666666666665 0.2462962962962963 0.409375 0.24166666666666667 0.4125 0.23703703703703705 0.4161458333333333 0.23703703703703705
2 0.3567708333333333 0.22592592592592592 0.35885416666666664 0.22962962962962963 0.35833333333333334 0.23333333333333334 0.35260416666666666 0.23796296296296296 0.3453125 0.23703703703703705 0.34270833333333334 0.23055555555555557 0.3494791666666667 0.22407407407407406 0.35625 0.22592592592592592
2 0.39114583333333336 0.20092592592592592 0.39375 0.2037037037037037 0.39375 0.20833333333333334 0.3854166666666667 0.21388888888888888 0.3770833333333333 0.21203703703703702 0.3765625 0.20462962962962963 0.3828125 0.19907407407407407 0.390625 0.20092592592592592
2 0.5442708333333334 0.3398148148148148 0.5458333333333333 0.34444444444444444 0.54375 0.3472222222222222 0.5390625 0.3453703703703704 0.5395833333333333 0.34074074074074073 0.54375 0.3398148148148148
2 0.48333333333333334 0.21388888888888888 0.484375 0.21666666666666667 0.4828125 0.21851851851851853 0.478125 0.2175925925925926 0.4791666666666667 0.21388888888888888 0.4828125 0.21388888888888888
1 0.030729166666666665 0.3101851851851852 0.0359375 0.3148148148148148 0.046875 0.3685185185185185 0.05364583333333333 0.39166666666666666 0.05364583333333333 0.3990740740740741 0.05 0.40555555555555556 0.040625 0.41203703703703703 0.036458333333333336 0.4111111111111111 0.0328125 0.4 0.021354166666666667 0.3425925925925926 0.015625 0.33611111111111114 0.004166666666666667 0.3351851851851852 0.003125 0.3314814814814815 0.0036458333333333334 0.325 0.008333333333333333 0.31851851851851853 0.024479166666666666 0.3101851851851852 0.030208333333333334 0.3101851851851852
1 0.0203125 0.2675925925925926 0.0234375 0.2740740740740741 0.027604166666666666 0.3074074074074074 0.010416666666666666 0.31574074074074077 0.00625 0.3138888888888889 0.0020833333333333333 0.2962962962962963 0 0.29444444444444445 0 0.2712962962962963 0.011979166666666667 0.2657407407407407 0.019791666666666666 0.2675925925925926
1 0.1015625 0.4222222222222222 0.1046875 0.42685185185185187 0.109375 0.44351851851851853 0.1234375 0.44722222222222224 0.12916666666666668 0.4537037037037037 0.13854166666666667 0.5055555555555555 0.146875 0.5324074074074074 0.14583333333333334 0.5398148148148149 0.1375 0.55 0.11979166666666667 0.5638888888888889 0.10625 0.5703703703703704 0.10208333333333333 0.5703703703703704 0.0953125 0.5611111111111111 0.08697916666666666 0.5101851851851852 0.07864583333333333 0.4842592592592593 0.08020833333333334 0.47314814814814815 0.09166666666666666 0.4564814814814815 0.08802083333333334 0.43148148148148147 0.09479166666666666 0.42314814814814816 0.10104166666666667 0.4222222222222222
1 0.10989583333333333 0.3851851851851852 0.1140625 0.38981481481481484 0.11666666666666667 0.41388888888888886 0.12291666666666666 0.41944444444444445 0.12708333333333333 0.43148148148148147 0.13645833333333332 0.44074074074074077 0.14322916666666666 0.45555555555555555 0.14635416666666667 0.4740740740740741 0.14375 0.5027777777777778 0.1390625 0.5009259259259259 0.13385416666666666 0.48055555555555557 0.1296875 0.4527777777777778 0.12447916666666667 0.4462962962962963 0.1109375 0.4425925925925926 0.10677083333333333 0.43148148148148147 0.10520833333333333 0.41944444444444445 0.0953125 0.41759259259259257 0.09947916666666666 0.41388888888888886 0.0984375 0.4074074074074074 0.0953125 0.4064814814814815 0.09583333333333334 0.4111111111111111 0.090625 0.4148148148148148 0.09114583333333333 0.4185185185185185 0.09427083333333333 0.4185185185185185 0.09166666666666666 0.42407407407407405 0.08802083333333334 0.425 0.084375 0.4185185185185185 0.0828125 0.4101851851851852 0.08645833333333333 0.4 0.084375 0.39444444444444443 0.08541666666666667 0.38796296296296295 0.09739583333333333 0.38333333333333336 0.109375 0.3851851851851852
1 0.065625 0.4222222222222222 0.06770833333333333 0.425 0.06927083333333334 0.4351851851851852 0.0828125 0.46296296296296297 0.07916666666666666 0.4740740740740741 0.078125 0.4861111111111111 0.08541666666666667 0.5083333333333333 0.0921875 0.5453703703703704 0.09166666666666666 0.5546296296296296 0.08697916666666666 0.5574074074074075 0.071875 0.5574074074074075 0.0671875 0.5537037037037037 0.05416666666666667 0.5027777777777778 0.05416666666666667 0.48518518518518516 0.06041666666666667 0.46574074074074073 0.06041666666666667 0.4287037037037037 0.0625 0.42314814814814816 0.06510416666666667 0.4222222222222222
1 0.7255208333333333 0.12222222222222222 0.7276041666666667 0.1259259259259259 0.7270833333333333 0.1398148148148148 0.7307291666666667 0.14629629629629629 0.7307291666666667 0.15185185185185185 0.7234375 0.21296296296296297 0.7229166666666667 0.24074074074074073 0.7192708333333333 0.24537037037037038 0.7005208333333334 0.24444444444444444 0.6973958333333333 0.24074074074074073 0.7010416666666667 0.21944444444444444 0.7067708333333333 0.14351851851851852 0.7140625 0.13425925925925927 0.7166666666666667 0.12222222222222222 0.725 0.12222222222222222
1 0.7005208333333334 0.11666666666666667 0.7020833333333333 0.125 0.7 0.13333333333333333 0.7041666666666667 0.14722222222222223 0.7041666666666667 0.1685185185185185 0.7 0.21574074074074073 0.6958333333333333 0.24166666666666667 0.69375 0.24444444444444444 0.678125 0.24351851851851852 0.6770833333333334 0.21481481481481482 0.6807291666666667 0.16944444444444445 0.6890625 0.12037037037037036 0.6916666666666667 0.11574074074074074 0.7 0.11666666666666667
1 0.015104166666666667 0.337037037037037 0.021354166666666667 0.34444444444444444 0.036458333333333336 0.41759259259259257 0.036458333333333336 0.425 0.033854166666666664 0.4324074074074074 0.0234375 0.44166666666666665 0.010416666666666666 0.4388888888888889 0.00625 0.42962962962962964 0.003125 0.40925925925925927 0.0020833333333333333 0.36018518518518516 0 0.3574074074074074 0 0.34074074074074073 0.0036458333333333334 0.337037037037037 0.014583333333333334 0.337037037037037