0 0.6739583333333333 0.5953703703703703 0.6817708333333333 0.6222222222222222 0.6864583333333333 0.6314814814814815 0.6859375 0.6388888888888888 0.68125 0.6453703703703704 0.6744791666666666 0.6444444444444445 0.6723958333333333 0.6398148148148148 0.6661458333333333 0.6083333333333333 0.6666666666666666 0.5990740740740741 0.6692708333333334 0.5953703703703703 0.6734375 0.5953703703703703
0 0.56875 0.8527777777777777 0.5776041666666667 0.8657407407407407 0.596875 0.9305555555555556 0.6036458333333333 0.9416666666666667 0.6046875 0.9472222222222222 0.6010416666666667 0.9574074074074074 0.5890625 0.9537037037037037 0.584375 0.9416666666666667 0.5703125 0.887962962962963 0.5609375 0.8666666666666667 0.5619791666666667 0.8574074074074074 0.5682291666666667 0.8527777777777777
0 0.6911458333333333 0.5148148148148148 0.6932291666666667 0.5212962962962963 0.6916666666666667 0.5333333333333333 0.6859375 0.5305555555555556 0.684375 0.5212962962962963 0.6859375 0.5157407407407407 0.690625 0.5148148148148148
0 0.6895833333333333 0.46111111111111114 0.690625 0.49074074074074076 0.6890625 0.4981481481481482 0.6838541666666667 0.4962962962962963 0.6807291666666667 0.4675925925925926 0.6828125 0.462037037037037 0.6890625 0.46111111111111114
0 0.684375 0.3907407407407407 0.6901041666666666 0.4 0.6895833333333333 0.40555555555555556 0.6869791666666667 0.4083333333333333 0.6833333333333333 0.4074074074074074 0.6796875 0.39814814814814814 0.6796875 0.39166666666666666 0.6838541666666667 0.3907407407407407
0 0.69453125 0.8189814814814815 0.0421875 0.10462962962962963
0 0.5908854166666667 0.8277777777777777 0.009895833333333333 0.03333333333333333
0 0.64375 0.5472222222222223 0.6536458333333334 0.5888888888888889 0.6572916666666667 0.5972222222222222 0.65625 0.6055555555555555 0.6505208333333333 0.6111111111111112 0.64375 0.6046296296296296 0.6432291666666666 0.5879629629629629 0.6369791666666667 0.5592592592592592 0.6375 0.55 0.6432291666666666 0.5472222222222223
0 0.6963541666666667 0.5787037037037037 0.6994791666666667 0.5824074074074074 0.7109375 0.5842592592592593 0.7130208333333333 0.5898148148148148 0.7119791666666667 0.5935185185185186 0.6984375 0.5944444444444444 0.6942708333333333 0.5981481481481481 0.6901041666666666 0.5953703703703703 0.6895833333333333 0.5842592592592593 0.690625 0.5796296296296296 0.6958333333333333 0.5787037037037037
0 0.6510416666666666 0.42777777777777776 0.6546875 0.44074074074074077 0.6572916666666667 0.46296296296296297 0.6614583333333334 0.4703703703703704 0.6614583333333334 0.4777777777777778 0.65625 0.4842592592592593 0.6479166666666667 0.48333333333333334 0.6427083333333333 0.44166666666666665 0.6432291666666666 0.4324074074074074 0.6505208333333333 0.42777777777777776
2 0.6229166666666667 0.7722222222222223 0.6239583333333333 0.7814814814814814 0.6223958333333334 0.7842592592592592 0.6208333333333333 0.7824074074074074 0.6208333333333333 0.774074074074074 0.6223958333333334 0.7722222222222223
2 0.5973958333333333 0.525 0.5989583333333334 0.5407407407407407 0.5953125 0.5472222222222223 0.5927083333333333 0.5407407407407407 0.5927083333333333 0.5324074074074074 0.596875 0.525
2 0.6401041666666667 0.6953703703703704 0.6432291666666666 0.712037037037037 0.640625 0.7231481481481481 0.6385416666666667 0.7231481481481481 0.6369791666666667 0.7185185185185186 0.6380208333333334 0.6981481481481482 0.6395833333333333 0.6953703703703704
2 0.5869791666666667 0.7055555555555556 0.5901041666666667 0.7129629629629629 0.5911458333333334 0.7240740740740741 0.5890625 0.7388888888888889 0.5854166666666667 0.7453703703703703 0.5807291666666666 0.7435185185185185 0.5791666666666667 0.7231481481481481 0.58125 0.7111111111111111 0.5833333333333334 0.7064814814814815 0.5864583333333333 0.7055555555555556
2 0.6328125 0.512962962962963 0.6354166666666666 0.5203703703703704 0.6348958333333333 0.5287037037037037 0.6328125 0.5324074074074074 0.6296875 0.5277777777777778 0.6302083333333334 0.5166666666666667 0.6322916666666667 0.512962962962963
2 0.5919270833333333 0.32314814814814813 0.011979166666666667 0.040740740740740744
2 0.66875 0.4444444444444444 0.6692708333333334 0.43148148148148147 0.671875 0.43425925925925923 0.671875 0.44166666666666665 0.6692708333333334 0.4444444444444444
2 0.6140625 0.4166666666666667 0.6161458333333333 0.4222222222222222 0.6171875 0.43703703703703706 0.615625 0.44722222222222224 0.6125 0.45185185185185184 0.6104166666666667 0.45185185185185184 0.6078125 0.4462962962962963 0.6067708333333334 0.42777777777777776 0.6104166666666667 0.41574074074074074 0.6135416666666667 0.4166666666666667
2 0.6567708333333333 0.36666666666666664 0.6588541666666666 0.38796296296296295 0.6557291666666667 0.39814814814814814 0.6515625 0.39537037037037037 0.6505208333333333 0.37777777777777777 0.6515625 0.3685185185185185 0.6536458333333334 0.3648148148148148 0.65625 0.36666666666666664
2 0.5911458333333334 0.537962962962963 0.5947916666666667 0.549074074074074 0.5947916666666667 0.5638888888888889 0.5916666666666667 0.575925925925926 0.5864583333333333 0.5768518518518518 0.5833333333333334 0.5648148148148148 0.5848958333333333 0.5453703703703704 0.5869791666666667 0.5398148148148149 0.590625 0.5388888888888889
2 0.6401041666666667 0.5009259259259259 0.6416666666666667 0.5046296296296297 0.6411458333333333 0.5111111111111111 0.6385416666666667 0.5111111111111111 0.6395833333333333 0.5018518518518519
2 0.5755208333333334 0.3425925925925926 0.5786458333333333 0.3490740740740741 0.5802083333333333 0.36018518518518516 0.5791666666666667 0.3712962962962963 0.5755208333333334 0.37777777777777777 0.5703125 0.37592592592592594 0.5677083333333334 0.36574074074074076 0.56875 0.34814814814814815 0.5713541666666667 0.3435185185185185 0.575 0.3425925925925926
2 0.5708333333333333 0.7638888888888888 0.5723958333333333 0.7675925925925926 0.5723958333333333 0.7787037037037037 0.5692708333333333 0.7861111111111111 0.565625 0.7833333333333333 0.565625 0.7722222222222223 0.5671875 0.7657407407407407 0.5703125 0.7638888888888888
2 0.6145833333333334 0.6888888888888889 0.6182291666666667 0.6925925925925925 0.6177083333333333 0.7018518518518518 0.6145833333333334 0.7046296296296296 0.6145833333333334 0.6898148148148148
2 0.6046875 0.30092592592592593 0.609375 0.3175925925925926 0.6088541666666667 0.33055555555555555 0.6052083333333333 0.3388888888888889 0.6005208333333333 0.33611111111111114 0.5979166666666667 0.32314814814814813 0.5979166666666667 0.3111111111111111 0.6015625 0.30185185185185187 0.6041666666666666 0.30092592592592593
2 0.6216145833333333 0.5550925925925926 0.0036458333333333334 0.012037037037037037
2 0.690625 0.7231481481481481 0.6916666666666667 0.7407407407407407 0.6895833333333333 0.7462962962962963 0.6864583333333333 0.7444444444444445 0.6859375 0.7351851851851852 0.6875 0.725 0.6901041666666666 0.7231481481481481
2 0.6536458333333334 0.7037037037037037 0.6546875 0.7129629629629629 0.6515625 0.7129629629629629 0.6515625 0.7064814814814815 0.653125 0.7046296296296296
2 0.659375 0.5518518518518518 0.6635416666666667 0.5611111111111111 0.6640625 0.5703703703703704 0.6619791666666667 0.5824074074074074 0.6572916666666667 0.5851851851851851 0.6546875 0.5777777777777777 0.6546875 0.5638888888888889 0.6588541666666666 0.5527777777777778
2 0.6375 0.7435185185185185 0.6385416666666667 0.7527777777777778 0.6364583333333333 0.7574074074074074 0.634375 0.7564814814814815 0.6338541666666667 0.7481481481481481 0.6348958333333333 0.7435185185185185 0.6369791666666667 0.7435185185185185
2 0.6125 0.7620370370370371 0.6161458333333333 0.7638888888888888 0.615625 0.774074074074074 0.6125 0.7768518518518519 0.6125 0.762962962962963
1 0.7 0.09074074074074075 0.703125 0.09537037037037037 0.7114583333333333 0.09537037037037037 0.7130208333333333 0.10462962962962963 0.7125 0.11388888888888889 0.7046875 0.11944444444444445 0.7 0.13148148148148148 0.6572916666666667 0.1425925925925926 0.6479166666666667 0.14814814814814814 0.64375 0.14629629629629629 0.6442708333333333 0.10462962962962963 0.6994791666666667 0.09074074074074075
1 0.6989583333333333 0.13796296296296295 0.70625 0.14351851851851852 0.7140625 0.1398148148148148 0.7161458333333334 0.14351851851851852 0.7151041666666667 0.16111111111111112 0.6869791666666667 0.17777777777777778 0.6645833333333333 0.18333333333333332 0.65 0.17962962962962964 0.6453125 0.1814814814814815 0.64375 0.17777777777777778 0.64375 0.15925925925925927 0.6458333333333334 0.1527777777777778 0.6588541666666666 0.14351851851851852 0.6916666666666667 0.1361111111111111 0.6984375 0.13796296296296295