0 0.6359375 0.35555555555555557 0.6395833333333333 0.3527777777777778 0.6473958333333333 0.35462962962962963 0.6479166666666667 0.3972222222222222 0.6510416666666666 0.4046296296296296 0.6489583333333333 0.4111111111111111 0.6348958333333333 0.4101851851851852 0.6369791666666667 0.39166666666666666 0.6338541666666667 0.37962962962962965 0.6338541666666667 0.3648148148148148 0.6359375 0.35648148148148145
0 0.7041666666666667 0.14629629629629629 0.7109375 0.17314814814814813 0.7088541666666667 0.18333333333333332 0.7036458333333333 0.1814814814814815 0.7 0.16018518518518518 0.7 0.14722222222222223 0.7036458333333333 0.14629629629629629
0 0.6020833333333333 0.5175925925925926 0.6046875 0.525 0.603125 0.5342592592592592 0.5848958333333333 0.575925925925926 0.5776041666666667 0.5712962962962963 0.58125 0.5509259259259259 0.5958333333333333 0.5157407407407407 0.6015625 0.5175925925925926
0 0.5942708333333333 0.15555555555555556 0.5953125 0.1638888888888889 0.5927083333333333 0.1685185185185185 0.590625 0.18611111111111112 0.5880208333333333 0.18611111111111112 0.5864583333333333 0.1824074074074074 0.5859375 0.1574074074074074 0.5880208333333333 0.1537037037037037 0.59375 0.15555555555555556
0 0.6921875 0.4675925925925926 0.6927083333333334 0.47962962962962963 0.690625 0.48518518518518516 0.6864583333333333 0.48518518518518516 0.684375 0.48055555555555557 0.684375 0.4740740740740741 0.6880208333333333 0.4675925925925926 0.6916666666666667 0.4675925925925926
0 0.5833333333333334 0.4888888888888889 0.590625 0.49722222222222223 0.590625 0.5046296296296297 0.5859375 0.5101851851851852 0.5791666666666667 0.5444444444444444 0.5739583333333333 0.5425925925925926 0.5723958333333333 0.5342592592592592 0.5765625 0.512962962962963 0.575 0.49722222222222223 0.5760416666666667 0.49166666666666664 0.5828125 0.4888888888888889
0 0.5666666666666667 0.6351851851851852 0.571875 0.6425925925925926 0.6010416666666667 0.6601851851851852 0.6026041666666667 0.6648148148148149 0.6020833333333333 0.6703703703703704 0.6 0.6722222222222223 0.5682291666666667 0.6518518518518519 0.5588541666666667 0.6509259259259259 0.5567708333333333 0.6462962962962963 0.5583333333333333 0.6351851851851852 0.5598958333333334 0.6324074074074074 0.5661458333333333 0.6351851851851852
0 0.6442708333333333 0.6231481481481481 0.6479166666666667 0.6333333333333333 0.646875 0.6416666666666667 0.640625 0.6472222222222223 0.6276041666666666 0.649074074074074 0.6213541666666667 0.6435185185185185 0.6223958333333334 0.6314814814814815 0.6390625 0.6212962962962963 0.64375 0.6231481481481481
0 0.6026041666666667 0.31851851851851853 0.6151041666666667 0.32314814814814813 0.6140625 0.3296296296296296 0.6083333333333333 0.33055555555555555 0.6036458333333333 0.3351851851851852 0.6005208333333333 0.3351851851851852 0.5984375 0.33055555555555555 0.5989583333333334 0.32222222222222224 0.6020833333333333 0.31851851851851853
0 0.6729166666666667 0.4666666666666667 0.6765625 0.4675925925925926 0.6786458333333333 0.475 0.6833333333333333 0.5574074074074075 0.6869791666666667 0.5722222222222222 0.6864583333333333 0.5777777777777777 0.6786458333333333 0.5777777777777777 0.6786458333333333 0.5527777777777778 0.6744791666666666 0.5111111111111111 0.6729166666666667 0.4675925925925926
0 0.6791666666666667 0.2462962962962963 0.6822916666666666 0.25 0.6802083333333333 0.26851851851851855 0.6958333333333333 0.3925925925925926 0.6958333333333333 0.4 0.6921875 0.4064814814814815 0.6869791666666667 0.40555555555555556 0.684375 0.3962962962962963 0.6723958333333333 0.2777777777777778 0.6708333333333333 0.27037037037037037 0.6651041666666667 0.2611111111111111 0.6666666666666666 0.25092592592592594 0.6729166666666667 0.2462962962962963 0.6786458333333333 0.2462962962962963
2 0.6877604166666667 0.21574074074074073 0.0078125 0.03148148148148148
2 0.6395833333333333 0.2861111111111111 0.6427083333333333 0.2935185185185185 0.6416666666666667 0.30185185185185187 0.6390625 0.3055555555555556 0.6369791666666667 0.29907407407407405 0.6369791666666667 0.2916666666666667 0.6390625 0.28703703703703703
2 0.64375 0.2972222222222222 0.6473958333333333 0.30092592592592593 0.6489583333333333 0.3074074074074074 0.6489583333333333 0.32222222222222224 0.6458333333333334 0.3314814814814815 0.6432291666666666 0.33055555555555555 0.6401041666666667 0.31203703703703706 0.6401041666666667 0.3037037037037037 0.6432291666666666 0.2972222222222222
2 0.6041666666666666 0.1388888888888889 0.6083333333333333 0.14907407407407408 0.609375 0.16018518518518518 0.60625 0.1787037037037037 0.6020833333333333 0.17777777777777778 0.5984375 0.16111111111111112 0.5989583333333334 0.14444444444444443 0.6036458333333333 0.1388888888888889
2 0.6708333333333333 0.5555555555555556 0.6708333333333333 0.5675925925925925 0.6677083333333333 0.5648148148148148 0.6677083333333333 0.5574074074074075 0.6703125 0.5555555555555556
2 0.63671875 0.4773148148148148 0.005729166666666666 0.019444444444444445
2 0.6161458333333333 0.37777777777777777 0.6203125 0.38981481481481484 0.6197916666666666 0.40370370370370373 0.6166666666666667 0.40925925925925927 0.6114583333333333 0.40555555555555556 0.6098958333333333 0.39351851851851855 0.6119791666666666 0.3787037037037037 0.615625 0.37777777777777777
2 0.6041666666666666 0.524074074074074 0.6067708333333334 0.5268518518518519 0.6083333333333333 0.5342592592592592 0.6072916666666667 0.5416666666666666 0.6041666666666666 0.5398148148148149 0.6026041666666667 0.5342592592592592 0.6041666666666666 0.525
2 0.5708333333333333 0.22962962962962963 0.5755208333333334 0.2351851851851852 0.5791666666666667 0.2490740740740741 0.5770833333333333 0.2712962962962963 0.5729166666666666 0.27314814814814814 0.5697916666666667 0.26944444444444443 0.5666666666666667 0.2564814814814815 0.5666666666666667 0.24814814814814815 0.5682291666666667 0.2361111111111111 0.5708333333333333 0.23055555555555557
2 0.6427083333333333 0.5277777777777778 0.004166666666666667 0.011111111111111112
2 0.5671875 0.23425925925925925 0.5651041666666666 0.22592592592592592 0.5666666666666667 0.21203703703703702 0.5708333333333333 0.21481481481481482 0.5723958333333333 0.22592592592592592 0.5713541666666667 0.23148148148148148 0.5677083333333334 0.23425925925925925
2 0.6375 0.35462962962962963 0.6375 0.3907407407407407 0.6354166666666666 0.38981481481481484 0.6333333333333333 0.37777777777777777 0.6338541666666667 0.3611111111111111 0.6369791666666667 0.35555555555555557
2 0.6078125 0.22962962962962963 0.6104166666666667 0.24074074074074073 0.6104166666666667 0.2574074074074074 0.6067708333333334 0.26481481481481484 0.6036458333333333 0.26296296296296295 0.6015625 0.2564814814814815 0.6005208333333333 0.2361111111111111 0.6041666666666666 0.22685185185185186 0.6072916666666667 0.22962962962962963
2 0.653125 0.19166666666666668 0.6552083333333333 0.19444444444444445 0.6552083333333333 0.20277777777777778 0.653125 0.20462962962962963 0.653125 0.1925925925925926
2 0.7 0.31203703703703706 0.7015625 0.3138888888888889 0.7015625 0.3212962962962963 0.6989583333333333 0.32037037037037036 0.6994791666666667 0.31296296296296294
2 0.6958333333333333 0.6407407407407407 0.6963541666666667 0.6518518518518519 0.6942708333333333 0.6564814814814814 0.6921875 0.6537037037037037 0.6921875 0.6425925925925926 0.6932291666666667 0.6398148148148148 0.6953125 0.6407407407407407
2 0.6104166666666667 0.175 0.6145833333333334 0.18888888888888888 0.6119791666666666 0.20555555555555555 0.6078125 0.20185185185185187 0.6057291666666667 0.18888888888888888 0.60625 0.17962962962962964 0.6098958333333333 0.175
2 0.6119791666666666 0.4398148148148148 0.6135416666666667 0.4444444444444444 0.6125 0.4546296296296296 0.6098958333333333 0.4546296296296296 0.6083333333333333 0.45 0.6088541666666667 0.44166666666666665 0.6114583333333333 0.4398148148148148
2 0.5791666666666667 0.2037037037037037 0.5833333333333334 0.2064814814814815 0.5864583333333333 0.2175925925925926 0.5859375 0.2324074074074074 0.5838541666666667 0.23981481481481481 0.5802083333333333 0.24259259259259258 0.575 0.22870370370370371 0.575 0.21296296296296297 0.5786458333333333 0.2037037037037037
2 0.5885416666666666 0.22407407407407406 0.590625 0.23055555555555557 0.590625 0.2388888888888889 0.5890625 0.24074074074074073 0.5859375 0.23703703703703705 0.5859375 0.22777777777777777 0.5880208333333333 0.22407407407407406
1 0.6453125 0.850925925925926 0.6744791666666666 0.8629629629629629 0.696875 0.8666666666666667 0.7041666666666667 0.8805555555555555 0.7114583333333333 0.8851851851851852 0.7114583333333333 0.9027777777777778 0.7020833333333333 0.9046296296296297 0.6979166666666666 0.9101851851851852 0.6947916666666667 0.9101851851851852 0.6661458333333333 0.899074074074074 0.6442708333333333 0.8953703703703704 0.6432291666666666 0.8537037037037037 0.6447916666666667 0.8518518518518519
1 0.675 0.8194444444444444 0.69375 0.825 0.7125 0.837037037037037 0.715625 0.8416666666666667 0.7145833333333333 0.8592592592592593 0.7046875 0.8574074074074074 0.6979166666666666 0.8629629629629629 0.6708333333333333 0.8601851851851852 0.65 0.8490740740740741 0.6453125 0.8416666666666667 0.6442708333333333 0.8296296296296296 0.6505208333333333 0.8212962962962963 0.653125 0.8222222222222222 0.6567708333333333 0.8166666666666667 0.6744791666666666 0.8194444444444444