0 0.5833333333333334 0.45185185185185184 0.5854166666666667 0.4537037037037037 0.5838541666666667 0.475 0.5807291666666666 0.4787037037037037 0.578125 0.4759259259259259 0.5770833333333333 0.4546296296296296 0.5828125 0.45185185185185184
0 0.5942708333333333 0.5972222222222222 0.5984375 0.600925925925926 0.6229166666666667 0.6638888888888889 0.6317708333333333 0.6768518518518518 0.6307291666666667 0.6898148148148148 0.6270833333333333 0.6944444444444444 0.6234375 0.6944444444444444 0.6197916666666666 0.6888888888888889 0.6151041666666667 0.6694444444444444 0.590625 0.6148148148148148 0.5895833333333333 0.6018518518518519 0.59375 0.5981481481481481
0 0.6505208333333333 0.6148148148148148 0.6510416666666666 0.6231481481481481 0.6442708333333333 0.6277777777777778 0.6421875 0.6268518518518519 0.6421875 0.6203703703703703 0.6463541666666667 0.6138888888888889 0.65 0.6148148148148148
0 0.6541666666666667 0.5509259259259259 0.6552083333333333 0.5601851851851852 0.65 0.5722222222222222 0.6463541666666667 0.5740740740740741 0.640625 0.5703703703703704 0.6416666666666667 0.5574074074074075 0.6453125 0.5518518518518518 0.6536458333333334 0.5509259259259259
0 0.6609375 0.44722222222222224 0.6630208333333333 0.4546296296296296 0.6604166666666667 0.4583333333333333 0.6546875 0.45740740740740743 0.653125 0.4537037037037037 0.6546875 0.44814814814814813 0.6604166666666667 0.44722222222222224
0 0.6416666666666667 0.4888888888888889 0.6432291666666666 0.49166666666666664 0.6416666666666667 0.49907407407407406 0.6411458333333333 0.55 0.6395833333333333 0.5712962962962963 0.6380208333333334 0.5731481481481482 0.6354166666666666 0.5712962962962963 0.6348958333333333 0.5657407407407408 0.6364583333333333 0.49074074074074076 0.6411458333333333 0.4888888888888889
0 0.6546875 0.4861111111111111 0.6552083333333333 0.5120370370370371 0.6510416666666666 0.5157407407407407 0.6427083333333333 0.5101851851851852 0.6427083333333333 0.49166666666666664 0.6541666666666667 0.4861111111111111
0 0.6247395833333333 0.5185185185185185 0.0171875 0.040740740740740744
0 0.5963541666666666 0.5333333333333333 0.6005208333333333 0.5398148148148149 0.6015625 0.5481481481481482 0.5984375 0.5787037037037037 0.5953125 0.5861111111111111 0.5869791666666667 0.5851851851851851 0.5833333333333334 0.575925925925926 0.5875 0.562962962962963 0.5911458333333334 0.5361111111111111 0.5958333333333333 0.5333333333333333
0 0.6588541666666666 0.4759259259259259 0.6588541666666666 0.48148148148148145 0.6552083333333333 0.48518518518518516 0.6453125 0.4898148148148148 0.6369791666666667 0.4898148148148148 0.6317708333333333 0.49537037037037035 0.6276041666666666 0.49537037037037035 0.6255208333333333 0.49074074074074076 0.6260416666666667 0.4842592592592593 0.628125 0.48148148148148145 0.6520833333333333 0.475 0.6583333333333333 0.4759259259259259
2 0.6463541666666667 0.512962962962963 0.6494791666666667 0.5157407407407407 0.6479166666666667 0.5287037037037037 0.6427083333333333 0.5175925925925926 0.64375 0.5120370370370371 0.6458333333333334 0.512962962962963
2 0.6588541666666666 0.7074074074074074 0.6614583333333334 0.7074074074074074 0.6630208333333333 0.7185185185185186 0.6614583333333334 0.7305555555555555 0.6583333333333333 0.7314814814814815 0.6572916666666667 0.7166666666666667 0.6588541666666666 0.7083333333333334
2 0.6098958333333333 0.4527777777777778 0.6098958333333333 0.46296296296296297 0.6083333333333333 0.462037037037037 0.609375 0.4527777777777778
2 0.6328125 0.5148148148148148 0.6359375 0.5277777777777778 0.6333333333333333 0.5416666666666666 0.6296875 0.537962962962963 0.6286458333333333 0.5314814814814814 0.6286458333333333 0.5222222222222223 0.6322916666666667 0.5148148148148148
2 0.634375 0.41805555555555557 0.003125 0.012037037037037037
2 0.5963541666666666 0.5166666666666667 0.5984375 0.5166666666666667 0.5989583333333334 0.5203703703703704 0.5963541666666666 0.5277777777777778 0.5963541666666666 0.5175925925925926
2 0.6244791666666667 0.33425925925925926 0.6260416666666667 0.3398148148148148 0.6244791666666667 0.3472222222222222 0.6223958333333334 0.34444444444444444 0.6239583333333333 0.33425925925925926
2 0.634375 0.5370370370370371 0.6348958333333333 0.5574074074074075 0.6322916666666667 0.5611111111111111 0.6296875 0.5574074074074075 0.6296875 0.537962962962963 0.6338541666666667 0.5370370370370371
2 0.6046875 0.5587962962962963 0.009375 0.030555555555555555
2 0.6494791666666667 0.5731481481481482 0.6510416666666666 0.5777777777777777 0.6510416666666666 0.5925925925925926 0.6489583333333333 0.5981481481481481 0.6458333333333334 0.5953703703703703 0.6453125 0.5898148148148148 0.6458333333333334 0.5777777777777777 0.6489583333333333 0.5731481481481482
2 0.6401041666666667 0.43148148148148147 0.6416666666666667 0.4351851851851852 0.6401041666666667 0.44722222222222224 0.6380208333333334 0.44537037037037036 0.6380208333333334 0.43333333333333335 0.6395833333333333 0.43148148148148147
2 0.5841145833333333 0.43796296296296294 0.0026041666666666665 0.007407407407407408
2 0.5791666666666667 0.6824074074074075 0.5807291666666666 0.6888888888888889 0.578125 0.6907407407407408 0.5786458333333333 0.6833333333333333
1 0.6421875 0.13333333333333333 0.6557291666666667 0.1388888888888889 0.6645833333333333 0.1388888888888889 0.6661458333333333 0.14351851851851852 0.6645833333333333 0.1574074074074074 0.6572916666666667 0.15925925925925927 0.6427083333333333 0.17037037037037037 0.6067708333333334 0.17592592592592593 0.6020833333333333 0.175 0.6010416666666667 0.17037037037037037 0.6010416666666667 0.15 0.6026041666666667 0.14351851851851852 0.6416666666666667 0.13333333333333333
1 0.6510416666666666 0.09166666666666666 0.6546875 0.0962962962962963 0.6614583333333334 0.0962962962962963 0.6635416666666667 0.10648148148148148 0.6625 0.11481481481481481 0.65625 0.11944444444444445 0.6526041666666667 0.12777777777777777 0.6239583333333333 0.13425925925925927 0.6078125 0.14166666666666666 0.6026041666666667 0.14074074074074075 0.6015625 0.13796296296296295 0.6010416666666667 0.10833333333333334 0.6026041666666667 0.10462962962962963 0.6505208333333333 0.09166666666666666