0 0.6447916666666667 0.7018518518518518 0.6473958333333333 0.7064814814814815 0.646875 0.7129629629629629 0.6333333333333333 0.7472222222222222 0.6286458333333333 0.7453703703703703 0.6296875 0.737037037037037 0.6385416666666667 0.7166666666666667 0.6390625 0.7046296296296296 0.6442708333333333 0.7018518518518518
0 0.5307291666666667 0.7083333333333334 0.5322916666666667 0.7148148148148148 0.5302083333333333 0.7222222222222222 0.5291666666666667 0.75 0.5265625 0.75 0.5239583333333333 0.7444444444444445 0.5234375 0.7240740740740741 0.5208333333333334 0.712037037037037 0.5229166666666667 0.7074074074074074 0.5302083333333333 0.7083333333333334
0 0.45 0.700925925925926 0.4786458333333333 0.7027777777777777 0.4791666666666667 0.7092592592592593 0.4708333333333333 0.7148148148148148 0.46510416666666665 0.7101851851851851 0.4484375 0.7129629629629629 0.4473958333333333 0.7027777777777777 0.44947916666666665 0.700925925925926
0 0.4010416666666667 0.6981481481481482 0.41875 0.6990740740740741 0.41822916666666665 0.7129629629629629 0.3984375 0.7166666666666667 0.39375 0.7203703703703703 0.38958333333333334 0.7194444444444444 0.38958333333333334 0.7 0.4005208333333333 0.6981481481481482
0 0.49583333333333335 0.7203703703703703 0.49583333333333335 0.7092592592592593 0.5015625 0.7083333333333334 0.5020833333333333 0.7194444444444444 0.5145833333333333 0.7620370370370371 0.5140625 0.7694444444444445 0.5104166666666666 0.7685185185185185 0.49635416666666665 0.7203703703703703
0 0.49895833333333334 0.6268518518518519 0.5052083333333334 0.6305555555555555 0.5322916666666667 0.6296296296296297 0.5333333333333333 0.6416666666666667 0.5291666666666667 0.6444444444444445 0.5052083333333334 0.6444444444444445 0.4984375 0.6518518518518519 0.4942708333333333 0.637962962962963 0.4859375 0.6416666666666667 0.4828125 0.6398148148148148 0.48333333333333334 0.6287037037037037 0.4984375 0.6268518518518519
0 0.5651041666666666 0.7324074074074074 0.5671875 0.7398148148148148 0.565625 0.7481481481481481 0.5166666666666667 0.7537037037037037 0.5119791666666667 0.7518518518518519 0.5098958333333333 0.7453703703703703 0.5145833333333333 0.7388888888888889 0.521875 0.7398148148148148 0.5255208333333333 0.75 0.5296875 0.7509259259259259 0.5322916666666667 0.737037037037037 0.5348958333333333 0.7342592592592593 0.5645833333333333 0.7324074074074074
0 0.5505208333333333 0.7787037037037037 0.5515625 0.7833333333333333 0.5432291666666667 0.7916666666666666 0.5411458333333333 0.7898148148148149 0.5411458333333333 0.7805555555555556 0.55 0.7787037037037037
0 0.4390625 0.700925925925926 0.44635416666666666 0.7027777777777777 0.4473958333333333 0.7129629629629629 0.44583333333333336 0.7157407407407408 0.4244791666666667 0.7175925925925926 0.42239583333333336 0.7212962962962963 0.41875 0.7203703703703703 0.4171875 0.7157407407407408 0.41875 0.7 0.43854166666666666 0.700925925925926
2 0.5989583333333334 0.7083333333333334 0.6005208333333333 0.7138888888888889 0.5953125 0.7194444444444444 0.5875 0.7194444444444444 0.5838541666666667 0.7129629629629629 0.5885416666666666 0.7074074074074074 0.5984375 0.7083333333333334
2 0.47708333333333336 0.7527777777777778 0.4822916666666667 0.7611111111111111 0.4744791666666667 0.7638888888888888 0.46927083333333336 0.7620370370370371 0.46822916666666664 0.7574074074074074 0.4703125 0.7537037037037037 0.4765625 0.7527777777777778
2 0.484375 0.7759259259259259 0.00625 0.005555555555555556
2 0.6119791666666666 0.675 0.6130208333333333 0.6787037037037037 0.6098958333333333 0.6824074074074075 0.6046875 0.6824074074074075 0.6020833333333333 0.6777777777777778 0.6052083333333333 0.674074074074074 0.6114583333333333 0.675
2 0.5536458333333333 0.6583333333333333 0.55625 0.6611111111111111 0.5541666666666667 0.6666666666666666 0.5463541666666667 0.6648148148148149 0.546875 0.6601851851851852 0.553125 0.6583333333333333
2 0.6682291666666667 0.6268518518518519 0.6708333333333333 0.6296296296296297 0.6708333333333333 0.6333333333333333 0.6619791666666667 0.6388888888888888 0.6567708333333333 0.6370370370370371 0.6552083333333333 0.6333333333333333 0.65625 0.6296296296296297 0.6677083333333333 0.6268518518518519
2 0.4739583333333333 0.6546296296296297 0.4796875 0.6555555555555556 0.47760416666666666 0.6592592592592592 0.4739583333333333 0.6555555555555556
2 0.41510416666666666 0.6166666666666667 0.4197916666666667 0.6157407407407407 0.42135416666666664 0.6185185185185185 0.4161458333333333 0.6212962962962963 0.41510416666666666 0.6175925925925926
2 0.41510416666666666 0.7592592592592593 0.41770833333333335 0.7611111111111111 0.4161458333333333 0.7666666666666667 0.409375 0.7648148148148148 0.41041666666666665 0.7601851851851852 0.41458333333333336 0.7592592592592593
2 0.43385416666666665 0.6333333333333333 0.4421875 0.6398148148148148 0.44166666666666665 0.6453703703703704 0.43697916666666664 0.649074074074074 0.42916666666666664 0.649074074074074 0.4234375 0.6435185185185185 0.4244791666666667 0.6370370370370371 0.43333333333333335 0.6333333333333333
2 0.5729166666666666 0.7666666666666667 0.5791666666666667 0.7675925925925926 0.578125 0.7712962962962963 0.5739583333333333 0.7712962962962963 0.5729166666666666 0.7675925925925926
2 0.44947916666666665 0.6592592592592592 0.4510416666666667 0.6611111111111111 0.44895833333333335 0.6666666666666666 0.4427083333333333 0.6666666666666666 0.440625 0.6638888888888889 0.44166666666666665 0.6592592592592592 0.44895833333333335 0.6592592592592592
2 0.4078125 0.6638888888888889 0.409375 0.6675925925925926 0.4078125 0.6703703703703704 0.40260416666666665 0.6703703703703704 0.4010416666666667 0.6675925925925926 0.40260416666666665 0.6638888888888889 0.40729166666666666 0.6638888888888889
2 0.5807291666666666 0.6638888888888889 0.5869791666666667 0.6648148148148149 0.5848958333333333 0.6685185185185185 0.58125 0.6675925925925926 0.5807291666666666 0.6648148148148149
2 0.5755208333333334 0.6407407407407407 0.5828125 0.6453703703703704 0.5822916666666667 0.6509259259259259 0.5776041666666667 0.6546296296296297 0.5671875 0.6537037037037037 0.5640625 0.6481481481481481 0.5671875 0.6425925925925926 0.575 0.6407407407407407
2 0.6151041666666667 0.6194444444444445 0.615625 0.6231481481481481 0.6140625 0.625 0.6098958333333333 0.6240740740740741 0.609375 0.6203703703703703 0.6145833333333334 0.6194444444444445
2 0.5739583333333333 0.6888888888888889 0.5765625 0.6962962962962963 0.5708333333333333 0.7018518518518518 0.5619791666666667 0.6990740740740741 0.5614583333333333 0.6925925925925925 0.5640625 0.6888888888888889 0.5734375 0.6888888888888889
2 0.4322916666666667 0.7666666666666667 0.4359375 0.7685185185185185 0.43645833333333334 0.7722222222222223 0.4317708333333333 0.7768518518518519 0.421875 0.7731481481481481 0.4234375 0.7675925925925926 0.4317708333333333 0.7666666666666667
2 0.6229166666666667 0.7425925925925926 0.6260416666666667 0.7435185185185185 0.6270833333333333 0.7481481481481481 0.6223958333333334 0.7527777777777778 0.6151041666666667 0.7527777777777778 0.6114583333333333 0.7490740740740741 0.6140625 0.7444444444444445 0.6223958333333334 0.7425925925925926
2 0.6458333333333334 0.6472222222222223 0.6473958333333333 0.6546296296296297 0.640625 0.6601851851851852 0.6317708333333333 0.6592592592592592 0.6291666666666667 0.6564814814814814 0.6291666666666667 0.6509259259259259 0.6359375 0.6462962962962963 0.6453125 0.6472222222222223
2 0.5192708333333333 0.7787037037037037 0.5208333333333334 0.7824074074074074 0.51875 0.7851851851851852 0.5125 0.7833333333333333 0.5140625 0.7787037037037037 0.51875 0.7787037037037037
1 0.9359375 0.6129629629629629 0.9432291666666667 0.6138888888888889 0.9473958333333333 0.6222222222222222 0.9473958333333333 0.6435185185185185 0.9458333333333333 0.6472222222222223 0.9390625 0.6509259259259259 0.9307291666666667 0.6481481481481481 0.9244791666666666 0.6314814814814815 0.9265625 0.6157407407407407 0.9354166666666667 0.6129629629629629
1 0.8401041666666667 0.4148148148148148 0.8442708333333333 0.425 0.8489583333333334 0.4740740740740741 0.8546875 0.49537037037037035 0.853125 0.5037037037037037 0.8432291666666667 0.5185185185185185 0.8447916666666667 0.5324074074074074 0.8432291666666667 0.5425925925925926 0.8359375 0.549074074074074 0.8307291666666666 0.5444444444444444 0.8255208333333334 0.5268518518518519 0.8130208333333333 0.5222222222222223 0.809375 0.5157407407407407 0.80625 0.4842592592592593 0.7984375 0.4527777777777778 0.7979166666666667 0.44166666666666665 0.8036458333333333 0.43148148148148147 0.8166666666666667 0.4212962962962963 0.8333333333333334 0.41388888888888886 0.8395833333333333 0.4148148148148148
1 0.9182291666666667 0.5212962962962963 0.9229166666666667 0.5287037037037037 0.9302083333333333 0.5574074074074075 0.9369791666666667 0.5962962962962963 0.9369791666666667 0.6027777777777777 0.934375 0.6101851851851852 0.9234375 0.6138888888888889 0.9125 0.6138888888888889 0.9098958333333333 0.6111111111111112 0.9088541666666666 0.5972222222222222 0.8984375 0.5425925925925926 0.8989583333333333 0.5324074074074074 0.903125 0.525 0.9088541666666666 0.5212962962962963 0.9177083333333333 0.5212962962962963
1 0.9364583333333333 0.5370370370370371 0.9390625 0.5425925925925926 0.9411458333333333 0.5592592592592592 0.95 0.5962962962962963 0.9484375 0.6055555555555555 0.9416666666666667 0.6111111111111112 0.934375 0.6101851851851852 0.9375 0.5990740740740741 0.9302083333333333 0.5555555555555556 0.9255208333333333 0.5425925925925926 0.9260416666666667 0.5370370370370371 0.9359375 0.5370370370370371
1 0.2791666666666667 0.6796296296296296 0.29583333333333334 0.6805555555555556 0.2984375 0.6851851851851852 0.296875 0.7064814814814815 0.29322916666666665 0.7240740740740741 0.29270833333333335 0.7648148148148148 0.28541666666666665 0.7777777777777778 0.2838541666666667 0.7870370370370371 0.28020833333333334 0.7907407407407407 0.27395833333333336 0.7898148148148149 0.26927083333333335 0.7675925925925926 0.275 0.7166666666666667 0.2755208333333333 0.6888888888888889 0.2765625 0.6824074074074075 0.2786458333333333 0.6805555555555556
1 0.8973958333333333 0.5453703703703704 0.9020833333333333 0.5638888888888889 0.9088541666666666 0.612037037037037 0.9125 0.6157407407407407 0.921875 0.6157407407407407 0.9234375 0.6212962962962963 0.9234375 0.6268518518518519 0.9177083333333333 0.6324074074074074 0.9041666666666667 0.6370370370370371 0.8979166666666667 0.6351851851851852 0.8958333333333334 0.6314814814814815 0.8916666666666667 0.5990740740740741 0.884375 0.562962962962963 0.8859375 0.5518518518518518 0.8916666666666667 0.5462962962962963 0.896875 0.5453703703703704
1 0.8010416666666667 0.47129629629629627 0.8041666666666667 0.4777777777777778 0.8072916666666666 0.49444444444444446 0.8083333333333333 0.5148148148148148 0.8140625 0.524074074074074 0.8255208333333334 0.5287037037037037 0.8322916666666667 0.549074074074074 0.8375 0.55 0.8416666666666667 0.5462962962962963 0.8442708333333333 0.5416666666666666 0.8458333333333333 0.5287037037037037 0.8604166666666667 0.5388888888888889 0.8598958333333333 0.55 0.8427083333333333 0.5638888888888889 0.8203125 0.5509259259259259 0.8114583333333333 0.5333333333333333 0.8036458333333333 0.5231481481481481 0.7979166666666667 0.5018518518518519 0.7973958333333333 0.48703703703703705 0.8005208333333333 0.47129629629629627
1 0.3140625 0.6805555555555556 0.315625 0.6824074074074075 0.31666666666666665 0.7 0.3145833333333333 0.7453703703703703 0.31197916666666664 0.7648148148148148 0.3078125 0.7796296296296297 0.3067708333333333 0.7935185185185185 0.3046875 0.7962962962962963 0.29791666666666666 0.7953703703703704 0.29583333333333334 0.7907407407407407 0.296875 0.7759259259259259 0.2942708333333333 0.7583333333333333 0.2942708333333333 0.725925925925926 0.3 0.6842592592592592 0.3026041666666667 0.6805555555555556 0.31354166666666666 0.6805555555555556
1 0.975 0.6074074074074074 0.9770833333333333 0.6092592592592593 0.9802083333333333 0.6324074074074074 0.9864583333333333 0.65 0.9864583333333333 0.6564814814814814 0.9838541666666667 0.6611111111111111 0.9770833333333333 0.6657407407407407 0.9651041666666667 0.6638888888888889 0.9578125 0.6194444444444445 0.9588541666666667 0.6129629629629629 0.9635416666666666 0.6092592592592593 0.9744791666666667 0.6074074074074074
1 0.8666666666666667 0.425 0.8703125 0.42962962962962964 0.8729166666666667 0.4388888888888889 0.8786458333333333 0.4861111111111111 0.8770833333333333 0.49907407407407406 0.8708333333333333 0.5101851851851852 0.8697916666666666 0.5388888888888889 0.8661458333333333 0.5453703703703704 0.8578125 0.5259259259259259 0.8536458333333333 0.5092592592592593 0.8552083333333333 0.4925925925925926 0.8484375 0.46574074074074073 0.8458333333333333 0.43703703703703706 0.846875 0.42592592592592593 0.8661458333333333 0.425
1 0.925 0.6305555555555555 0.9322916666666666 0.6527777777777778 0.9322916666666666 0.6620370370370371 0.9286458333333333 0.6675925925925926 0.9197916666666667 0.6712962962962963 0.9109375 0.6666666666666666 0.9088541666666666 0.6370370370370371 0.9213541666666667 0.6296296296296297 0.9244791666666666 0.6305555555555555