0 0.6739583333333333 0.4074074074074074 0.6786458333333333 0.41203703703703703 0.6765625 0.4185185185185185 0.6755208333333333 0.5138888888888888 0.6734375 0.524074074074074 0.6703125 0.524074074074074 0.66875 0.5175925925925926 0.6697916666666667 0.4101851851851852 0.6734375 0.4074074074074074
0 0.615625 0.09166666666666666 0.6203125 0.09814814814814815 0.6213541666666667 0.10555555555555556 0.6151041666666667 0.11851851851851852 0.6098958333333333 0.1388888888888889 0.6067708333333334 0.14166666666666666 0.6026041666666667 0.1388888888888889 0.6020833333333333 0.1287037037037037 0.60625 0.11388888888888889 0.6078125 0.09722222222222222 0.6114583333333333 0.09166666666666666 0.6151041666666667 0.09166666666666666
0 0.6932291666666667 0.23333333333333334 0.6994791666666667 0.24166666666666667 0.6994791666666667 0.2462962962962963 0.696875 0.25092592592592594 0.6932291666666667 0.25 0.6895833333333333 0.24166666666666667 0.6890625 0.23333333333333334 0.6927083333333334 0.23333333333333334
0 0.6890625 0.5907407407407408 0.6901041666666666 0.6111111111111112 0.6885416666666667 0.6129629629629629 0.6822916666666666 0.6083333333333333 0.684375 0.5935185185185186 0.6885416666666667 0.5907407407407408
0 0.65625 0.4527777777777778 0.6635416666666667 0.48055555555555557 0.6682291666666667 0.4888888888888889 0.6671875 0.49907407407407406 0.6598958333333333 0.5046296296296297 0.6541666666666667 0.4981481481481482 0.646875 0.4601851851851852 0.6489583333333333 0.4527777777777778 0.6557291666666667 0.4527777777777778
0 0.6473958333333333 0.2675925925925926 0.6489583333333333 0.2740740740740741 0.6489583333333333 0.2953703703703704 0.6520833333333333 0.30833333333333335 0.6510416666666666 0.31203703703703706 0.6453125 0.3148148148148148 0.6390625 0.31203703703703706 0.6380208333333334 0.30277777777777776 0.6401041666666667 0.2935185185185185 0.6411458333333333 0.27037037037037037 0.64375 0.26666666666666666 0.646875 0.2675925925925926
0 0.6 0.20277777777777778 0.6078125 0.20277777777777778 0.6098958333333333 0.2074074074074074 0.6072916666666667 0.225 0.6072916666666667 0.25 0.603125 0.2537037037037037 0.6005208333333333 0.24537037037037038 0.6 0.2037037037037037
0 0.6848958333333334 0.549074074074074 0.6875 0.5527777777777778 0.6875 0.5592592592592592 0.684375 0.5638888888888889 0.6791666666666667 0.5592592592592592 0.6791666666666667 0.5518518518518518 0.684375 0.549074074074074
0 0.6375 0.38981481481481484 0.6390625 0.3925925925925926 0.6401041666666667 0.5083333333333333 0.6421875 0.5157407407407407 0.6401041666666667 0.5194444444444445 0.6338541666666667 0.5194444444444445 0.6322916666666667 0.5166666666666667 0.6322916666666667 0.3925925925925926 0.6338541666666667 0.3888888888888889 0.6369791666666667 0.38981481481481484
0 0.7005208333333334 0.36574074074074076 0.7026041666666667 0.37037037037037035 0.703125 0.40370370370370373 0.7057291666666666 0.40925925925925927 0.703125 0.4166666666666667 0.69375 0.4166666666666667 0.6911458333333333 0.4111111111111111 0.6932291666666667 0.3675925925925926 0.7 0.36574074074074076
0 0.6973958333333333 0.30648148148148147 0.6979166666666666 0.31203703703703706 0.6947916666666667 0.31851851851851853 0.6942708333333333 0.3574074074074074 0.6921875 0.36574074074074076 0.6864583333333333 0.362962962962963 0.6875 0.31851851851851853 0.6859375 0.3101851851851852 0.6885416666666667 0.3055555555555556 0.696875 0.30648148148148147
0 0.6697916666666667 0.6342592592592593 0.671875 0.6388888888888888 0.6713541666666667 0.6435185185185185 0.6666666666666666 0.65 0.6588541666666666 0.6509259259259259 0.6541666666666667 0.6453703703703704 0.65625 0.6231481481481481 0.6515625 0.587037037037037 0.6515625 0.5777777777777777 0.6541666666666667 0.5740740740740741 0.6598958333333333 0.5740740740740741 0.6614583333333334 0.5777777777777777 0.665625 0.6222222222222222 0.6692708333333334 0.6342592592592593
2 0.6510416666666666 0.23564814814814813 0.008333333333333333 0.028703703703703703
2 0.6583333333333333 0.324537037037037 0.009375 0.03425925925925926
2 0.5828125 0.48148148148148145 0.5864583333333333 0.4842592592592593 0.5890625 0.49166666666666664 0.5895833333333333 0.5055555555555555 0.5869791666666667 0.5185185185185185 0.5822916666666667 0.5212962962962963 0.578125 0.5101851851851852 0.578125 0.49074074074074076 0.5796875 0.4842592592592593 0.5822916666666667 0.4824074074074074
2 0.64375 0.36018518518518516 0.646875 0.3648148148148148 0.6458333333333334 0.37222222222222223 0.6401041666666667 0.36944444444444446 0.6401041666666667 0.3611111111111111 0.6432291666666666 0.36018518518518516
2 0.6572916666666667 0.3787037037037037 0.6588541666666666 0.3814814814814815 0.6572916666666667 0.3925925925925926 0.6552083333333333 0.3907407407407407 0.6541666666666667 0.3824074074074074 0.6567708333333333 0.3787037037037037
2 0.5807291666666666 0.07314814814814814 0.5838541666666667 0.07777777777777778 0.5864583333333333 0.08981481481481482 0.5859375 0.10833333333333334 0.5828125 0.11481481481481481 0.5791666666666667 0.11388888888888889 0.5770833333333333 0.10925925925925926 0.5739583333333333 0.09074074074074075 0.5755208333333334 0.07592592592592592 0.578125 0.07222222222222222 0.5802083333333333 0.07314814814814814
2 0.6447916666666667 0.34444444444444444 0.6463541666666667 0.34814814814814815 0.6447916666666667 0.36203703703703705 0.6427083333333333 0.36203703703703705 0.640625 0.35648148148148145 0.6411458333333333 0.34629629629629627 0.6442708333333333 0.34444444444444444
2 0.6432291666666666 0.5472222222222223 0.6447916666666667 0.5518518518518518 0.6432291666666666 0.562962962962963 0.640625 0.562962962962963 0.6390625 0.5555555555555556 0.6395833333333333 0.5481481481481482 0.6427083333333333 0.5472222222222223
2 0.5885416666666666 0.5694444444444444 0.5890625 0.5814814814814815 0.5869791666666667 0.5824074074074074 0.5859375 0.5796296296296296 0.5859375 0.5712962962962963 0.5880208333333333 0.5703703703703704
2 0.6078125 0.47962962962962963 0.609375 0.48518518518518516 0.6067708333333334 0.49444444444444446 0.6041666666666666 0.4935185185185185 0.603125 0.48333333333333334 0.6041666666666666 0.47962962962962963 0.6072916666666667 0.47962962962962963
2 0.6098958333333333 0.21574074074074073 0.6140625 0.22685185185185186 0.6130208333333333 0.23796296296296296 0.6078125 0.23703703703703705 0.6072916666666667 0.22314814814814815 0.609375 0.21666666666666667
2 0.5963541666666666 0.6129629629629629 0.5994791666666667 0.6166666666666667 0.5994791666666667 0.6268518518518519 0.5963541666666666 0.6305555555555555 0.5947916666666667 0.6277777777777778 0.5942708333333333 0.6166666666666667 0.5958333333333333 0.6138888888888889
2 0.6619791666666667 0.5203703703703704 0.6635416666666667 0.525 0.6619791666666667 0.537962962962963 0.659375 0.5361111111111111 0.6583333333333333 0.5287037037037037 0.6588541666666666 0.5212962962962963 0.6614583333333334 0.5203703703703704
2 0.6078125 0.6555555555555556 0.6098958333333333 0.6620370370370371 0.6098958333333333 0.674074074074074 0.6083333333333333 0.6824074074074075 0.6046875 0.6861111111111111 0.6015625 0.6824074074074075 0.6005208333333333 0.6666666666666666 0.6041666666666666 0.6546296296296297 0.6072916666666667 0.6555555555555556
2 0.6901041666666666 0.4740740740740741 0.6921875 0.47962962962962963 0.6927083333333334 0.4925925925925926 0.6911458333333333 0.5 0.6885416666666667 0.5027777777777778 0.6854166666666667 0.4962962962962963 0.6848958333333334 0.48148148148148145 0.6875 0.47314814814814815 0.6895833333333333 0.4740740740740741
2 0.5869791666666667 0.4222222222222222 0.590625 0.42685185185185187 0.5927083333333333 0.4398148148148148 0.5916666666666667 0.4546296296296296 0.5880208333333333 0.46111111111111114 0.5822916666666667 0.4564814814814815 0.5802083333333333 0.4444444444444444 0.58125 0.42962962962962964 0.5838541666666667 0.42314814814814816 0.5864583333333333 0.4222222222222222
2 0.6020833333333333 0.3388888888888889 0.60625 0.34444444444444444 0.6078125 0.35185185185185186 0.6083333333333333 0.36203703703703705 0.60625 0.375 0.6020833333333333 0.3768518518518518 0.5979166666666667 0.3675925925925926 0.5973958333333333 0.34814814814814815 0.5989583333333334 0.3416666666666667 0.6015625 0.3398148148148148
2 0.5880208333333333 0.287962962962963 0.5921875 0.30277777777777776 0.5921875 0.31666666666666665 0.5885416666666666 0.32685185185185184 0.5838541666666667 0.32407407407407407 0.5802083333333333 0.30925925925925923 0.5817708333333333 0.29074074074074074 0.584375 0.28703703703703703 0.5875 0.287962962962963
2 0.6359375 0.3138888888888889 0.6375 0.31851851851851853 0.6359375 0.3287037037037037 0.6328125 0.32314814814814813 0.6328125 0.31851851851851853 0.6354166666666666 0.3138888888888889
1 0.6489583333333333 0.8527777777777777 0.6583333333333333 0.8583333333333333 0.7005208333333334 0.8703703703703703 0.7041666666666667 0.8796296296296297 0.7119791666666667 0.8861111111111111 0.7125 0.8962962962962963 0.7109375 0.9046296296296297 0.7020833333333333 0.9046296296296297 0.6973958333333333 0.9111111111111111 0.6744791666666666 0.9046296296296297 0.665625 0.899074074074074 0.64375 0.8953703703703704 0.6432291666666666 0.8546296296296296 0.6484375 0.8527777777777777
1 0.6625 0.8166666666666667 0.6942708333333333 0.825925925925926 0.7140625 0.8379629629629629 0.715625 0.8407407407407408 0.715625 0.8555555555555555 0.7140625 0.8592592592592593 0.7046875 0.8574074074074074 0.69375 0.8648148148148148 0.6578125 0.8564814814814815 0.6453125 0.8490740740740741 0.6432291666666666 0.8416666666666667 0.64375 0.8222222222222222 0.6453125 0.8194444444444444 0.6619791666666667 0.8166666666666667