0 0.37890625 0.26805555555555555 0.018229166666666668 0.06388888888888888
0 0.38229166666666664 0.05925925925925926 0.3885416666666667 0.06481481481481481 0.3885416666666667 0.0712962962962963 0.36614583333333334 0.1648148148148148 0.36041666666666666 0.175 0.35833333333333334 0.17222222222222222 0.35833333333333334 0.1648148148148148 0.37864583333333335 0.07407407407407407 0.37864583333333335 0.06296296296296296 0.38177083333333334 0.05925925925925926
0 0.35052083333333334 0.5175925925925926 0.35104166666666664 0.525 0.34270833333333334 0.5370370370370371 0.3390625 0.5333333333333333 0.3385416666666667 0.5259259259259259 0.35 0.5175925925925926
0 0.31927083333333334 0.19814814814814816 0.32083333333333336 0.20925925925925926 0.31927083333333334 0.22314814814814815 0.31875 0.3074074074074074 0.315625 0.3148148148148148 0.3125 0.31203703703703706 0.3151041666666667 0.21944444444444444 0.31354166666666666 0.2 0.31875 0.19814814814814816
0 0.39947916666666666 0.6287037037037037 0.4015625 0.6351851851851852 0.4015625 0.6444444444444445 0.396875 0.6527777777777778 0.390625 0.6481481481481481 0.37395833333333334 0.649074074074074 0.371875 0.6453703703703704 0.371875 0.6388888888888888 0.37395833333333334 0.6351851851851852 0.38958333333333334 0.6333333333333333 0.3958333333333333 0.6277777777777778 0.39895833333333336 0.6287037037037037
0 0.31197916666666664 0.5416666666666666 0.3145833333333333 0.5527777777777778 0.3140625 0.562962962962963 0.31197916666666664 0.5666666666666667 0.303125 0.562962962962963 0.27395833333333336 0.5638888888888889 0.271875 0.5592592592592592 0.27239583333333334 0.5518518518518518 0.27447916666666666 0.549074074074074 0.30052083333333335 0.5481481481481482 0.309375 0.5407407407407407 0.31145833333333334 0.5416666666666666
0 0.3578125 0.3861111111111111 0.35989583333333336 0.3888888888888889 0.36041666666666666 0.39537037037037037 0.35625 0.4027777777777778 0.3515625 0.3990740740740741 0.35104166666666664 0.3907407407407407 0.3536458333333333 0.3861111111111111 0.3572916666666667 0.3861111111111111
0 0.4041666666666667 0.14351851851851852 0.40625 0.14722222222222223 0.4114583333333333 0.17592592592592593 0.4119791666666667 0.18333333333333332 0.40989583333333335 0.18888888888888888 0.40520833333333334 0.18703703703703703 0.4015625 0.1675925925925926 0.3963541666666667 0.1537037037037037 0.39791666666666664 0.14537037037037037 0.4036458333333333 0.14351851851851852
0 0.4041666666666667 0.4064814814814815 0.409375 0.41203703703703703 0.40989583333333335 0.41759259259259257 0.40625 0.4305555555555556 0.40572916666666664 0.45185185185185184 0.40208333333333335 0.45925925925925926 0.3984375 0.45925925925925926 0.3958333333333333 0.4546296296296296 0.396875 0.4222222222222222 0.39479166666666665 0.4111111111111111 0.39739583333333334 0.4074074074074074 0.4036458333333333 0.4064814814814815
0 0.3411458333333333 0.2759259259259259 0.3421875 0.28703703703703703 0.32447916666666665 0.3074074074074074 0.3203125 0.30648148148148147 0.31875 0.30092592592592593 0.31927083333333334 0.29074074074074074 0.33645833333333336 0.275 0.340625 0.2759259259259259
0 0.3416666666666667 0.1814814814814815 0.346875 0.18796296296296297 0.35208333333333336 0.22592592592592592 0.35104166666666664 0.23333333333333334 0.346875 0.23796296296296296 0.34010416666666665 0.23703703703703705 0.3359375 0.22685185185185186 0.3375 0.22037037037037038 0.3359375 0.18796296296296297 0.3375 0.1824074074074074 0.3411458333333333 0.1814814814814815
0 0.3609375 0.2777777777777778 0.3625 0.28055555555555556 0.36354166666666665 0.2972222222222222 0.3619791666666667 0.3037037037037037 0.35625 0.3037037037037037 0.3546875 0.30092592592592593 0.35625 0.2824074074074074 0.3578125 0.2777777777777778 0.36041666666666666 0.2777777777777778
2 0.35625 0.4111111111111111 0.3578125 0.4212962962962963 0.35572916666666665 0.42962962962962964 0.35208333333333336 0.42592592592592593 0.35208333333333336 0.41574074074074074 0.35572916666666665 0.4111111111111111
2 0.3463541666666667 0.37222222222222223 0.34739583333333335 0.3814814814814815 0.3453125 0.3851851851851852 0.34270833333333334 0.38055555555555554 0.34270833333333334 0.37407407407407406 0.3458333333333333 0.37222222222222223
2 0.34427083333333336 0.32083333333333336 0.009375 0.032407407407407406
2 0.36822916666666666 0.5546296296296296 0.3697916666666667 0.562962962962963 0.36770833333333336 0.5685185185185185 0.3651041666666667 0.5657407407407408 0.3651041666666667 0.5564814814814815 0.36770833333333336 0.5546296296296296
2 0.35052083333333334 0.5166666666666667 0.35208333333333336 0.5222222222222223 0.35052083333333334 0.5268518518518519 0.34375 0.5361111111111111 0.3390625 0.5333333333333333 0.3385416666666667 0.5259259259259259 0.35 0.5166666666666667
2 0.4078125 0.31574074074074077 0.4109375 0.32222222222222224 0.4114583333333333 0.33796296296296297 0.4088541666666667 0.3490740740740741 0.40572916666666664 0.3537037037037037 0.403125 0.3537037037037037 0.4005208333333333 0.3490740740740741 0.39947916666666666 0.337037037037037 0.4015625 0.32037037037037036 0.40729166666666666 0.31574074074074077
2 0.3546875 0.4935185185185185 0.35625 0.49722222222222223 0.3546875 0.5037037037037037 0.35208333333333336 0.49907407407407406 0.3541666666666667 0.4935185185185185
2 0.3770833333333333 0.4356481481481482 0.00625 0.019444444444444445
2 0.41458333333333336 0.5509259259259259 0.4171875 0.5583333333333333 0.41770833333333335 0.5722222222222222 0.41302083333333334 0.5833333333333334 0.4083333333333333 0.5768518518518518 0.40729166666666666 0.5611111111111111 0.40989583333333335 0.5509259259259259 0.4140625 0.5509259259259259
2 0.36770833333333336 0.44814814814814813 0.37135416666666665 0.44537037037037036 0.3734375 0.44814814814814813 0.3729166666666667 0.4546296296296296 0.37083333333333335 0.4564814814814815 0.3671875 0.45555555555555555 0.36770833333333336 0.44907407407407407
2 0.35260416666666666 0.6365740740740741 0.009375 0.03425925925925926
2 0.37604166666666666 0.4962962962962963 0.3796875 0.5064814814814815 0.3796875 0.5203703703703704 0.3765625 0.5314814814814814 0.3734375 0.5305555555555556 0.3703125 0.5175925925925926 0.371875 0.5 0.37552083333333336 0.4962962962962963
2 0.35885416666666664 0.387037037037037 0.36041666666666666 0.3907407407407407 0.35989583333333336 0.39814814814814814 0.35625 0.4027777777777778 0.35208333333333336 0.4 0.35104166666666664 0.3907407407407407 0.3541666666666667 0.3861111111111111 0.35833333333333334 0.387037037037037
2 0.3645833333333333 0.40925925925925927 0.36770833333333336 0.4287037037037037 0.365625 0.4388888888888889 0.3619791666666667 0.4444444444444444 0.35833333333333334 0.43703703703703706 0.3572916666666667 0.42592592592592593 0.35989583333333336 0.4111111111111111 0.3640625 0.40925925925925927
2 0.34791666666666665 0.45 0.3489583333333333 0.46111111111111114 0.346875 0.4675925925925926 0.34427083333333336 0.4648148148148148 0.34375 0.4537037037037037 0.34739583333333335 0.45
2 0.38828125 0.49444444444444446 0.005729166666666666 0.016666666666666666
2 0.38697916666666665 0.5027777777777778 0.38697916666666665 0.5101851851851852 0.3854166666666667 0.5120370370370371 0.38385416666666666 0.5083333333333333 0.384375 0.5037037037037037 0.38645833333333335 0.5027777777777778
2 0.35208333333333336 0.47685185185185186 0.3536458333333333 0.48055555555555557 0.353125 0.4888888888888889 0.35052083333333334 0.4898148148148148 0.3489583333333333 0.4861111111111111 0.3494791666666667 0.4787037037037037 0.3515625 0.4777777777777778
2 0.34479166666666666 0.4824074074074074 0.3463541666666667 0.4842592592592593 0.34479166666666666 0.49907407407407406 0.3411458333333333 0.4962962962962963 0.3416666666666667 0.4842592592592593 0.34427083333333336 0.4824074074074074
2 0.34427083333333336 0.4222222222222222 0.346875 0.4361111111111111 0.3458333333333333 0.44814814814814813 0.34270833333333334 0.4537037037037037 0.3385416666666667 0.44814814814814813 0.3375 0.4351851851851852 0.33958333333333335 0.42314814814814816 0.34375 0.4222222222222222
2 0.3229166666666667 0.3824074074074074 0.3255208333333333 0.39444444444444443 0.32395833333333335 0.40555555555555556 0.32135416666666666 0.4083333333333333 0.31875 0.40370370370370373 0.3182291666666667 0.39166666666666666 0.3223958333333333 0.3824074074074074
2 0.3697916666666667 0.5203703703703704 0.37395833333333334 0.5333333333333333 0.371875 0.5527777777777778 0.3697916666666667 0.5555555555555556 0.36614583333333334 0.5537037037037037 0.3640625 0.5453703703703704 0.3645833333333333 0.5277777777777778 0.3692708333333333 0.5212962962962963
1 0.3541666666666667 0.8518518518518519 0.35625 0.8555555555555555 0.3567708333333333 0.8861111111111111 0.3546875 0.8962962962962963 0.3416666666666667 0.8972222222222223 0.30104166666666665 0.9101851851851852 0.296875 0.9046296296296297 0.2890625 0.9046296296296297 0.2869791666666667 0.8962962962962963 0.2875 0.8861111111111111 0.29375 0.8814814814814815 0.30104166666666665 0.8666666666666667 0.3229166666666667 0.8629629629629629 0.3536458333333333 0.8527777777777777
1 0.34270833333333334 0.8166666666666667 0.3463541666666667 0.8203703703703704 0.3541666666666667 0.8203703703703704 0.35572916666666665 0.8240740740740741 0.35625 0.8398148148148148 0.3541666666666667 0.8490740740740741 0.3255208333333333 0.8611111111111112 0.3078125 0.8638888888888889 0.3020833333333333 0.8629629629629629 0.2947916666666667 0.8564814814814815 0.2859375 0.8601851851851852 0.2838541666666667 0.8555555555555555 0.28489583333333335 0.8388888888888889 0.3125 0.8222222222222222 0.3421875 0.8166666666666667