0 0.58125 0.5212962962962963 0.584375 0.525 0.5859375 0.5462962962962963 0.5796875 0.5481481481481482 0.5776041666666667 0.5453703703703704 0.5786458333333333 0.524074074074074 0.5807291666666666 0.5222222222222223
0 0.6286458333333333 0.30648148148148147 0.6322916666666667 0.3138888888888889 0.6322916666666667 0.32314814814814813 0.6234375 0.33611111111111114 0.5989583333333334 0.3990740740740741 0.5947916666666667 0.4027777777777778 0.5901041666666667 0.39814814814814814 0.5911458333333334 0.3851851851851852 0.615625 0.33055555555555555 0.6203125 0.3111111111111111 0.6239583333333333 0.3055555555555556 0.628125 0.30648148148148147
0 0.65 0.375 0.6520833333333333 0.38055555555555554 0.6494791666666667 0.387037037037037 0.6427083333333333 0.37962962962962965 0.6432291666666666 0.37222222222222223 0.6494791666666667 0.375
0 0.646875 0.42592592592592593 0.6505208333333333 0.42777777777777776 0.6557291666666667 0.4398148148148148 0.6557291666666667 0.44722222222222224 0.6536458333333334 0.45 0.6458333333333334 0.44814814814814813 0.6421875 0.4425925925925926 0.6411458333333333 0.42962962962962964 0.6463541666666667 0.42592592592592593
0 0.6609375 0.5416666666666666 0.6635416666666667 0.5453703703703704 0.6614583333333334 0.5527777777777778 0.6552083333333333 0.5518518518518518 0.6536458333333334 0.5462962962962963 0.6552083333333333 0.5425925925925926 0.6604166666666667 0.5416666666666666
0 0.6385416666666667 0.42685185185185187 0.6401041666666667 0.4287037037037037 0.6416666666666667 0.45 0.6421875 0.5009259259259259 0.64375 0.5083333333333333 0.6421875 0.5111111111111111 0.6369791666666667 0.5092592592592593 0.6354166666666666 0.43425925925925923 0.6359375 0.4287037037037037 0.6380208333333334 0.42685185185185187
0 0.6536458333333334 0.48518518518518516 0.6557291666666667 0.487962962962963 0.6552083333333333 0.5138888888888888 0.6432291666666666 0.5083333333333333 0.6432291666666666 0.4898148148148148 0.6458333333333334 0.4861111111111111 0.653125 0.48518518518518516
0 0.6244791666666667 0.462037037037037 0.6333333333333333 0.4898148148148148 0.6317708333333333 0.5009259259259259 0.6291666666666667 0.5009259259259259 0.6166666666666667 0.475 0.6171875 0.46574074074074073 0.6197916666666666 0.462037037037037 0.6239583333333333 0.462037037037037
0 0.596875 0.4148148148148148 0.6 0.42777777777777776 0.6020833333333333 0.45185185185185184 0.6010416666666667 0.4601851851851852 0.596875 0.4666666666666667 0.5916666666666667 0.4638888888888889 0.5880208333333333 0.43703703703703706 0.5838541666666667 0.42407407407407405 0.5875 0.4148148148148148 0.5963541666666666 0.4148148148148148
0 0.6322916666666667 0.5046296296296297 0.6375 0.5101851851851852 0.6458333333333334 0.5101851851851852 0.6557291666666667 0.5148148148148148 0.6598958333333333 0.5203703703703704 0.6583333333333333 0.525 0.6286458333333333 0.5185185185185185 0.6265625 0.5157407407407407 0.6260416666666667 0.5092592592592593 0.628125 0.5046296296296297 0.6317708333333333 0.5046296296296297
2 0.6484375 0.47129629629629627 0.65 0.4842592592592593 0.6458333333333334 0.487962962962963 0.64375 0.48703703703703705 0.6432291666666666 0.4824074074074074 0.6479166666666667 0.47129629629629627
2 0.6604166666666667 0.2675925925925926 0.6635416666666667 0.2796296296296296 0.6614583333333334 0.2935185185185185 0.659375 0.29259259259259257 0.6578125 0.2833333333333333 0.6583333333333333 0.27037037037037037 0.6598958333333333 0.2675925925925926
2 0.6088541666666667 0.537962962962963 0.6114583333333333 0.5398148148148149 0.6114583333333333 0.5453703703703704 0.609375 0.5472222222222223 0.6088541666666667 0.5388888888888889
2 0.6325520833333333 0.4722222222222222 0.0078125 0.027777777777777776
2 0.6348958333333333 0.575925925925926 0.6359375 0.587037037037037 0.6333333333333333 0.5851851851851851 0.634375 0.575925925925926
2 0.596875 0.4722222222222222 0.5994791666666667 0.47685185185185186 0.5989583333333334 0.48333333333333334 0.596875 0.48333333333333334 0.596875 0.47314814814814815
2 0.625 0.6527777777777778 0.6265625 0.6564814814814814 0.625 0.6657407407407407 0.6229166666666667 0.662962962962963 0.6244791666666667 0.6527777777777778
2 0.6307291666666667 0.44074074074074077 0.6328125 0.4388888888888889 0.6354166666666666 0.4425925925925926 0.6354166666666666 0.462037037037037 0.6338541666666667 0.46296296296296297 0.6302083333333334 0.462037037037037 0.6307291666666667 0.44166666666666665
2 0.6046875 0.4412037037037037 0.009375 0.030555555555555555
2 0.6484375 0.4148148148148148 0.00625 0.025925925925925925
2 0.640625 0.5527777777777778 0.6421875 0.5564814814814815 0.640625 0.5685185185185185 0.6385416666666667 0.5666666666666667 0.6385416666666667 0.5546296296296296 0.6401041666666667 0.5527777777777778
2 0.5833333333333334 0.5583333333333333 0.5854166666666667 0.5583333333333333 0.5854166666666667 0.5648148148148148 0.5833333333333334 0.5638888888888889 0.5833333333333334 0.5592592592592592
2 0.5796875 0.3175925925925926 0.5786458333333333 0.30925925925925923 0.58125 0.3111111111111111 0.5802083333333333 0.31666666666666665
1 0.6072916666666667 0.8240740740740741 0.6432291666666666 0.8296296296296296 0.6578125 0.8407407407407408 0.6651041666666667 0.8425925925925926 0.6666666666666666 0.8462962962962963 0.6651041666666667 0.8611111111111112 0.65625 0.8611111111111112 0.6427083333333333 0.8666666666666667 0.603125 0.8564814814814815 0.6015625 0.85 0.6015625 0.8296296296296296 0.6026041666666667 0.825 0.6067708333333334 0.8240740740740741
1 0.6083333333333333 0.8583333333333333 0.6244791666666667 0.8657407407407407 0.653125 0.8722222222222222 0.6567708333333333 0.8805555555555555 0.6630208333333333 0.8851851851851852 0.6640625 0.8935185185185185 0.6619791666666667 0.9037037037037037 0.6552083333333333 0.9037037037037037 0.6515625 0.9083333333333333 0.603125 0.8953703703703704 0.6015625 0.8916666666666667 0.6020833333333333 0.862037037037037 0.6078125 0.8583333333333333