0 0.6739583333333333 0.4759259259259259 0.6760416666666667 0.4861111111111111 0.6770833333333334 0.5814814814814815 0.6791666666666667 0.5879629629629629 0.6744791666666666 0.5925925925925926 0.6703125 0.5898148148148148 0.6692708333333334 0.5009259259259259 0.6697916666666667 0.4777777777777778 0.6734375 0.4759259259259259
0 0.6072916666666667 0.8583333333333333 0.6104166666666667 0.8611111111111112 0.615625 0.8814814814814815 0.621875 0.8944444444444445 0.6208333333333333 0.9018518518518519 0.6161458333333333 0.9083333333333333 0.6109375 0.9074074074074074 0.6072916666666667 0.899074074074074 0.6067708333333334 0.8861111111111111 0.6020833333333333 0.8675925925925926 0.603125 0.8611111111111112 0.6067708333333334 0.8583333333333333
0 0.6984375 0.75 0.7 0.7583333333333333 0.6927083333333334 0.7675925925925926 0.6895833333333333 0.7666666666666667 0.690625 0.7564814814814815 0.69375 0.75 0.6979166666666666 0.75
0 0.6901041666666666 0.38796296296296295 0.6895833333333333 0.40925925925925927 0.6864583333333333 0.40925925925925927 0.6828125 0.3990740740740741 0.6828125 0.39166666666666666 0.6848958333333334 0.38796296296296295 0.6895833333333333 0.38796296296296295
0 0.6604166666666667 0.49537037037037035 0.6677083333333333 0.5009259259259259 0.66875 0.5111111111111111 0.6640625 0.5194444444444445 0.6583333333333333 0.5453703703703704 0.6557291666666667 0.5481481481481482 0.6494791666666667 0.5472222222222223 0.6473958333333333 0.5398148148148149 0.6546875 0.5018518518518519 0.6598958333333333 0.49537037037037035
0 0.6479166666666667 0.6861111111111111 0.6515625 0.687962962962963 0.6526041666666667 0.6953703703703704 0.6494791666666667 0.7046296296296296 0.6494791666666667 0.725925925925926 0.646875 0.7333333333333333 0.6416666666666667 0.7296296296296296 0.6385416666666667 0.6916666666666667 0.640625 0.687037037037037 0.6473958333333333 0.6861111111111111
0 0.6057291666666667 0.7462962962962963 0.6078125 0.75 0.6078125 0.775 0.6104166666666667 0.7925925925925926 0.6083333333333333 0.7972222222222223 0.6052083333333333 0.7981481481481482 0.6015625 0.7981481481481482 0.5994791666666667 0.7935185185185185 0.6015625 0.7490740740740741 0.6052083333333333 0.7462962962962963
0 0.6807291666666667 0.43796296296296294 0.6848958333333334 0.4361111111111111 0.6880208333333333 0.44074074074074077 0.6864583333333333 0.45 0.68125 0.45092592592592595 0.6796875 0.44814814814814813 0.6807291666666667 0.4388888888888889
0 0.640625 0.48055555555555557 0.6427083333333333 0.4842592592592593 0.640625 0.49166666666666664 0.6401041666666667 0.5092592592592593 0.6395833333333333 0.6074074074074074 0.6348958333333333 0.6111111111111112 0.6328125 0.6074074074074074 0.6328125 0.48333333333333334 0.634375 0.48055555555555557 0.6401041666666667 0.48055555555555557
0 0.7036458333333333 0.5833333333333334 0.70625 0.5907407407407408 0.7036458333333333 0.5962962962962963 0.703125 0.6296296296296297 0.7010416666666667 0.6342592592592593 0.69375 0.6324074074074074 0.6916666666666667 0.5888888888888889 0.6942708333333333 0.5833333333333334 0.703125 0.5833333333333334
0 0.6921875 0.6648148148148149 0.0125 0.06111111111111111
0 0.6645833333333333 0.3490740740740741 0.6708333333333333 0.3537037037037037 0.6723958333333333 0.3611111111111111 0.6666666666666666 0.37407407407407406 0.6635416666666667 0.4101851851851852 0.6604166666666667 0.42592592592592593 0.6546875 0.42592592592592593 0.6520833333333333 0.4222222222222222 0.6567708333333333 0.3768518518518518 0.6546875 0.35462962962962963 0.6578125 0.35 0.6640625 0.3490740740740741
2 0.6515625 0.75 0.6536458333333334 0.7518518518518519 0.6552083333333333 0.7601851851851852 0.6541666666666667 0.774074074074074 0.6494791666666667 0.7777777777777778 0.6473958333333333 0.7703703703703704 0.6479166666666667 0.7583333333333333 0.6510416666666666 0.7509259259259259
2 0.659375 0.6583333333333333 0.6630208333333333 0.6694444444444444 0.6614583333333334 0.687962962962963 0.6567708333333333 0.6916666666666667 0.6541666666666667 0.6842592592592592 0.6546875 0.6675925925925926 0.65625 0.6611111111111111 0.6588541666666666 0.6592592592592592
2 0.5869791666666667 0.48055555555555557 0.5895833333333333 0.4898148148148148 0.5901041666666667 0.5037037037037037 0.5880208333333333 0.5138888888888888 0.5833333333333334 0.5185185185185185 0.5796875 0.5138888888888888 0.578125 0.49537037037037035 0.5802083333333333 0.4824074074074074 0.5828125 0.4787037037037037 0.5864583333333333 0.48055555555555557
2 0.6463541666666667 0.6277777777777778 0.6473958333333333 0.6351851851851852 0.6442708333333333 0.6398148148148148 0.640625 0.6388888888888888 0.640625 0.6305555555555555 0.6458333333333334 0.6277777777777778
2 0.6567708333333333 0.6148148148148148 0.005208333333333333 0.014814814814814815
2 0.58046875 0.9069444444444444 0.013020833333333334 0.04351851851851852
2 0.6453125 0.637962962962963 0.646875 0.6518518518518519 0.6442708333333333 0.6564814814814814 0.6416666666666667 0.6537037037037037 0.6411458333333333 0.6435185185185185 0.6447916666666667 0.637962962962963
2 0.6421875 0.44583333333333336 0.00625 0.017592592592592594
2 0.5890625 0.4305555555555556 0.5864583333333333 0.4287037037037037 0.5869791666666667 0.4185185185185185 0.5890625 0.41759259259259257 0.5901041666666667 0.4203703703703704 0.5895833333333333 0.42962962962962964
2 0.6046875 0.5064814814814815 0.6083333333333333 0.5064814814814815 0.6098958333333333 0.5148148148148148 0.6083333333333333 0.5203703703703704 0.6046875 0.5203703703703704 0.6046875 0.5074074074074074
2 0.6114583333333333 0.7611111111111111 0.6140625 0.7638888888888888 0.6145833333333334 0.7731481481481481 0.6104166666666667 0.7842592592592592 0.6083333333333333 0.7814814814814814 0.6078125 0.7666666666666667 0.6109375 0.7611111111111111
2 0.596875 0.36944444444444446 0.6 0.3731481481481482 0.5994791666666667 0.3851851851851852 0.596875 0.387037037037037 0.5947916666666667 0.38333333333333336 0.5963541666666666 0.37037037037037035
2 0.6611979166666667 0.47175925925925927 0.005729166666666666 0.019444444444444445
2 0.6052083333333333 0.3138888888888889 0.6098958333333333 0.32222222222222224 0.609375 0.3425925925925926 0.6046875 0.3453703703703704 0.6015625 0.337037037037037 0.6010416666666667 0.32407407407407407 0.6020833333333333 0.3175925925925926 0.6046875 0.3148148148148148
2 0.6890625 0.49722222222222223 0.6916666666666667 0.5 0.6932291666666667 0.5074074074074074 0.6916666666666667 0.524074074074074 0.6880208333333333 0.5268518518518519 0.6854166666666667 0.5185185185185185 0.6859375 0.5037037037037037 0.6885416666666667 0.4981481481481482
2 0.5895833333333333 0.5398148148148149 0.5921875 0.5453703703703704 0.5932291666666667 0.5601851851851852 0.5911458333333334 0.5731481481481482 0.5875 0.5777777777777777 0.5828125 0.5740740740740741 0.5807291666666666 0.5555555555555556 0.5828125 0.5435185185185185 0.5859375 0.5388888888888889 0.5890625 0.5398148148148149
2 0.6067708333333334 0.625 0.6088541666666667 0.637962962962963 0.6083333333333333 0.6481481481481481 0.6067708333333334 0.6555555555555556 0.6026041666666667 0.6611111111111111 0.5994791666666667 0.6583333333333333 0.5979166666666667 0.6518518518518519 0.5984375 0.6324074074074074 0.6026041666666667 0.6231481481481481 0.60625 0.625
2 0.5890625 0.6731481481481482 0.5927083333333333 0.6833333333333333 0.5927083333333333 0.6972222222222222 0.590625 0.7083333333333334 0.5875 0.7129629629629629 0.5822916666666667 0.7092592592592593 0.5807291666666666 0.6907407407407408 0.584375 0.6759259259259259 0.5885416666666666 0.6731481481481482
2 0.634375 0.6851851851851852 0.6333333333333333 0.6768518518518518 0.6348958333333333 0.6712962962962963 0.6380208333333334 0.675 0.6375 0.6842592592592592 0.6348958333333333 0.6851851851851852
1 0.6989583333333333 0.08981481481481482 0.7026041666666667 0.09537037037037037 0.7114583333333333 0.09537037037037037 0.7130208333333333 0.1037037037037037 0.7125 0.11388888888888889 0.7046875 0.12037037037037036 0.7010416666666667 0.12962962962962962 0.6588541666666666 0.14166666666666666 0.6463541666666667 0.14814814814814814 0.64375 0.14537037037037037 0.6442708333333333 0.10462962962962963 0.6661458333333333 0.10092592592592593 0.675 0.09537037037037037 0.6984375 0.08981481481481482
1 0.6973958333333333 0.1361111111111111 0.7052083333333333 0.1425925925925926 0.7145833333333333 0.14074074074074075 0.7161458333333334 0.14444444444444443 0.7161458333333334 0.15925925925925927 0.7145833333333333 0.16203703703703703 0.6947916666666667 0.17407407407407408 0.6630208333333333 0.18333333333333332 0.6458333333333334 0.18055555555555555 0.6442708333333333 0.17777777777777778 0.64375 0.15833333333333333 0.6458333333333334 0.15092592592592594 0.6583333333333333 0.14351851851851852 0.690625 0.13518518518518519 0.696875 0.1361111111111111